listing_id,positive,negative,rating
1000127,31,12,19
10005666,111,52,59
10006480,113,43,70
10006571,10,1,9
10008329,1,1,0
10008498,4,2,2
1000926,147,67,80
10009627,0,0,0
10009910,1,3,-2
10010088,3,3,0
10010607,124,41,83
10010616,0,0,0
10010974,6,1,5
10014542,6,3,3
10014693,21,4,17
10019856,124,47,77
1002115,562,104,458
10026158,3,1,2
10026201,3,2,1
10026841,23,9,14
10027007,1,1,0
10027526,3,3,0
10027611,1,0,1
1002787,353,87,266
10027962,37,19,18
10029797,22,5,17
10029997,4,0,4
10030343,3,0,3
10030865,0,0,0
10030879,422,122,300
10031152,100,31,69
10031256,18,9,9
100326,317,59,258
10033872,63,20,43
10034118,1,0,1
10035040,17,6,11
1003616,450,83,367
10036464,63,15,48
10036675,355,147,208
10036988,7,0,7
10037446,5,2,3
10038491,4,0,4
1003867,237,52,185
10039088,226,93,133
1003956,243,40,203
10039697,198,30,168
1004045,188,70,118
10044258,149,24,125
10045282,21,3,18
10046063,204,50,154
10046508,48,18,30
10047167,23,8,15
10047332,145,55,90
100479,15,1,14
10048821,76,33,43
10049050,27,6,21
10050767,3,1,2
10051141,210,82,128
10051499,53,22,31
10051800,17,13,4
10052001,54,12,42
10052143,37,21,16
10052571,15,9,6
10052924,118,28,90
10053570,268,77,191
10053985,5,5,0
10054563,29,11,18
10056599,58,18,40
10057670,1,0,1
10057863,101,22,79
10058571,63,19,44
10062135,383,101,282
1006267,372,90,282
10062924,52,30,22
10063501,234,69,165
10063534,21,4,17
10063603,89,26,63
10066719,5,0,5
10067495,15,1,14
10068016,13,2,11
10068573,307,54,253
10069438,392,86,306
10070333,47,4,43
10070749,56,11,45
10071368,4,1,3
10074263,8,11,-3
10079009,29,2,27
10079244,13,3,10
10079837,123,16,107
10079888,3,2,1
10080136,267,127,140
10082714,9,4,5
10083894,0,0,0
10083909,21,14,7
10087696,0,0,0
10087915,25,9,16
10088507,188,58,130
1008996,346,66,280
1009049,0,0,0
10092188,16,1,15
10094145,1,1,0
10095559,3,2,1
10096589,114,30,84
10097696,313,98,215
10098679,44,21,23
10099708,35,11,24
10100597,107,32,75
10102739,9,6,3
10103204,94,13,81
1010686,71,9,62
101083,251,95,156
10108819,29,11,18
10110483,3,1,2
10110536,14,5,9
1011062,247,32,215
10111163,17,6,11
10111500,302,36,266
10112506,67,18,49
10113249,34,8,26
10113708,0,0,0
10113732,44,9,35
10113846,45,19,26
10114201,2,2,0
10115358,15,8,7
1011777,108,22,86
10118813,56,28,28
1011983,196,61,135
10122135,208,48,160
10122544,34,13,21
10123472,9,1,8
10128178,11,3,8
10128245,232,83,149
10128582,49,16,33
10129040,0,1,-1
10130209,388,115,273
10130618,18,2,16
1013117,985,175,810
10131812,27,0,27
10131846,5,1,4
10131999,147,39,108
10133240,462,102,360
10133386,6,2,4
10133918,196,80,116
1013398,141,66,75
10135003,0,0,0
10136710,2,1,1
10136856,22,12,10
10138249,1,1,0
10139024,699,114,585
10139776,34,5,29
10140317,15,7,8
10145393,51,18,33
10145618,119,17,102
10146851,47,17,30
10147491,4,0,4
10149001,60,3,57
10149344,31,41,-10
10149626,10,2,8
10149724,23,8,15
10150297,66,16,50
10150315,1,1,0
10150560,23,27,-4
10150653,18,16,2
1015175,30,25,5
10152930,8,1,7
10154200,50,8,42
10154433,94,36,58
10155447,3,1,2
1015806,267,72,195
10159131,4,1,3
10159634,11,8,3
10160270,24,6,18
10161128,503,154,349
10161678,162,30,132
10162722,64,18,46
10162798,15,3,12
10163524,1,0,1
10163641,140,30,110
1016555,65,10,55
1016658,185,38,147
1016793,79,14,65
10169014,4,0,4
10170100,40,9,31
10171444,528,101,427
10173939,552,222,330
10174366,7,1,6
10175611,10,5,5
1018171,349,178,171
10182749,0,1,-1
10185159,231,45,186
10185703,48,2,46
1018624,23,9,14
1018626,265,82,183
10186640,276,37,239
10191747,12,1,11
10196949,163,58,105
10201140,7,2,5
10201471,17,7,10
10206241,13,5,8
10208185,133,21,112
10208193,6,4,2
1021525,75,22,53
10216172,4,2,2
10218056,15,0,15
10219867,58,8,50
10220394,93,30,63
10222320,29,27,2
10222786,15,9,6
10223445,6,2,4
10225090,4,2,2
1022977,374,153,221
1023255,161,46,115
102391,76,9,67
10239553,240,93,147
10242370,7,2,5
10244083,146,17,129
10245161,191,72,119
10245266,39,12,27
10246533,5,2,3
10247059,35,12,23
10252512,377,63,314
10256356,9,2,7
102565,941,351,590
1025710,397,74,323
10258151,26,12,14
10258154,2,0,2
10258261,25,17,8
10258657,3,0,3
10259809,33,4,29
10259817,1,0,1
10260835,4,0,4
10263031,38,17,21
10263869,125,45,80
10263900,9,1,8
10264136,85,36,49
10267469,119,27,92
10267966,41,11,30
10268530,18,3,15
10268676,21,5,16
10269152,13,1,12
10270276,104,34,70
10274171,207,46,161
10275317,48,19,29
10276227,0,0,0
10277306,8,3,5
10277639,79,19,60
10278317,43,12,31
10278486,12,1,11
10279056,18,2,16
10279290,1,1,0
1028013,136,50,86
10281626,62,15,47
10283784,7,3,4
10287438,72,26,46
1028784,591,128,463
10288282,107,36,71
10290133,168,62,106
10291282,99,13,86
10292096,253,104,149
10293188,461,72,389
10294813,689,187,502
10295371,405,150,255
10295703,322,53,269
10296630,33,16,17
10296887,65,37,28
10306935,50,16,34
10312928,2,0,2
10313583,9,0,9
10313606,235,29,206
10313679,1,0,1
10314009,7,1,6
1032090,152,56,96
10321823,125,37,88
10321944,23,11,12
10322681,7,0,7
10322846,28,2,26
10325545,73,9,64
10327012,6,1,5
10327325,84,35,49
10328522,28,12,16
10330638,26,11,15
10330642,288,48,240
10333052,5,2,3
10333795,238,45,193
10334000,0,0,0
1033448,14,8,6
10335126,77,16,61
10336564,199,106,93
10336601,10,10,0
10341160,10,7,3
1034281,153,50,103
1034548,4,4,0
10346208,1,0,1
10346528,140,51,89
10349880,43,6,37
10350394,4,0,4
10350641,0,0,0
10351053,45,11,34
10351152,313,81,232
10352128,81,15,66
10352597,3,0,3
10353324,121,15,106
1035339,402,172,230
10353709,31,11,20
10355208,271,88,183
10355508,81,28,53
10355698,153,42,111
10355803,100,48,52
10356018,406,66,340
10358269,175,43,132
10362333,7,4,3
10364231,19,11,8
10364825,11,6,5
10365290,13,2,11
10365530,405,71,334
103682,148,19,129
10372470,0,0,0
10372509,6,1,5
10373821,3,0,3
10375007,3,1,2
10375044,39,7,32
10376102,0,0,0
10376278,25,5,20
10376716,120,48,72
10376955,308,125,183
10377125,170,41,129
10382423,5,0,5
10383308,2,0,2
10385275,4,0,4
1039149,67,36,31
1039438,167,51,116
10396078,325,45,280
10397222,50,15,35
10397875,195,24,171
10398688,16,1,15
10398787,51,20,31
10399206,257,95,162
10399295,46,9,37
10399384,27,9,18
10399903,3,2,1
10399925,1,0,1
10400391,98,15,83
10400584,28,15,13
10401320,325,60,265
10404572,39,14,25
1040483,8,1,7
10404833,8,4,4
10407588,56,32,24
10408740,12,5,7
10413248,3,2,1
1041340,133,32,101
1041523,41,18,23
1041585,45,9,36
1042006,13,3,10
10420715,8,7,1
10420857,36,8,28
10423591,27,6,21
10424494,55,30,25
10426187,51,18,33
1042784,2,0,2
1042849,243,92,151
10429453,15,4,11
10430135,110,31,79
10431838,119,59,60
10431952,176,65,111
10432927,13,5,8
10432957,3,2,1
10433973,8,5,3
10434203,41,8,33
10434364,13,4,9
10434528,3,0,3
1043759,476,132,344
1044109,520,113,407
10443848,136,37,99
10445018,630,172,458
10447180,29,4,25
10448696,7,1,6
1044873,701,149,552
10449208,20,5,15
1044939,54,17,37
10452093,399,79,320
10459165,151,57,94
1046023,5,1,4
1046055,170,40,130
10462295,349,147,202
10462768,50,9,41
10463172,0,0,0
10463410,66,13,53
10463428,8,5,3
10463482,3,1,2
10463876,3,3,0
10467506,192,66,126
1046865,382,69,313
10468918,140,54,86
10469141,2,1,1
10469208,80,9,71
10469392,153,32,121
10469616,64,9,55
10470295,30,6,24
10471518,4,3,1
1047227,79,29,50
10472994,181,86,95
10473390,422,61,361
1047509,6,2,4
10482770,94,15,79
1048305,142,44,98
10484149,8,3,5
10484843,9,2,7
10484929,113,40,73
10486000,65,50,15
10486329,5,1,4
10486719,19,3,16
10488444,122,38,84
10489383,157,36,121
10489696,6,0,6
10490193,7,1,6
10490985,151,23,128
10491906,77,5,72
10492887,6,1,5
10494421,150,20,130
10496182,182,76,106
10496605,35,14,21
10496885,8,5,3
10498939,183,50,133
10503317,1,0,1
10506409,62,32,30
10507964,79,27,52
10509346,96,32,64
10510681,35,15,20
10513856,14,1,13
10516911,6,1,5
10517034,7,1,6
10519765,7,1,6
10519932,86,18,68
10524591,92,24,68
10530310,231,89,142
10532935,107,20,87
10534821,94,25,69
10535508,119,29,90
10537798,15,4,11
10538007,1,0,1
10538591,64,29,35
10539208,618,138,480
10540750,57,23,34
10540797,52,17,35
10542107,150,55,95
10542994,218,61,157
1054326,29,19,10
10546640,557,113,444
1054819,812,539,273
10548351,1,1,0
10548834,281,19,262
10549215,168,38,130
10554189,108,38,70
10556353,13,0,13
10557928,151,27,124
10558633,57,35,22
1056014,91,22,69
10560783,21,6,15
10562528,3,0,3
1056379,74,11,63
10566050,28,8,20
10570547,10,3,7
10570839,69,26,43
10571604,64,7,57
10578997,87,33,54
10580617,4,3,1
10581848,109,24,85
10582417,41,6,35
10583674,46,11,35
10584147,8,4,4
10584673,178,95,83
1058485,29,19,10
10584944,232,52,180
10585142,11,6,5
10587731,184,92,92
10588551,12,3,9
10589925,237,39,198
10590199,18,2,16
10590390,12,4,8
10591740,90,15,75
10591761,2,3,-1
10591870,266,117,149
10593244,34,12,22
10601450,322,59,263
10601670,57,9,48
10602230,3,2,1
10602537,3,1,2
10602685,70,30,40
10602928,65,21,44
10605155,1,0,1
10606553,3,2,1
10607603,32,18,14
10608097,10,1,9
1060899,194,72,122
10609252,35,12,23
10609756,163,31,132
10609922,97,39,58
10610665,10,0,10
10611252,14,3,11
10613105,1,0,1
10613361,53,9,44
10614855,56,8,48
10615155,7,7,0
10615546,106,29,77
10616242,14,3,11
10617016,64,8,56
10623067,117,58,59
10623199,211,27,184
10623801,77,7,70
10623886,100,35,65
10624049,135,29,106
10624153,6,1,5
10624347,18,7,11
10624568,27,8,19
10625033,66,7,59
1062549,150,61,89
10626833,87,34,53
10627738,36,21,15
10628261,7,4,3
10628833,3,1,2
10630111,3,1,2
1063188,281,90,191
10632432,3,0,3
106332,183,53,130
10641288,26,9,17
1064264,14,5,9
10642947,0,0,0
10642949,81,42,39
10643041,6,0,6
10645943,26,10,16
10645950,29,8,21
10646420,7,2,5
10646763,171,14,157
10647224,44,13,31
10647380,10,5,5
10647394,321,61,260
10647633,1,0,1
10647860,111,41,70
10648378,1,0,1
10648948,12,7,5
1065051,564,78,486
10651883,10,3,7
10652045,32,12,20
10653445,20,6,14
1065381,140,62,78
10654370,287,60,227
10655479,1,2,-1
10656109,203,38,165
10656153,17,6,11
1065997,174,92,82
1066230,217,39,178
10662395,10,10,0
10663302,172,31,141
10663357,19,3,16
10664781,251,40,211
10666112,122,26,96
10666345,11,4,7
10666349,87,61,26
10666636,76,41,35
10667558,20,1,19
10668806,288,66,222
10669247,53,19,34
10670288,132,25,107
10671046,123,11,112
10671506,5,0,5
10672949,3,0,3
10673094,83,32,51
10673696,11,3,8
10674837,46,15,31
10675259,63,27,36
10677537,26,3,23
1067936,708,141,567
10681236,114,28,86
10684867,378,80,298
10690326,19,3,16
10690503,121,21,100
10691133,0,0,0
10694086,377,63,314
10694475,14,3,11
10694903,0,0,0
10698388,34,4,30
10700213,28,21,7
10701265,4,1,3
10703552,35,6,29
10703672,24,14,10
107048,1164,238,926
10704858,79,26,53
107051,1236,239,997
10705728,48,6,42
10706762,287,77,210
1070928,129,32,97
1071184,265,59,206
10712002,7,0,7
10714376,16,0,16
10715548,5,2,3
10715631,6,1,5
10715865,21,13,8
10715882,211,39,172
10716759,11,4,7
10717102,10,9,1
10718173,0,0,0
10718829,52,9,43
10719397,217,67,150
10724626,32,7,25
10725563,38,14,24
10727593,17,4,13
10728129,12,1,11
10728724,63,10,53
10728795,6,2,4
10728937,35,16,19
10729284,145,33,112
10731309,15,4,11
10732756,42,6,36
10734396,252,69,183
10735129,171,43,128
1073554,16,4,12
10735914,6,3,3
10736115,202,55,147
10736658,87,34,53
10737171,73,22,51
10738413,179,55,124
10738431,54,18,36
10738478,3,0,3
10738655,136,25,111
10739468,425,118,307
10740132,11,0,11
10740331,47,6,41
10740342,11,8,3
10740459,16,6,10
10741015,7,3,4
1074208,764,133,631
10742335,13,7,6
10742636,8,0,8
10744191,0,0,0
10746808,53,13,40
10748886,15,5,10
10749070,86,24,62
10749542,71,14,57
10751874,5,1,4
10753232,2,0,2
1075496,19,10,9
10755482,65,13,52
10757481,5,3,2
10758924,127,19,108
10759786,25,4,21
10760704,58,28,30
10761585,672,185,487
10761622,416,116,300
10762870,362,107,255
10763729,145,44,101
10764277,138,56,82
10764562,16,4,12
10764641,27,11,16
10766030,84,23,61
10767575,8,0,8
10767687,14,1,13
10776144,34,6,28
10778211,174,31,143
10778641,136,64,72
10779174,52,13,39
10779673,1,0,1
10781766,78,28,50
10781941,1,0,1
10782552,2,1,1
10783580,1,0,1
10784732,18,3,15
10786108,5,2,3
10786250,251,66,185
1079410,262,35,227
10794406,45,27,18
10794957,12,1,11
10795114,12,6,6
10795727,25,7,18
10796015,22,3,19
10797230,370,146,224
10797502,32,5,27
10799172,52,11,41
10800017,9,1,8
1080216,42,2,40
10803132,28,6,22
10805394,13,6,7
10807035,14,1,13
10807296,138,39,99
10807878,15,2,13
10807880,57,6,51
10809349,48,19,29
10816925,60,4,56
10817450,100,28,72
10819279,10,4,6
10820297,206,99,107
10820505,335,60,275
10821575,67,17,50
1082236,201,54,147
10822651,7,1,6
10822758,16,3,13
10822914,163,29,134
10824050,4,0,4
10824732,48,25,23
10825607,237,68,169
10825709,11,3,8
10827526,82,14,68
10827805,45,21,24
10829028,26,6,20
10829418,19,5,14
10830111,12,10,2
10830597,7,5,2
10831061,20,11,9
10831889,4,0,4
10832179,48,10,38
10832905,3,0,3
10833014,679,214,465
10833620,52,7,45
10834228,156,50,106
10834921,241,26,215
1083702,554,146,408
10837216,34,7,27
10838390,92,44,48
10842149,10,4,6
10842872,135,29,106
10843846,74,7,67
10844314,5,3,2
10844942,0,0,0
10845726,1,0,1
10846111,138,46,92
10846860,304,79,225
10846942,0,0,0
10848865,209,90,119
10849213,10,2,8
10849284,0,0,0
1084968,447,218,229
1084977,66,35,31
10850068,1,0,1
10852104,3,0,3
10852341,27,6,21
108529,1169,349,820
10855370,3,0,3
108562,10,5,5
10857242,387,118,269
10860216,282,61,221
10860229,64,6,58
10867608,39,9,30
10868644,53,23,30
10869839,150,66,84
10870435,111,35,76
10871197,35,16,19
10871585,5,0,5
10871924,0,1,-1
10872289,2,0,2
10873795,1,4,-3
10874177,18,0,18
10875663,92,5,87
10876348,209,67,142
10877256,71,15,56
10878517,3,1,2
10879366,0,2,-2
10880018,9,6,3
10880757,54,19,35
10882709,9,1,8
10882913,5,3,2
10883583,173,34,139
10883667,9,10,-1
1088367,318,61,257
10883958,0,0,0
1088930,847,185,662
10890946,225,78,147
1089111,163,43,120
10891164,131,33,98
10891281,11,4,7
10892013,9,1,8
10892239,114,24,90
10892787,14,4,10
10893545,28,9,19
10894025,1,0,1
10894050,6,0,6
10894066,4,0,4
10895035,41,20,21
10895063,8,1,7
10895741,6,2,4
1089642,337,65,272
10896884,0,0,0
10897091,2,4,-2
10897236,38,11,27
10898416,12,6,6
10899042,86,10,76
10899173,4,1,3
10899317,2,0,2
10899414,7,0,7
10899590,12,6,6
10899695,1,0,1
10900099,300,96,204
10901249,0,0,0
10901674,45,7,38
10905478,4,2,2
10907174,7,1,6
10907577,1,0,1
10908371,4,3,1
1091147,33,3,30
10914038,0,0,0
10914098,7,2,5
10914221,9,3,6
10914507,4,2,2
10916272,5,0,5
10916430,172,58,114
10916750,213,60,153
10917614,3,0,3
10917974,60,19,41
10918655,45,16,29
10918735,18,7,11
10918854,136,31,105
10918871,1,0,1
10919209,13,5,8
10919780,119,37,82
10920533,81,13,68
10920850,133,37,96
10920903,1,0,1
109226,20,4,16
10923997,14,5,9
10924783,119,27,92
109299,8,10,-2
10933870,3,0,3
10934282,58,4,54
10934528,78,9,69
10935387,17,4,13
10936772,6,0,6
10937579,27,11,16
10938535,7,2,5
10939135,4,0,4
1093943,3,0,3
10941506,191,81,110
10941772,0,0,0
10942915,27,12,15
10943008,27,8,19
10943541,249,60,189
10943790,117,44,73
10944391,4,1,3
10945211,224,44,180
10948768,35,7,28
10951704,5,0,5
10952782,25,8,17
10952994,22,5,17
10953345,2,1,1
10953690,13,3,10
10953949,37,13,24
10954109,0,0,0
10954668,25,5,20
10955112,148,35,113
10956047,0,0,0
10957838,12,5,7
1095806,232,32,200
10960821,103,28,75
10961424,39,6,33
10961520,3,5,-2
10961954,13,5,8
10967987,3,0,3
10968387,197,88,109
10968550,5,1,4
10968810,18,2,16
10972868,4,4,0
10975447,5,3,2
10975929,108,22,86
10976789,409,145,264
10977087,9,4,5
10977261,4,1,3
10977550,3,0,3
10978887,61,38,23
10980040,15,1,14
10981236,17,5,12
10981778,233,70,163
10981975,2,0,2
10982355,148,27,121
10982615,231,112,119
10982683,10,0,10
10982952,0,0,0
10983223,14,0,14
10983439,145,23,122
10983842,229,39,190
10985434,0,0,0
10985877,402,120,282
1098593,301,90,211
10986289,30,30,0
10986800,119,50,69
10987139,91,16,75
10987190,30,5,25
10987366,135,27,108
10987541,182,68,114
1098790,22,3,19
10988132,62,18,44
10990685,7,3,4
10990847,15,1,14
10992563,6,1,5
10992569,202,19,183
10992684,58,14,44
1099559,242,94,148
1099836,288,84,204
10999011,26,5,21
10999340,232,45,187
11000182,9,4,5
11001340,164,70,94
11003037,62,19,43
11003270,3,0,3
11003582,519,109,410
11004227,7,4,3
1100472,443,158,285
11006688,255,179,76
11007434,150,27,123
11009946,17,7,10
11010698,4,2,2
11011184,0,0,0
11012315,339,76,263
11013065,46,23,23
11013108,79,23,56
11013923,6,14,-8
11014255,194,41,153
11015554,13,10,3
11016291,47,28,19
11017810,46,8,38
11018103,169,60,109
1101901,664,131,533
11019165,19,3,16
11022718,1,1,0
11024842,1,2,-1
11025842,172,45,127
11031215,39,23,16
11031311,175,49,126
11031428,143,23,120
11031500,4,2,2
1103255,216,101,115
11032836,2,0,2
1103410,197,42,155
11034598,84,13,71
11035035,197,54,143
11035879,11,4,7
11036226,1,0,1
11036301,71,32,39
11036889,2,1,1
11037893,0,0,0
1103795,367,92,275
11039419,29,12,17
11039421,88,20,68
11041223,5,1,4
11041296,136,78,58
1104183,202,49,153
11043606,85,27,58
11044045,193,66,127
11048969,16,6,10
1105130,23,6,17
11051591,564,96,468
11051638,34,4,30
11051784,519,120,399
1105212,439,108,331
11052403,43,11,32
11052909,3,1,2
11054142,26,6,20
11054187,4,0,4
11054762,11,10,1
11055638,7,1,6
11055906,0,1,-1
11056472,22,3,19
11056881,26,8,18
11057066,41,7,34
1105934,854,252,602
11064018,124,26,98
1106417,23,2,21
11064234,79,30,49
11064475,18,3,15
1106561,6,1,5
11066627,417,107,310
1106665,6,2,4
11067969,54,13,41
11068436,12,3,9
11071211,1,2,-1
11072802,345,52,293
11073476,190,27,163
11073814,56,7,49
11076036,6,0,6
11076084,8,2,6
11076831,19,1,18
11077158,6,1,5
11077322,78,13,65
11077501,321,82,239
11077925,346,78,268
11078581,1,0,1
11080904,88,25,63
11080987,35,7,28
11082896,4,4,0
11084371,143,20,123
11085430,142,34,108
11086949,245,107,138
11088504,67,27,40
11091458,9,1,8
11091885,150,30,120
11091919,240,49,191
1109196,87,12,75
11092293,0,0,0
11093325,67,23,44
11095582,6,0,6
11096144,266,89,177
11096169,146,40,106
11097422,9,1,8
11097941,20,3,17
11098293,24,5,19
1109914,394,117,277
11100462,56,32,24
11102169,32,8,24
11102858,8,1,7
11103037,0,0,0
11104914,52,20,32
11109112,17,12,5
11109402,65,21,44
11110273,28,2,26
11111309,20,4,16
11111761,127,44,83
11112893,13,2,11
11113935,284,83,201
11114186,420,87,333
11115470,3,2,1
1111581,37,3,34
1111588,75,16,59
11117488,144,70,74
11117559,18,10,8
11118007,21,7,14
11119755,86,35,51
11120405,12,3,9
11122062,15,7,8
11122966,3,1,2
11123120,106,22,84
111255,1,0,1
1112582,658,92,566
1112591,161,47,114
11130017,133,8,125
1113072,95,24,71
11131323,9,2,7
11131944,105,14,91
11132123,187,61,126
11133253,215,48,167
11133717,248,91,157
11133793,52,7,45
11135133,8,0,8
1113541,555,243,312
11135970,547,88,459
11137415,15,10,5
11138061,42,5,37
1113888,54,32,22
11139421,138,50,88
11139815,263,109,154
11141933,5,2,3
1114257,91,46,45
11142919,170,24,146
11143670,4,2,2
11144215,141,20,121
11144497,1,1,0
11145770,10,4,6
1114836,34,9,25
11150682,2,0,2
11151350,186,82,104
11151980,6,0,6
11152104,40,8,32
11152142,17,3,14
11152229,51,8,43
11152928,88,10,78
11153345,18,4,14
11154455,7,0,7
11155096,206,86,120
11155811,289,99,190
11156202,63,13,50
11157145,136,49,87
11157432,248,86,162
11158332,52,25,27
11158781,27,6,21
11159124,100,34,66
11160570,47,18,29
11160804,21,6,15
11161147,0,0,0
1116245,79,21,58
1116441,19,4,15
11164487,21,11,10
11164989,10,5,5
11165076,253,66,187
11166419,68,20,48
1116894,40,1,39
11170106,12,2,10
11171713,402,120,282
11171923,34,8,26
11172170,43,11,32
11173444,88,21,67
11173695,0,0,0
11173731,106,38,68
11173885,80,40,40
11174451,20,10,10
11174871,255,61,194
11175927,16,4,12
1117720,984,237,747
11177214,6,13,-7
11177215,4,0,4
1117766,3,1,2
1117796,6,0,6
11178151,51,18,33
1117842,274,38,236
11178621,313,38,275
11178638,1,0,1
11178723,385,184,201
11179657,59,20,39
11179901,207,124,83
11180188,105,19,86
11182436,244,73,171
11182728,133,43,90
11183399,0,0,0
11185741,40,16,24
11186852,171,238,-67
11187322,279,130,149
11189565,101,29,72
11189776,98,22,76
11190363,111,36,75
11191319,55,5,50
11191515,590,177,413
11192080,371,99,272
11192316,31,14,17
11193223,20,4,16
11193935,7,3,4
11195917,7,4,3
11196119,2,6,-4
11196765,103,43,60
11196788,183,34,149
11197164,8,2,6
11197275,51,10,41
11198710,31,9,22
11199243,104,10,94
11201320,80,24,56
11202032,21,10,11
11202509,159,72,87
11202953,87,36,51
11206081,29,4,25
11207411,21,4,17
1120870,82,15,67
11209305,62,11,51
11210169,145,59,86
11212307,89,36,53
11212346,593,144,449
11212780,4,0,4
11212814,7,2,5
11215303,45,10,35
11218574,66,24,42
11218612,221,129,92
11219920,5,0,5
11220873,56,23,33
11221340,256,149,107
11223305,7,2,5
11223603,50,6,44
11225094,70,25,45
11225576,11,2,9
11226035,835,131,704
1122749,43,9,34
1122835,673,224,449
1122934,3,0,3
11230470,56,8,48
1123121,639,192,447
1123133,43,13,30
11231746,93,60,33
11233042,359,100,259
11234733,197,22,175
11234872,110,43,67
11235481,132,75,57
11236037,82,21,61
11236108,2,0,2
11236831,10,4,6
11236931,83,29,54
11237307,29,10,19
11238462,359,83,276
11238883,438,158,280
11239113,4,1,3
11239366,23,2,21
11239531,468,130,338
11239676,32,12,20
11240692,115,48,67
1124117,78,12,66
1124294,335,78,257
1124320,210,95,115
11245549,66,21,45
11246593,30,16,14
11247155,95,43,52
11247586,47,26,21
11247911,62,7,55
11249995,52,9,43
11251472,15,1,14
11251831,47,24,23
11253113,55,10,45
11253339,203,94,109
11254913,121,47,74
11256375,3,0,3
11257052,122,24,98
11258939,18,4,14
11259588,61,12,49
11260288,236,57,179
1126108,188,65,123
11261123,67,14,53
1126252,261,113,148
11264055,177,34,143
11264626,107,22,85
11264915,20,8,12
11264939,30,13,17
11265705,84,30,54
1126638,270,115,155
11266554,21,8,13
11266570,8,1,7
11266927,70,15,55
11266977,39,16,23
11267087,8,0,8
11267251,152,50,102
11268148,50,12,38
11269550,7,2,5
11270296,4,2,2
11271112,246,91,155
11271132,3,3,0
11271962,192,43,149
11272389,82,32,50
11272587,285,100,185
11272599,158,43,115
11272718,4,1,3
11273568,6,7,-1
11275513,32,21,11
11276585,64,16,48
11278099,7,3,4
1128032,66,36,30
11280537,5,0,5
11281402,2,1,1
1128646,191,50,141
11287651,10,1,9
11287829,25,3,22
1128785,454,146,308
11287956,6,2,4
11288078,5,0,5
11289018,0,0,0
11289575,187,57,130
11290553,251,26,225
11291377,144,49,95
11291627,144,95,49
11292342,35,8,27
11293709,98,95,3
11294772,149,62,87
11294825,44,13,31
11295762,5,0,5
1129780,7,1,6
11298524,89,13,76
11299067,71,22,49
11300099,266,173,93
11300565,4,2,2
11301697,0,0,0
11302238,9,3,6
11306536,108,41,67
11308633,519,119,400
11308875,5,2,3
11309075,119,28,91
1130957,223,44,179
11309780,96,15,81
11309823,136,59,77
11309828,10,6,4
11309841,0,0,0
11310201,266,96,170
11311116,7,0,7
11311164,289,149,140
11311174,31,9,22
11312630,4,1,3
1131354,110,31,79
11313848,7,1,6
11314009,9,0,9
11314596,0,0,0
11315526,118,57,61
11316144,232,45,187
11316518,13,1,12
11318670,8,10,-2
11319230,28,8,20
11321258,85,10,75
11321657,108,13,95
11322156,7,1,6
11324083,127,36,91
11328560,4,2,2
11329807,24,7,17
11330909,322,129,193
11331179,339,118,221
11332274,261,62,199
11333321,49,19,30
11333406,0,0,0
11333547,108,38,70
11334382,331,153,178
11335580,34,5,29
11335610,117,32,85
11336658,244,33,211
11338768,11,0,11
11339351,181,91,90
11339908,65,9,56
11339974,261,36,225
11340222,70,19,51
11341793,6,1,5
11346792,147,83,64
11349697,156,61,95
11349944,7,2,5
11350883,24,8,16
11351055,7,1,6
11351636,242,73,169
11352141,250,129,121
11352179,490,199,291
11352564,7,1,6
11353017,394,141,253
11353197,32,11,21
11353804,59,2,57
11355163,16,4,12
11356124,1,0,1
11356634,50,12,38
11357014,7,3,4
11359309,168,58,110
11359511,280,158,122
11361531,4,2,2
11364620,105,18,87
11365570,33,12,21
11367021,95,11,84
11367061,304,135,169
11367663,66,30,36
11368654,9,5,4
11368766,2,0,2
11368847,192,73,119
11370140,11,5,6
11371572,313,60,253
11373377,43,11,32
11373658,82,39,43
1137370,488,141,347
11374050,72,38,34
11374100,14,0,14
11374514,8,3,5
11375153,25,3,22
11375682,5,0,5
11375998,32,9,23
11376767,5,1,4
11376983,18,6,12
11377173,55,21,34
11377628,0,0,0
11379134,35,5,30
11381983,127,15,112
11383296,0,0,0
11387261,14,6,8
11387729,2,1,1
11388192,4,1,3
11388598,0,0,0
11388831,63,29,34
11389308,224,74,150
11389454,14,6,8
11389487,57,10,47
11389513,0,0,0
11390246,13,9,4
11390360,22,5,17
11390523,46,14,32
11390780,69,9,60
11392186,44,7,37
11392403,132,51,81
11394007,433,91,342
11394187,162,35,127
11394731,0,0,0
11395444,171,55,116
11395699,153,67,86
11398962,2,0,2
11401305,3,0,3
11401502,41,15,26
11405398,38,20,18
11405482,220,110,110
11405671,1,1,0
11406903,191,66,125
11407273,281,93,188
11407332,16,0,16
1140836,311,79,232
11409877,154,79,75
11410311,7,5,2
11414723,21,4,17
11415220,29,8,21
11415828,8,6,2
11417626,33,16,17
11419150,108,15,93
11419334,128,36,92
11424164,0,0,0
11425481,115,27,88
11426209,48,18,30
11426355,47,13,34
11427618,2,2,0
11429067,98,20,78
11429856,20,8,12
11431110,167,79,88
1143231,65,17,48
11432691,4,3,1
11433785,8,5,3
11436724,62,13,49
11440868,22,16,6
1144570,5,1,4
11445748,217,56,161
11447457,4,2,2
11447473,16,6,10
11447647,186,40,146
11447778,13,3,10
11447849,228,115,113
11448649,16,2,14
11449622,69,12,57
11450440,51,15,36
1145066,296,88,208
11451261,12,2,10
11453308,46,26,20
11453440,82,15,67
11454193,30,6,24
11455947,2,1,1
11456102,0,0,0
11457644,2,0,2
11458551,90,12,78
11459725,9,2,7
1145978,39,26,13
1146154,28,6,22
11463990,52,3,49
11465527,90,22,68
11467168,39,19,20
1146722,222,59,163
11467238,0,0,0
11467755,1,0,1
11469090,36,6,30
11469499,124,29,95
11469786,43,12,31
1147016,46,24,22
11470414,77,10,67
11470516,38,3,35
11470718,16,5,11
11471583,97,21,76
1147242,301,48,253
11473243,89,20,69
11473807,79,23,56
11474299,7,3,4
11474672,65,26,39
11475859,14,3,11
1147680,292,131,161
11476876,21,5,16
11478625,25,13,12
11479727,35,11,24
11480458,59,13,46
11488028,162,18,144
11488444,30,5,25
11489295,156,65,91
11489335,54,30,24
11490134,0,0,0
11490518,2,0,2
11490749,135,12,123
11490955,1,0,1
1149129,231,101,130
11491693,8,19,-11
11492038,44,13,31
11492380,3,5,-2
11492945,251,65,186
11493268,3,1,2
1149341,13,6,7
11493804,42,9,33
11494079,1,1,0
11495247,75,32,43
11495271,75,30,45
11495969,74,21,53
11496595,4,0,4
11500556,73,27,46
11501038,100,29,71
11502642,71,12,59
11503950,58,16,42
11504252,0,0,0
11505271,2,0,2
11506545,88,48,40
11507346,6,2,4
11510423,84,34,50
11512057,13,5,8
11512074,17,2,15
11512171,8,0,8
11516734,114,29,85
11516954,88,32,56
11518502,37,5,32
11518662,21,2,19
11518841,20,7,13
11519913,67,12,55
11520913,148,24,124
11521881,222,41,181
11522181,11,3,8
1152224,36,11,25
11523060,139,25,114
11524155,128,48,80
11527203,7,4,3
11527810,6,0,6
11528703,15,6,9
11529766,258,53,205
11529989,21,10,11
11530907,69,9,60
11532123,1,1,0
1153534,180,40,140
11537838,109,41,68
11538455,6,4,2
11538511,6,1,5
1153876,124,28,96
11539159,73,34,39
11539202,78,29,49
11539785,80,6,74
11541341,0,0,0
11541594,3,0,3
11541840,9,0,9
11541944,32,11,21
11542192,37,9,28
1154225,147,75,72
11542987,4,4,0
11543582,6,1,5
11544241,3,1,2
11544521,0,0,0
11545147,3,1,2
11545290,3,0,3
11545499,24,7,17
11546024,32,6,26
11547884,618,286,332
11548857,90,36,54
11551,571,240,331
11551915,10,8,2
11552205,368,93,275
11552216,39,10,29
11552260,3,2,1
11554371,54,19,35
11557513,8,2,6
11557723,27,7,20
11558439,20,6,14
11558504,77,39,38
11558570,16,6,10
11558623,1,0,1
11559762,170,78,92
11560603,96,16,80
11561581,0,1,-1
11561899,1,0,1
11562341,1,1,0
11562412,158,52,106
11562669,94,15,79
11562736,5,0,5
11562863,14,6,8
11563799,12,3,9
11564318,0,0,0
11565353,2,0,2
11566672,3,0,3
11567062,466,149,317
11567636,2,0,2
11567967,35,5,30
11569406,8,0,8
11569637,5,1,4
11569687,32,7,25
11570006,5,2,3
11571554,246,95,151
11571997,105,45,60
11577003,293,57,236
11577701,13,5,8
11578355,81,33,48
11578786,1,0,1
11579271,18,10,8
11580055,70,21,49
11580668,3,1,2
11581712,150,34,116
11581835,7,0,7
11582858,36,20,16
11583485,9,2,7
11583880,23,6,17
11584496,0,0,0
11585185,77,23,54
11585838,2,0,2
11587065,30,9,21
11587990,22,2,20
11588723,553,145,408
11588878,157,24,133
11589876,10,1,9
11589920,186,35,151
11589946,208,82,126
11593459,274,82,192
11595789,37,10,27
11596486,62,11,51
11596496,52,14,38
11596623,17,4,13
11596699,320,53,267
1159758,69,17,52
11597941,67,39,28
11599536,69,22,47
11599618,157,58,99
11600031,126,85,41
11600745,110,35,75
11604012,9,3,6
11606197,46,13,33
11606329,73,27,46
11606344,2,2,0
11607149,371,74,297
1160764,45,19,26
11608105,21,5,16
11608604,108,10,98
11608948,3,0,3
11614500,3,1,2
11614602,5,0,5
11616305,36,3,33
11616530,4,1,3
11616923,6,1,5
11618005,0,0,0
11618585,238,96,142
11619063,60,12,48
11619327,49,15,34
11619458,245,58,187
11621478,48,12,36
11622275,45,54,-9
11623280,11,4,7
11623644,24,6,18
11623814,15,4,11
11624817,33,5,28
1162598,396,105,291
116268,46,9,37
11627371,3,1,2
11627571,27,12,15
11628439,44,16,28
11629745,10,2,8
11630391,118,42,76
11630453,220,56,164
11630652,55,26,29
11631246,154,41,113
11631555,3,1,2
11632576,6,2,4
11632797,254,82,172
11633474,6,2,4
11634511,153,35,118
11634605,6,2,4
11635500,4,2,2
11635859,81,19,62
11636401,8,4,4
11638005,105,31,74
11638410,10,4,6
11638945,89,40,49
11639604,158,58,100
11639917,390,106,284
11640208,386,143,243
11640440,364,131,233
11643009,1,1,0
11646282,259,90,169
11647004,8,0,8
11647326,137,21,116
11647654,265,85,180
11648027,1,0,1
11648081,3,1,2
11648302,108,42,66
11648587,159,28,131
11648779,43,13,30
11649313,87,19,68
11649419,158,25,133
11649611,242,50,192
11651120,125,36,89
11651191,1,0,1
11652838,46,6,40
11653764,142,22,120
11654268,134,49,85
11654319,12,4,8
11655036,12,0,12
11655132,0,0,0
11655209,43,26,17
11655306,51,13,38
11656207,4,4,0
11657254,2,0,2
1166216,239,90,149
11663294,450,135,315
11663559,193,83,110
11663601,36,12,24
11663714,34,18,16
11665430,15,3,12
11665450,37,12,25
11665555,169,53,116
11666071,94,37,57
11666232,150,68,82
11666311,96,40,56
11666331,2,0,2
11667286,56,16,40
11667324,5,5,0
11667931,15,5,10
11667969,3,3,0
11668085,10,1,9
11668456,24,8,16
11669243,78,34,44
11669357,39,12,27
11669520,155,52,103
11670239,55,15,40
11671370,10,0,10
11674600,2,0,2
11674730,3,1,2
11675419,80,57,23
11676008,438,125,313
11681626,58,58,0
11682146,25,6,19
11682681,33,8,25
11683211,13,5,8
11684416,0,1,-1
11684592,12,1,11
11684887,9,5,4
11685339,57,24,33
11685778,3,1,2
11686532,3,0,3
11687352,147,107,40
11687951,453,225,228
11688020,404,184,220
11688389,393,144,249
11688438,32,10,22
11689595,12,1,11
11690599,25,8,17
11692115,33,8,25
11692521,53,18,35
11692660,8,2,6
11692966,26,7,19
11696911,2,6,-4
11697213,23,3,20
11702600,10,1,9
11705504,171,19,152
1170564,115,53,62
11706174,10,0,10
11707553,4,1,3
11707821,5,3,2
11708449,69,13,56
11709935,23,17,6
11710683,30,12,18
11710958,4,4,0
11711358,12,5,7
11712292,2,1,1
11713029,96,43,53
11713163,63,25,38
11713381,45,28,17
11715442,1,0,1
11716198,20,5,15
11717168,352,131,221
11718008,0,0,0
11720132,4,2,2
117203,173,64,109
11721190,123,76,47
1172280,90,26,64
11723639,3,2,1
11726057,3,0,3
11726485,5,4,1
1172673,54,12,42
11727408,78,35,43
11727474,126,41,85
11728818,135,28,107
11729215,4,6,-2
11729275,0,0,0
11729610,35,13,22
11731236,3,1,2
11731497,172,32,140
11732568,26,16,10
11733440,32,16,16
11733660,17,5,12
11734545,13,2,11
11735073,200,41,159
11735733,48,16,32
11737018,23,7,16
11737324,7,1,6
11737637,51,23,28
11739839,56,14,42
11742426,160,107,53
1174411,313,74,239
11745908,44,29,15
11746386,160,54,106
11747309,105,37,68
11747319,158,60,98
11748001,10,1,9
11748019,10,1,9
11748124,27,12,15
11748821,11,0,11
11749911,463,156,307
11750182,223,103,120
11750711,91,21,70
11752530,13,4,9
11752949,71,16,55
11753125,84,17,67
11753172,87,27,60
11753209,132,34,98
11753303,39,12,27
11753335,31,7,24
11753371,17,4,13
11753676,24,9,15
11753916,20,9,11
11754107,52,11,41
11754356,120,31,89
11754422,85,19,66
11754475,81,14,67
11754496,91,14,77
1175819,5,2,3
11759528,104,36,68
1176117,78,24,54
11762107,5,1,4
11763731,66,34,32
11764346,0,0,0
11765231,14,2,12
11766029,23,1,22
11766418,111,17,94
11766500,48,27,21
11767001,23,8,15
11769376,163,57,106
11769774,285,98,187
11770338,73,12,61
1177238,50,27,23
11773251,34,18,16
11773719,0,0,0
11774528,2,0,2
1177530,166,71,95
1177555,311,90,221
11779682,33,6,27
11780466,95,24,71
11780717,77,17,60
11780745,142,29,113
11781790,38,25,13
11782274,104,27,77
11784725,172,40,132
11785925,8,2,6
11786394,149,68,81
1178699,132,39,93
11788136,0,1,-1
11788257,2,0,2
11789170,121,44,77
1178979,112,46,66
11790373,78,12,66
11790832,359,90,269
11791134,19,10,9
11791815,114,43,71
11793017,4,3,1
11795947,29,19,10
11796531,8,1,7
11798087,2,1,1
11798687,16,3,13
1179958,77,50,27
11799875,62,21,41
11799908,101,35,66
1180363,95,35,60
11805324,33,21,12
11806661,0,0,0
11806710,20,3,17
11807328,436,69,367
11807507,3,5,-2
11810315,22,3,19
11811065,2,0,2
11811174,64,11,53
11812900,48,5,43
11813170,163,95,68
11814288,97,40,57
11815922,142,22,120
11815973,20,8,12
11816239,132,42,90
11817379,69,21,48
11817487,46,8,38
11818782,185,80,105
11819566,200,110,90
11821609,0,0,0
11822893,8,1,7
1182303,4,0,4
11823338,77,7,70
11824124,8,2,6
11824358,298,66,232
11825967,175,37,138
11826666,40,9,31
1182943,243,90,153
1182979,129,28,101
11831066,168,70,98
11833054,22,2,20
11833577,9,1,8
11834101,9,5,4
11834582,13,4,9
11836426,6,3,3
11836521,9,2,7
11837331,77,12,65
11837946,244,31,213
11839287,53,15,38
11840194,54,20,34
11840240,36,6,30
11840791,72,22,50
1184145,124,55,69
11842381,514,144,370
11844114,4,2,2
11846983,4,0,4
11847659,382,38,344
11848079,372,126,246
11848533,55,12,43
11849717,0,0,0
11851238,170,29,141
11853943,7,5,2
11854740,3,5,-2
1185611,646,147,499
11856696,25,4,21
11856955,119,18,101
1185729,4,4,0
11858562,97,51,46
11859342,13,5,8
11859670,0,0,0
11859791,551,209,342
11859989,3,0,3
11860612,44,14,30
1186189,32,19,13
11862124,30,3,27
11863548,15,2,13
11864041,160,34,126
11865526,50,19,31
1186592,83,39,44
11867393,114,59,55
11868023,16,9,7
11868150,0,0,0
11868826,57,6,51
11869034,147,114,33
11876615,21,4,17
1187740,658,151,507
11877568,109,41,68
11877992,23,16,7
11878070,258,72,186
11878403,0,0,0
11879011,454,68,386
11879262,13,5,8
118805,523,154,369
11880679,4,4,0
11880869,91,17,74
11881715,16,5,11
11881851,51,12,39
11881913,4,0,4
11882208,27,9,18
11882494,13,2,11
11883145,663,153,510
11884069,497,108,389
1188467,265,52,213
11886290,4,2,2
1188639,78,41,37
11887415,12,10,2
1188836,288,97,191
11888429,2,3,-1
11889296,17,6,11
11890923,8,4,4
11892215,256,84,172
11895463,11,3,8
11895820,4,0,4
11896745,14,7,7
11897092,122,24,98
11898411,4,1,3
11898443,3,1,2
11898585,47,7,40
11899055,7,1,6
11899202,46,10,36
11899562,9,4,5
11900171,203,88,115
11900392,60,3,57
11900475,144,47,97
11901247,46,11,35
11902210,108,33,75
11903535,22,10,12
11904578,12,6,6
11904963,270,58,212
11905889,47,20,27
11906014,149,23,126
11909652,175,68,107
1191073,144,22,122
11913450,610,210,400
11914436,16,9,7
11916104,253,40,213
11916415,16,4,12
11917926,191,28,163
11918008,97,21,76
11918212,244,69,175
11918476,297,35,262
11918716,9,7,2
11918830,18,4,14
11919935,88,16,72
11920504,24,9,15
11920518,2,0,2
11921165,0,0,0
11921531,48,19,29
1192155,42,14,28
11923942,72,9,63
11924427,20,5,15
11925568,142,65,77
11925689,123,30,93
11926919,48,6,42
1192978,1262,280,982
11930397,4,0,4
11931404,44,5,39
11931758,32,9,23
11932489,31,10,21
11932882,6,1,5
11933010,26,13,13
11934498,1,1,0
11934501,5,1,4
11936243,34,19,15
11936344,53,5,48
11938717,21,19,2
11938782,13,2,11
11938829,82,10,72
11939641,72,31,41
1194027,22,4,18
11940590,133,25,108
11940755,86,4,82
11940765,58,19,39
11943267,21,11,10
11943784,21,13,8
11943822,75,24,51
11944888,14,6,8
11945342,19,5,14
11945407,24,3,21
1194557,103,60,43
11946740,6,5,1
11947033,6,0,6
11947819,0,0,0
11954862,68,11,57
11954890,63,9,54
11955328,222,114,108
11955427,68,28,40
11955746,68,24,44
11955812,43,15,28
11956385,100,56,44
1195670,14,6,8
11962025,8,2,6
1196568,47,7,40
11966289,51,11,40
11966878,554,88,466
11967173,34,16,18
11967808,7,4,3
11967898,8,2,6
11968109,0,0,0
11968359,18,17,1
11969278,3,2,1
11970483,99,4,95
11970597,0,0,0
11971075,70,38,32
11972276,49,20,29
11977015,140,60,80
11977068,60,7,53
11977594,8,3,5
11978680,1,0,1
11981168,27,7,20
11981701,249,79,170
11982893,193,68,125
11984267,4,1,3
11984964,4,2,2
11985344,7,1,6
11985487,4,1,3
11985946,5,3,2
11986572,8,1,7
11987169,77,22,55
11988123,228,70,158
11988379,11,3,8
11990316,50,18,32
11990573,64,9,55
11991056,40,6,34
11994759,13,3,10
1199580,325,97,228
11995906,93,44,49
11997070,145,61,84
11997634,174,72,102
11997701,177,55,122
11998179,127,70,57
11998224,253,45,208
11998729,6,7,-1
12000230,16,4,12
12001745,6,4,2
1200237,332,172,160
12002470,60,23,37
1200253,683,179,504
12002607,4,1,3
12003274,5,1,4
12004105,472,190,282
12004777,14,2,12
12005654,82,25,57
12006233,0,0,0
12006458,3,0,3
12006466,1,1,0
12008453,716,247,469
12008529,11,2,9
12008705,10,2,8
12008928,107,31,76
12009627,4,1,3
12012410,8,0,8
1201283,246,48,198
12015024,15,4,11
12015551,59,20,39
12015717,37,13,24
12015726,153,67,86
12015909,54,10,44
12016367,34,5,29
12016529,211,26,185
12016917,3,0,3
12018003,357,120,237
12018113,4,1,3
12018792,8,6,2
1201920,1154,338,816
12019448,18,8,10
12020039,152,76,76
12021223,13,6,7
12024411,240,50,190
1202455,779,329,450
12024853,82,14,68
12025162,361,56,305
12025166,114,24,90
12025747,33,15,18
1202617,146,49,97
12026695,8,4,4
12029513,19,2,17
12029640,5,2,3
12030283,56,8,48
12030435,8,1,7
1203119,13,5,8
12031475,53,25,28
12031890,0,0,0
12032172,7,1,6
12032227,380,89,291
1203409,12,9,3
12034165,80,24,56
12036067,2,0,2
12036263,20,7,13
12036372,91,8,83
12036713,82,21,61
12037309,6,1,5
12038023,37,15,22
1203832,588,167,421
12040663,236,115,121
12043826,47,27,20
12045782,5,3,2
12045898,160,14,146
1204627,104,56,48
12046460,68,29,39
12046871,6,3,3
12048477,6,0,6
12049574,297,100,197
12049702,281,52,229
12049828,4,2,2
12050014,6,0,6
12050105,275,88,187
12050135,60,14,46
12050377,2,0,2
12050692,28,8,20
12051255,46,8,38
12051745,2,0,2
12051970,3,0,3
12052198,47,12,35
12054780,30,4,26
12055146,14,10,4
12057757,78,24,54
1205905,271,75,196
12059158,39,12,27
12059695,7,1,6
12059972,156,50,106
12063699,63,19,44
12066657,28,3,25
12067006,33,14,19
12068046,0,0,0
12068242,152,68,84
12068254,0,1,-1
12069445,150,44,106
12069718,11,2,9
12075572,1,0,1
12076769,367,57,310
12077371,182,83,99
12077432,65,8,57
12078745,142,43,99
12080048,11,7,4
12081174,9,5,4
12081344,308,36,272
1208158,99,25,74
12081671,0,0,0
1208247,414,138,276
12083135,42,19,23
12083369,11,1,10
12083691,1,0,1
1208459,831,406,425
12088274,0,0,0
12089138,89,33,56
1208955,202,36,166
12090128,31,3,28
12090284,3,0,3
12091286,16,5,11
12091420,5,5,0
1209392,218,86,132
12097365,10,0,10
12097386,4,1,3
12097515,72,22,50
12097626,25,16,9
12097954,81,7,74
12098948,31,8,23
12099240,117,19,98
1210026,105,32,73
12100616,64,11,53
12101028,81,19,62
12101284,59,8,51
12101525,47,26,21
12101827,11,5,6
12101927,23,7,16
12102655,233,96,137
12102823,34,4,30
12102930,156,47,109
12103148,1,1,0
12103181,290,81,209
12103649,391,175,216
12104687,4,4,0
12104871,48,39,9
12105029,83,11,72
1210559,412,157,255
12106113,203,61,142
12106254,19,4,15
1210651,7,7,0
12108448,144,38,106
12110106,184,75,109
12111712,5,1,4
12111729,1,2,-1
1211242,493,121,372
12112569,245,88,157
12112634,78,34,44
1211310,75,21,54
1211331,176,42,134
12117809,200,62,138
12118466,315,61,254
12119228,47,8,39
12120161,30,7,23
12120286,65,40,25
12120345,12,15,-3
12120704,6,2,4
12120828,4,2,2
12121214,150,44,106
1212136,139,65,74
12121625,49,6,43
12123136,79,36,43
12123658,12,1,11
12124840,15,7,8
12125495,4,0,4
12125654,9,0,9
12125692,124,51,73
12125794,0,0,0
12126421,6,6,0
1212794,27,11,16
12128611,29,4,25
12129554,17,6,11
12130324,157,41,116
12130456,17,6,11
12130939,11,6,5
12133320,0,0,0
12133710,309,228,81
12134166,0,0,0
12135530,86,26,60
1213679,116,36,80
12139042,19,9,10
12139153,59,46,13
12139853,19,3,16
12140520,517,130,387
12141364,13,6,7
12141852,9,8,1
12141992,116,35,81
12142045,2,0,2
12142193,159,41,118
12142475,0,0,0
12142692,50,12,38
12144590,10,1,9
12144639,95,31,64
12146437,166,58,108
12146972,15,2,13
12147961,16,4,12
12148236,68,18,50
12148611,7,5,2
12149405,5,0,5
12151294,67,21,46
12151401,54,20,34
12151836,8,2,6
12152124,39,12,27
12153700,70,12,58
12154511,54,13,41
12156313,17,1,16
12158864,16,1,15
1216008,31,9,22
12162899,50,19,31
12162903,73,32,41
12163035,9,2,7
12163061,9,3,6
12164081,114,56,58
12164298,285,54,231
12164318,11,14,-3
12164637,83,33,50
12164986,286,93,193
12164995,44,13,31
12165320,62,29,33
12165401,16,15,1
12166968,10,2,8
12167479,5,2,3
12169346,129,64,65
1217116,94,22,72
1217128,164,59,105
12171876,10,3,7
12172768,14,6,8
12172914,179,47,132
1217330,16,5,11
1217387,27,3,24
12175747,10,4,6
12177644,30,10,20
12178206,4,0,4
12178649,178,22,156
12179636,6,1,5
12180415,1,2,-1
12182231,86,45,41
12182613,97,17,80
1218342,18,7,11
12183565,437,119,318
12185226,8,3,5
12185845,8,2,6
12187080,40,16,24
1218877,289,50,239
12190237,100,38,62
12190483,12,1,11
12193157,4,0,4
12193191,152,22,130
1219352,30,7,23
12193549,141,31,110
12194187,10,3,7
1219421,399,218,181
12195120,78,29,49
12195796,66,18,48
12195983,25,19,6
12196197,137,35,102
1219724,18,5,13
12197842,53,8,45
12198101,238,67,171
12198477,836,177,659
1219849,245,66,179
12199080,73,18,55
12199715,5,3,2
12200264,46,9,37
12200388,177,34,143
12200478,23,8,15
12200696,4,4,0
12201222,176,43,133
12201334,153,43,110
1220145,950,259,691
1220209,192,86,106
1220217,260,62,198
12204993,63,11,52
12205800,24,3,21
12206602,141,14,127
12207392,16,5,11
12213953,3,0,3
12214755,59,13,46
12215074,157,57,100
12215352,34,9,25
12215622,9,2,7
12215874,27,12,15
1221737,17,17,0
12217987,15,2,13
12218310,71,21,50
1221832,92,16,76
12220312,64,5,59
1222059,302,142,160
12220632,0,0,0
12220637,248,48,200
12220907,9,2,7
12221725,1,0,1
12222924,12,5,7
12223310,83,12,71
12223381,7,0,7
12223858,114,17,97
12224188,1,1,0
12226110,146,32,114
12227019,188,73,115
12228356,81,32,49
1222924,238,65,173
12229852,48,20,28
12230359,6,4,2
12230795,8,4,4
1223510,14,2,12
1223650,128,54,74
12238189,123,30,93
12238347,1,4,-3
12239059,6,1,5
12239122,13,7,6
12239140,3,1,2
12239217,166,51,115
12239676,32,14,18
12241605,87,37,50
12241747,102,46,56
1224630,138,30,108
12246667,27,9,18
1224981,8,2,6
12250206,3,0,3
12250799,5,0,5
12252097,94,38,56
12252465,236,53,183
12252728,210,43,167
12255427,442,83,359
12255661,39,15,24
12255884,125,46,79
12257691,58,15,43
12257909,2,2,0
12258144,6,3,3
12258254,103,26,77
12259268,118,29,89
12259852,0,0,0
12261640,0,0,0
12261958,3,2,1
12262703,0,1,-1
12262814,62,17,45
12263797,95,18,77
12264544,20,5,15
12264643,3,0,3
12265063,0,0,0
12265149,53,20,33
12265427,7,0,7
12269043,242,116,126
12270487,32,8,24
12270658,4,0,4
12271330,2,2,0
12271671,219,77,142
12271798,46,31,15
12271821,144,40,104
12272416,199,58,141
12273441,367,114,253
1227523,36,14,22
12277224,24,2,22
12277479,6,2,4
12277561,72,41,31
12278019,0,0,0
12279193,12,2,10
12279521,8,4,4
12280413,169,64,105
12281716,0,0,0
1228214,28,10,18
12282530,17,11,6
12282730,27,10,17
12282742,52,13,39
1228389,118,25,93
12284445,15,7,8
12286961,3,3,0
12288022,357,115,242
12288153,0,0,0
12288226,470,61,409
12291682,55,14,41
12293509,57,36,21
1229808,121,38,83
12298838,7,3,4
12299609,28,4,24
12300044,24,2,22
12300601,8,3,5
12301456,328,102,226
12302679,293,57,236
1230313,85,23,62
12303220,14,1,13
12303582,221,67,154
12303913,364,119,245
12304191,15,3,12
12305010,127,38,89
1230615,650,280,370
12306254,44,12,32
12307194,0,2,-2
12307203,564,158,406
12308615,85,44,41
12309394,0,0,0
1231053,1444,448,996
12311578,403,67,336
12312442,36,15,21
12312571,194,28,166
1231544,252,77,175
12316240,32,7,25
12316321,215,26,189
12317916,6,1,5
12317979,19,4,15
12318304,2,0,2
1231839,21,1,20
12319011,47,15,32
12319244,2,1,1
12319355,3,1,2
12319451,15,0,15
1231996,327,61,266
12321828,68,25,43
12322928,7,3,4
12323069,18,4,14
12323196,9,6,3
12323550,93,5,88
12323805,253,48,205
12325705,18,3,15
1232708,1,0,1
12329113,134,46,88
12329149,134,27,107
12330058,273,50,223
12330103,446,100,346
12330254,236,53,183
12330363,330,82,248
12330544,263,74,189
12330808,0,0,0
12330810,128,33,95
12332217,21,7,14
12332333,0,1,-1
12332752,9,0,9
12332990,557,106,451
12333854,15,3,12
12334025,12,0,12
12335631,5,1,4
12335959,185,37,148
12336224,141,27,114
12336310,0,0,0
12336468,13,3,10
12336905,8,0,8
12337310,253,57,196
12337792,65,34,31
12337910,15,1,14
12338061,68,37,31
12339780,14,1,13
12339870,49,21,28
12340151,30,2,28
12340497,6,1,5
12340837,205,65,140
12340846,0,0,0
12341282,416,116,300
12342198,58,13,45
12342499,54,20,34
12342503,90,33,57
1234354,168,55,113
1234388,442,264,178
12344005,33,2,31
12349872,138,25,113
12350225,119,50,69
12351637,48,24,24
12351993,5,3,2
12352014,32,16,16
12352025,296,97,199
123522,13,5,8
12355072,14,2,12
12355073,58,24,34
12355852,5,0,5
12356983,128,33,95
12358304,17,3,14
12358732,167,78,89
12360465,1,1,0
12360566,189,42,147
12361728,98,31,67
12363296,251,107,144
12364001,141,50,91
12364277,3,1,2
1236554,63,21,42
12370738,22,3,19
12371601,75,32,43
12372741,47,19,28
12373665,39,10,29
12374035,6,1,5
12375441,478,192,286
12376815,36,9,27
12378117,34,14,20
12379913,52,6,46
12381919,533,193,340
12382881,15,4,11
1238314,55,11,44
12384762,57,20,37
1238591,122,18,104
12386580,29,5,24
12391395,54,20,34
12391524,21,5,16
12392709,39,14,25
12392722,0,1,-1
12393653,2,2,0
12394542,662,135,527
12394765,73,30,43
12394812,78,26,52
12395298,19,4,15
12398777,163,26,137
12399091,3,1,2
12399354,0,3,-3
12399394,111,28,83
12400299,15,4,11
12400303,50,14,36
12400792,284,34,250
12401240,176,21,155
12401729,76,11,65
12402684,55,8,47
12403240,5,3,2
12403415,34,4,30
12404280,74,19,55
12406425,84,42,42
12407760,0,0,0
12409177,187,46,141
12414043,6,1,5
1241481,508,106,402
12416752,9,3,6
12417402,47,19,28
12417651,27,3,24
1242035,150,48,102
1242036,309,90,219
12420415,4,2,2
12420813,30,4,26
12420925,4,3,1
12421153,9,0,9
12421194,6,1,5
12423149,142,59,83
12426672,88,25,63
12428638,4,12,-8
12429173,134,37,97
12430806,55,11,44
12432642,57,17,40
12437267,50,20,30
12438401,169,63,106
1243937,213,84,129
12440355,34,10,24
12440729,96,24,72
1244162,51,13,38
12442344,4,2,2
12442717,90,29,61
12442735,92,21,71
12443151,5,1,4
1244325,45,6,39
12443383,61,16,45
12443765,222,77,145
12444087,64,9,55
12444228,324,67,257
12445838,74,32,42
1244599,185,81,104
12446921,0,0,0
12447904,313,53,260
12448263,100,53,47
12448406,279,132,147
12451540,35,11,24
12451624,25,7,18
12452376,19,5,14
12452453,6,0,6
12458875,122,34,88
12459297,56,22,34
12459322,97,19,78
12460143,12,6,6
12460286,6,1,5
12460578,41,15,26
12460629,70,22,48
12460823,97,50,47
1246146,605,141,464
12462198,15,3,12
12462382,0,0,0
12462700,26,5,21
12463230,5,1,4
12464116,2,3,-1
12464328,17,5,12
12464593,48,7,41
12465765,13,2,11
12466017,54,24,30
12467129,50,7,43
12468461,15,5,10
12469175,20,7,13
12469406,18,9,9
12470157,32,15,17
1247648,64,12,52
1247655,112,21,91
12476803,38,8,30
12476858,14,4,10
1247725,662,182,480
1247736,58,21,37
12478052,138,46,92
12478820,433,118,315
12479392,153,19,134
12482588,12,4,8
12483839,91,32,59
12484611,5,0,5
12485122,36,5,31
12485245,65,24,41
12485406,62,10,52
12485476,13,5,8
12486421,173,58,115
12486508,54,3,51
12487066,157,29,128
12487538,76,15,61
12488481,38,12,26
1248908,91,18,73
12489397,13,2,11
12489821,35,19,16
12490433,8,3,5
12491261,177,43,134
12491585,42,8,34
12491665,430,81,349
12491824,292,62,230
12491853,382,66,316
12492117,14,2,12
12494278,150,48,102
12498763,126,41,85
12499167,62,29,33
12500405,23,16,7
12501274,1,0,1
1250149,595,134,461
12501816,207,77,130
12502116,5,1,4
12503258,222,61,161
12503812,213,26,187
12504675,0,0,0
12505879,307,98,209
12506430,41,11,30
12507391,14,3,11
12507820,8,6,2
12508104,74,7,67
12510916,10,2,8
12511034,48,26,22
12511820,43,15,28
12512476,45,22,23
12513136,5,3,2
1251444,11,5,6
12515605,174,61,113
12517730,59,10,49
12517905,68,35,33
12518330,443,166,277
12518887,177,75,102
12519052,22,7,15
12519622,255,57,198
12520183,101,48,53
12524160,23,6,17
12524625,11,0,11
12524823,299,49,250
12525601,2,0,2
12526358,2,2,0
12526617,26,11,15
12527511,64,8,56
12528129,45,18,27
12529115,20,3,17
12529425,1,1,0
12530391,24,16,8
12530542,43,17,26
12530681,219,41,178
12531272,27,14,13
12531446,33,19,14
12533083,130,30,100
12533320,3,4,-1
12533548,9,6,3
12534155,6,0,6
12534226,270,31,239
12535204,38,15,23
12538598,21,9,12
12539210,28,12,16
12539741,163,49,114
12540002,9,4,5
12541158,141,44,97
12542053,154,61,93
12542110,2,0,2
12543122,89,9,80
12543830,36,2,34
12544254,155,51,104
1254710,113,10,103
12550312,44,3,41
12550550,12,4,8
12550852,4,1,3
12551309,53,17,36
12551776,109,31,78
12552780,13,0,13
12553247,141,54,87
12553720,27,7,20
12554488,63,27,36
12554756,39,6,33
12555032,1,2,-1
12555178,201,17,184
12555518,24,7,17
12555595,31,6,25
12555647,21,10,11
12557418,192,46,146
12557901,80,22,58
12558970,11,8,3
12560066,9,1,8
12561158,1,1,0
12561546,163,49,114
12562734,46,17,29
12563687,301,77,224
12564366,6,0,6
12564544,24,4,20
12565080,151,26,125
12565541,1,1,0
12565697,72,16,56
12565915,4,0,4
12566008,6,0,6
12566030,86,19,67
12566131,183,44,139
12566378,16,7,9
12567447,15,10,5
12567588,41,13,28
1256904,205,30,175
12571883,69,22,47
1257260,3,0,3
12574811,31,25,6
12576345,12,7,5
12577140,6,1,5
1257757,27,11,16
12578289,15,2,13
1257858,245,106,139
12579981,53,22,31
12581481,109,54,55
12581645,32,12,20
12582316,8,0,8
12583646,5,1,4
12583729,7,4,3
12584813,23,5,18
1258698,9,2,7
12589255,9,3,6
12589661,3,1,2
12595251,12,2,10
12595971,67,29,38
12596263,53,15,38
12596614,184,53,131
12596630,510,92,418
12596904,73,9,64
12597165,73,15,58
12597391,53,1,52
12597459,199,78,121
12597812,18,12,6
12598088,34,10,24
12598250,4,4,0
12598547,34,7,27
12598616,5,2,3
12598766,85,16,69
12599074,8,7,1
12599229,32,5,27
12599920,33,2,31
12600232,20,0,20
12600698,21,4,17
12602261,9,11,-2
12602349,27,15,12
12603469,126,47,79
12604512,43,18,25
12604810,39,12,27
12606844,45,19,26
12606885,0,1,-1
12608435,67,7,60
12613250,622,105,517
12614674,78,31,47
12615098,103,40,63
12615606,78,10,68
1261629,14,1,13
12619224,69,14,55
12619265,13,0,13
12620570,8,1,7
12620804,3,1,2
1262168,81,18,63
12621887,127,46,81
1262205,65,7,58
12622424,41,9,32
12623399,2,0,2
12623589,55,5,50
12625401,45,18,27
12625747,102,19,83
12629605,19,11,8
12634372,46,12,34
12635036,21,8,13
12635576,191,58,133
12637319,82,24,58
12637410,176,99,77
12638415,92,37,55
12639204,0,0,0
12643298,203,37,166
12644964,40,11,29
12645183,42,6,36
12646480,27,11,16
12647294,7,1,6
12647599,38,8,30
12648261,371,69,302
12648882,126,40,86
12651921,173,66,107
12652334,122,45,77
12653285,85,37,48
12659957,47,27,20
12660818,5,3,2
12662148,21,2,19
12662169,123,40,83
12662250,19,4,15
12665364,7,1,6
1266554,116,22,94
12665775,73,15,58
12666394,18,4,14
12668580,2,0,2
1266951,470,144,326
12670619,32,6,26
12671095,11,6,5
12671583,40,7,33
12671800,64,18,46
12673504,96,25,71
12674464,28,8,20
12674593,104,39,65
12676995,16,15,1
12677091,6,1,5
12677368,1,0,1
12677644,7,1,6
1267785,29,9,20
12678230,7,0,7
12679486,23,21,2
12680881,238,67,171
1268104,274,63,211
1268125,364,86,278
1268135,328,54,274
12681476,15,4,11
12683410,40,8,32
12687367,17,4,13
12688527,170,64,106
12689411,40,8,32
12689507,24,2,22
12690560,0,0,0
12690909,0,0,0
12690982,122,42,80
12691587,80,19,61
12691654,49,29,20
12692778,78,6,72
12692958,8,4,4
12693541,176,52,124
12693787,1,0,1
12695117,1,2,-1
1269523,21,2,19
12695520,282,66,216
12696129,52,11,41
12697485,5,0,5
12698017,122,29,93
12698323,9,11,-2
12699889,105,38,67
12700133,29,3,26
12700673,72,24,48
12702157,50,9,41
12702282,9,2,7
1270251,13,4,9
12702978,222,41,181
12704161,22,2,20
12705486,3,3,0
12705612,3,0,3
1270601,84,53,31
12707190,107,28,79
12707240,130,36,94
12715846,15,3,12
12716038,151,72,79
12720598,90,22,68
12720762,77,26,51
1272107,347,131,216
12722324,7,3,4
12723669,8,0,8
12724985,10,1,9
12725143,159,33,126
12725542,28,10,18
12725913,19,4,15
12726626,124,43,81
12727063,404,55,349
12728456,3,2,1
12729334,14,6,8
12729788,10,1,9
12730104,163,54,109
12731877,7,1,6
12732197,90,25,65
12732776,26,4,22
12734041,11,1,10
12734150,62,9,53
1273416,19,4,15
12734468,68,19,49
12735519,2,2,0
12735689,0,0,0
12736889,1,0,1
1273740,145,37,108
12739633,85,33,52
1274276,86,22,64
1274419,18,18,0
1274421,19,10,9
12744829,0,1,-1
12745194,8,2,6
12745552,2,0,2
12746501,3,0,3
12747226,104,14,90
12747971,8,1,7
12748816,13,5,8
1274917,101,12,89
12750168,52,16,36
12750763,91,23,68
12753036,74,30,44
1275405,333,123,210
12755373,2,1,1
12755563,171,23,148
1275634,0,1,-1
12757197,59,25,34
12758619,31,16,15
12760741,25,6,19
12760878,7,0,7
1276302,72,20,52
127652,662,255,407
12766802,27,10,17
12770111,34,9,25
1277089,11,11,0
12770931,58,28,30
12771096,6,2,4
12771151,30,6,24
12771616,10,3,7
12772857,5,1,4
12773387,7,0,7
12773427,0,1,-1
12773442,313,62,251
12773501,3,0,3
12774793,2,0,2
12775985,456,110,346
12776040,101,18,83
12776573,80,14,66
1277797,158,47,111
12778846,84,39,45
12778979,11,5,6
12779296,384,73,311
12779721,77,14,63
12780515,96,30,66
12781635,166,82,84
12781793,195,50,145
12782147,12,1,11
12782199,0,0,0
12786158,294,47,247
12786217,31,8,23
12786625,7,1,6
12787555,77,19,58
12787582,193,65,128
1278767,0,0,0
12788220,221,88,133
12788244,2,1,1
12788562,121,38,83
12790453,21,9,12
12791368,9,4,5
12792675,180,43,137
12794896,150,25,125
12795070,159,37,122
12796302,58,12,46
12797539,6,5,1
12799034,5,0,5
1279956,24,2,22
12800036,29,7,22
12801637,279,79,200
12801950,23,9,14
12803453,53,15,38
1280420,35,26,9
12805307,141,37,104
12806805,78,23,55
12807307,78,20,58
12807909,14,5,9
12808258,109,41,68
12808592,48,9,39
12809602,76,41,35
12809917,29,2,27
12810457,75,29,46
12814460,167,23,144
1281664,4,0,4
1281754,105,61,44
12818232,9,7,2
12818668,96,33,63
12818739,59,34,25
12819121,89,8,81
12819296,69,24,45
12819909,114,16,98
12820166,11,3,8
12820416,1,1,0
12820614,152,59,93
12821169,2,1,1
12821364,20,7,13
12821524,1,3,-2
12822117,157,57,100
12822730,547,109,438
12822816,65,18,47
12823394,66,36,30
12825082,38,7,31
12825411,3,0,3
12826723,1,0,1
12826959,0,0,0
12827223,310,42,268
12828583,33,10,23
12829521,325,92,233
12832089,80,17,63
1283474,18,2,16
1283862,3,1,2
12840061,30,4,26
12840425,265,70,195
1284082,12,3,9
12841324,57,23,34
12841368,156,70,86
12841403,1,2,-1
12841607,2,1,1
12842098,62,18,44
12843506,272,122,150
12846088,182,73,109
12846935,130,41,89
12847014,63,27,36
12847396,0,0,0
12847599,510,94,416
12848047,22,6,16
12848337,163,59,104
12848497,4,0,4
12849659,253,43,210
12851627,6,2,4
12851680,3,1,2
12852134,10,4,6
12852311,7,3,4
12852553,237,44,193
12852850,18,9,9
12853721,146,18,128
12854184,310,51,259
12854527,370,81,289
12856204,90,40,50
128581,40,10,30
12858679,85,22,63
12858684,7,3,4
12859811,71,17,54
12861029,63,4,59
12861307,35,12,23
12862532,161,39,122
12863377,9,4,5
12863578,311,90,221
12863847,239,89,150
12863952,324,127,197
12864063,268,90,178
12864580,26,11,15
12865359,59,25,34
12865899,69,28,41
12866324,328,114,214
12866481,161,48,113
12866542,0,0,0
12866852,150,32,118
12867338,304,115,189
12868663,1,1,0
12868945,2,5,-3
12869513,81,25,56
12869538,0,0,0
12870513,0,0,0
12870730,20,15,5
12870920,130,56,74
1287226,11,8,3
12875956,23,11,12
12876306,35,4,31
12876566,210,35,175
12876853,20,5,15
12877586,6,3,3
12877944,10,2,8
12877982,380,68,312
12878389,63,20,43
12878664,68,23,45
12878959,53,18,35
12879010,10,3,7
12879115,43,22,21
12879269,5,6,-1
12879444,59,25,34
12881540,25,1,24
12882397,86,34,52
12882744,114,23,91
12883195,25,2,23
1288328,10,2,8
12884849,10,1,9
12885269,0,0,0
12885433,19,4,15
12887488,45,9,36
12887603,127,45,82
12887690,60,5,55
12889255,4,2,2
12889956,1,3,-2
1289105,338,166,172
12891341,25,10,15
1289284,270,38,232
12893666,295,72,223
1289385,35,4,31
12893964,57,14,43
1289534,134,44,90
12895507,25,12,13
12896212,85,23,62
12896220,212,95,117
12897432,99,39,60
1289824,0,0,0
12898566,5,5,0
12899218,18,9,9
12899724,2,0,2
12899998,41,19,22
12901092,0,0,0
12901249,1,0,1
12901282,1,1,0
12902994,304,135,169
12903530,1,0,1
12903951,11,6,5
12903959,18,3,15
12904103,276,34,242
12904379,63,8,55
12904488,347,63,284
12905705,32,9,23
12906995,141,21,120
1290806,54,11,43
12908789,2,1,1
12909451,49,11,38
12909789,54,14,40
12910058,253,76,177
12910064,246,47,199
12910313,11,9,2
12911294,172,47,125
12911620,12,2,10
12911724,195,58,137
12912598,86,25,61
12913853,31,3,28
12914628,66,13,53
12915412,1,1,0
12915627,129,37,92
12916817,9,13,-4
12916983,295,92,203
12917558,17,0,17
12917847,50,10,40
12918233,40,12,28
12921052,100,18,82
12921249,273,82,191
12921455,244,90,154
12921614,30,6,24
12922023,0,0,0
12923231,62,24,38
12925678,364,84,280
12926985,9,3,6
12927915,165,85,80
12928301,43,24,19
12929016,5,1,4
12929281,351,70,281
12929656,152,26,126
12929935,2,0,2
12930115,121,14,107
12935377,270,62,208
12937258,42,22,20
12937384,23,10,13
12937530,14,2,12
12937630,351,118,233
12938328,15,0,15
12938403,70,19,51
12938465,3,0,3
12938672,39,22,17
12939200,206,63,143
12940385,41,22,19
12940452,16,2,14
12940570,152,57,95
12940573,18,13,5
12941708,151,50,101
12942039,25,6,19
12942295,248,58,190
12944407,5,1,4
12944625,12,4,8
12944764,88,18,70
12945652,74,28,46
12948468,126,22,104
12949423,0,0,0
12949625,137,24,113
12949652,109,36,73
12949872,0,0,0
12950549,9,1,8
12950703,14,3,11
12950849,13,6,7
12951222,0,0,0
12951286,122,20,102
12952197,4,1,3
12952976,29,8,21
12953079,69,15,54
12953536,13,1,12
12958483,26,5,21
12958928,41,35,6
12959839,67,8,59
12960228,102,37,65
12960236,153,51,102
12960259,22,11,11
12960301,10,1,9
12960913,0,0,0
12961723,84,31,53
12961744,131,53,78
12961969,25,7,18
12962664,5,3,2
12963200,28,9,19
12963547,11,7,4
12963548,2,0,2
12964356,191,77,114
12964390,15,10,5
12964424,69,15,54
12964448,84,23,61
12964627,4,1,3
12964950,68,20,48
12965520,77,28,49
12966902,100,26,74
12966987,14,6,8
12967142,17,5,12
12967320,32,4,28
12967777,78,11,67
12968127,7,3,4
1296836,1611,407,1204
12968611,8,2,6
12968749,110,31,79
12969010,89,38,51
12969358,59,16,43
1297573,4,0,4
12976117,16,5,11
12976576,211,31,180
129768,57,29,28
12977058,15,7,8
12977111,23,2,21
12977368,6,0,6
12977495,108,67,41
12977922,48,16,32
12979530,4,0,4
12979581,45,7,38
12980934,111,36,75
12981403,13,11,2
12982281,4,3,1
12982991,67,7,60
12983487,9,1,8
12984849,9,3,6
12985097,16,11,5
12985379,2,1,1
12985411,0,3,-3
12985627,96,36,60
1298770,447,238,209
12988404,123,38,85
12988900,2,1,1
12991588,1,2,-1
12992355,15,2,13
12992378,5,1,4
12992415,3,0,3
12994085,0,1,-1
12994447,34,9,25
12994614,6,3,3
12994981,73,20,53
12995581,0,0,0
12996150,83,21,62
12996158,30,1,29
12996507,19,6,13
12996637,92,30,62
12997485,105,51,54
12997818,19,8,11
12998304,109,45,64
12999596,117,53,64
12999696,6,1,5
13000101,83,19,64
13000185,146,46,100
13003195,12,8,4
13003303,20,7,13
13005159,47,9,38
13007505,18,5,13
13008384,49,18,31
1300852,23,11,12
13009794,39,10,29
13011208,25,7,18
1301149,163,67,96
13011971,13,5,8
13012204,3,1,2
13012211,2,2,0
13012292,2,1,1
13012318,120,31,89
13012365,0,0,0
13012722,5,1,4
1301279,17,7,10
13013375,256,44,212
13013421,38,17,21
13013491,107,23,84
13013592,4,5,-1
13013842,4,4,0
13014483,21,1,20
13014587,35,9,26
13014990,0,0,0
13016316,48,15,33
13017703,5,1,4
13019730,1,0,1
1302098,186,77,109
13022284,16,1,15
13022300,81,29,52
13023170,212,35,177
13023254,5,1,4
13023917,181,59,122
13024083,0,0,0
13024314,31,1,30
13025588,147,31,116
13025683,1,1,0
13025905,11,3,8
13026008,13,11,2
13026171,3,0,3
13026225,152,52,100
13026264,36,12,24
13026922,237,37,200
1302927,88,43,45
13029495,6,2,4
13030541,20,1,19
13033175,17,1,16
13035462,7,3,4
13035561,65,23,42
13035578,51,14,37
13036046,234,40,194
13036420,0,0,0
13036565,1,0,1
13036566,0,0,0
13036699,56,19,37
13037244,17,5,12
13037458,4,1,3
13037653,11,2,9
13038115,4,0,4
13039248,20,6,14
13040307,26,12,14
13040586,9,1,8
13040697,161,45,116
13040881,2,1,1
13041408,52,11,41
13041542,42,17,25
13042383,2,0,2
1304277,464,86,378
13042800,0,0,0
13042832,83,19,64
13043427,56,12,44
13043429,179,43,136
13043590,24,10,14
13043789,4,1,3
13043792,61,9,52
13044015,43,2,41
13044248,70,31,39
13044628,24,2,22
13048726,109,42,67
1304907,2,1,1
13049519,24,2,22
13049594,3,2,1
1304980,352,85,267
13049937,4,3,1
13051741,103,56,47
13051806,189,50,139
13052019,51,2,49
13052306,28,8,20
13052568,0,0,0
1305258,170,52,118
13052605,5,2,3
13053046,20,6,14
13053197,145,36,109
13054207,28,7,21
13054340,110,25,85
13054353,107,50,57
13054423,61,24,37
13054739,13,6,7
13054775,80,36,44
13055127,135,26,109
13055191,125,20,105
13055263,16,10,6
13055283,6,1,5
13055958,138,44,94
13056468,2,1,1
13057018,8,0,8
13057081,11,2,9
13059074,80,32,48
13059188,124,51,73
13061275,70,27,43
13061385,63,11,52
13061635,6,0,6
13061789,35,8,27
13062176,7,0,7
13062283,13,3,10
13062564,9,0,9
13062883,265,97,168
13064321,55,11,44
1306561,1,0,1
13067466,4,2,2
13068668,28,10,18
13069114,296,44,252
1306956,2,1,1
13070216,37,9,28
13070278,43,12,31
1307053,187,41,146
13070950,16,7,9
13071512,6,1,5
13071520,17,5,12
13072033,78,37,41
13072525,3,2,1
13073158,133,58,75
1307360,311,77,234
13073827,198,40,158
13074377,4,2,2
13075049,577,95,482
13075361,6,2,4
13075521,12,0,12
13075880,18,3,15
13076498,0,0,0
13078172,6,1,5
1307855,473,112,361
13078631,1,0,1
13079487,94,24,70
13079774,0,1,-1
13080829,150,26,124
13080918,2,0,2
13081062,8,1,7
13085314,51,16,35
13085822,39,6,33
13087454,45,14,31
13087550,12,6,6
13087561,5,3,2
13087602,5,0,5
13089242,415,87,328
13089362,7,3,4
13089506,68,26,42
13089766,51,8,43
13089850,322,92,230
13089989,4,3,1
1309044,146,43,103
13090451,12,1,11
13090952,140,58,82
13090999,87,27,60
13091107,135,85,50
13091290,1,0,1
13091425,97,53,44
13092021,68,26,42
13092940,29,19,10
13094321,38,14,24
13094709,0,1,-1
13095360,74,12,62
13095644,7,3,4
13095654,4,4,0
13098162,2,2,0
13098444,3,0,3
13098510,42,4,38
13103278,82,33,49
13103695,4,3,1
13104026,106,57,49
13104886,19,4,15
13105200,1,0,1
13105708,9,0,9
13105835,17,7,10
1310624,12,0,12
13107158,54,10,44
13107314,5,1,4
13107794,0,0,0
13107948,3,0,3
13108139,247,40,207
13108643,14,1,13
13108665,71,32,39
1310954,179,53,126
1310972,160,37,123
13109987,3,1,2
13110899,94,34,60
13111908,36,7,29
13111943,9,0,9
1311216,194,37,157
1311246,33,9,24
13113052,3,1,2
13113131,41,2,39
13115158,247,58,189
13118157,54,11,43
1311837,351,101,250
13118876,34,8,26
13119015,25,1,24
13119907,202,41,161
13119939,0,0,0
1311998,437,90,347
13120366,187,22,165
13120620,0,0,0
13120786,744,159,585
13120798,16,5,11
13121302,535,116,419
13121745,116,20,96
13121751,165,46,119
13121988,45,18,27
13122040,3,2,1
13122093,115,23,92
13122540,0,1,-1
13122699,11,4,7
13122879,17,4,13
13123316,5,0,5
1312352,189,75,114
13124102,36,4,32
13124162,18,5,13
13124794,22,12,10
13125921,23,5,18
13127091,0,0,0
13127309,16,7,9
13127344,11,2,9
13127444,234,28,206
13127559,8,3,5
13128532,58,16,42
13128956,123,37,86
13130953,221,52,169
13131165,110,36,74
13131313,156,37,119
13132016,48,19,29
13132534,11,5,6
13132630,29,4,25
13133119,57,6,51
13133143,53,17,36
13133254,133,26,107
13133347,137,49,88
13133838,75,30,45
13134348,13,2,11
13135018,80,12,68
1313528,234,53,181
1313531,514,134,380
1313534,23,4,19
1313536,6,0,6
1313539,197,38,159
13135559,12,7,5
1313591,12,2,10
1313616,319,79,240
1313621,305,58,247
13136682,106,77,29
13136756,21,11,10
13137387,100,48,52
13137576,48,31,17
13137815,21,3,18
13138748,121,38,83
13138814,162,29,133
13138974,43,15,28
13139326,176,80,96
131444,286,73,213
13145924,60,36,24
13146305,371,53,318
13146940,29,9,20
1314755,77,53,24
13148225,134,22,112
13148291,20,8,12
13148440,4,2,2
13148596,8,0,8
13149012,533,102,431
13149190,28,7,21
13149461,20,4,16
13150645,36,4,32
13150907,1,0,1
13152345,3,1,2
13152597,5,1,4
13153642,1,2,-1
13155025,227,86,141
13156636,220,79,141
13158661,54,8,46
13158851,2,2,0
13159809,43,20,23
13159936,13,4,9
13160353,26,7,19
13160822,358,165,193
13160856,3,2,1
13161339,28,8,20
13161564,4,4,0
13161675,6,2,4
13161791,25,5,20
13161872,6,5,1
13162030,42,17,25
13162363,227,81,146
13162865,429,153,276
13163221,0,1,-1
13163584,44,14,30
13164117,19,5,14
13164523,302,38,264
13165422,58,7,51
13165813,6,1,5
13166026,8,0,8
13166595,200,45,155
13166784,114,46,68
13168171,227,40,187
13168239,54,12,42
13168335,6,1,5
13170374,1,0,1
13170758,34,18,16
13171330,12,0,12
13172842,361,180,181
13173272,12,3,9
13173444,11,6,5
13177951,0,0,0
13178503,62,29,33
13178631,42,11,31
13180636,0,0,0
13180750,6,2,4
1318124,221,72,149
13181381,16,1,15
13181603,1,0,1
13181963,62,17,45
13182007,7,5,2
13182458,25,6,19
13182488,125,35,90
13182767,2,2,0
13183092,95,22,73
13183187,354,46,308
13183897,10,5,5
13184145,0,0,0
13184449,18,11,7
13184955,56,46,10
13185707,23,7,16
13186250,730,116,614
13186423,51,37,14
13186877,173,78,95
13187594,3,1,2
13187640,13,9,4
13189931,1,0,1
13189944,13,1,12
13189994,18,2,16
13190144,5,0,5
13190549,129,38,91
13190630,116,56,60
13190645,12,7,5
13191114,108,39,69
13191236,52,16,36
13192277,4,2,2
1319392,104,9,95
1319429,151,31,120
1319498,125,17,108
13195272,18,3,15
13196140,2,0,2
13196392,131,67,64
13196562,0,0,0
13197793,0,0,0
13201144,18,9,9
13201231,20,4,16
13201556,113,35,78
13201585,126,30,96
13201806,88,56,32
13202052,15,4,11
13202466,146,60,86
13203458,101,13,88
13204167,0,0,0
13205200,154,25,129
13205395,76,20,56
13206034,111,21,90
13207029,11,4,7
13207066,8,3,5
13207338,3,0,3
13207901,9,6,3
13207914,362,120,242
13209289,117,27,90
13211653,27,8,19
13212725,430,94,336
13213189,184,35,149
13214107,23,2,21
13214521,128,50,78
13214588,0,0,0
13214880,84,21,63
13215726,43,10,33
13215738,135,29,106
13215846,1,1,0
13217272,0,0,0
13218121,5,3,2
13218153,69,19,50
13218693,45,16,29
13219475,0,0,0
13220864,262,78,184
13221062,106,42,64
13221661,5,0,5
13222270,49,18,31
13222852,7,0,7
13228231,5,1,4
13229041,71,22,49
13229232,47,25,22
13230330,7,2,5
13230607,444,211,233
13230652,55,16,39
13230831,27,8,19
13231439,49,6,43
13231445,165,37,128
13231868,7,3,4
13232677,15,1,14
13234831,2,0,2
13235197,58,8,50
13235972,124,17,107
1323647,10,1,9
13236903,49,6,43
13237408,37,17,20
13238192,239,36,203
13238670,7,1,6
13241453,19,6,13
13243934,81,22,59
13243977,18,2,16
13244001,368,118,250
13244651,69,6,63
13244780,42,26,16
13244844,242,61,181
13246921,75,23,52
13246927,25,8,17
13247640,10,2,8
13247797,4,5,-1
13248623,6,1,5
13249704,62,19,43
13250040,24,7,17
13250149,19,16,3
13250441,30,14,16
13250518,3,2,1
13250843,378,79,299
13253448,4,1,3
13253522,9,6,3
13253806,23,6,17
13253808,124,32,92
13254100,147,24,123
13254285,16,5,11
13254315,179,21,158
13254774,244,68,176
13255118,33,14,19
13255528,5,0,5
13255805,29,13,16
13255955,179,55,124
1325597,144,66,78
13257697,82,47,35
13257785,25,12,13
13257896,12,4,8
13260653,4,1,3
13260799,5,1,4
13261377,8,3,5
13261549,7,0,7
13264099,34,14,20
13264281,7,0,7
13264288,12,1,11
13266670,15,1,14
13266710,278,57,221
13267391,547,104,443
13267905,5,2,3
13267926,113,32,81
13268180,12,3,9
13268222,94,25,69
13268400,54,25,29
13268681,4,3,1
13269008,68,30,38
13269507,0,0,0
13269522,19,14,5
13270055,31,4,27
13271220,44,12,32
13271258,56,22,34
13271427,3,0,3
13272737,2,2,0
13273480,617,108,509
13273922,40,6,34
13274027,13,1,12
13274166,330,52,278
13275201,14,4,10
13275364,7,1,6
13275704,109,12,97
13275822,9,0,9
13276037,20,1,19
13276419,153,43,110
13276594,17,8,9
13276966,216,66,150
13277021,89,37,52
13277495,76,12,64
13277752,26,9,17
13277791,18,6,12
13278373,86,24,62
13279425,69,46,23
13279445,0,0,0
13280212,2,0,2
13281243,63,16,47
13281317,8,4,4
13284923,2,0,2
13285992,1,0,1
13286042,7,1,6
13286352,0,0,0
1328637,10,4,6
13286496,208,47,161
13286805,0,0,0
13287366,35,2,33
13287639,25,9,16
13288367,0,0,0
13288428,167,31,136
13288439,54,21,33
13289086,2,1,1
13289508,76,19,57
13289540,34,6,28
13289871,40,4,36
13290472,64,27,37
13290497,0,0,0
13291388,112,69,43
13291673,32,16,16
13291972,23,21,2
13292019,37,13,24
13294159,488,93,395
13295629,22,6,16
13295813,19,4,15
13297148,219,67,152
13297226,104,20,84
13298161,24,9,15
13298385,73,17,56
13298520,266,108,158
13298531,42,18,24
13298974,304,79,225
13299084,0,0,0
13299465,37,14,23
13299546,55,14,41
13300577,11,2,9
13304375,46,6,40
13304753,14,3,11
13304798,37,13,24
13305416,7,3,4
13305811,40,12,28
13306200,74,31,43
1330651,4,1,3
13306739,5,1,4
13307365,6,2,4
1330737,311,75,236
13307892,0,0,0
13308402,242,90,152
13309342,0,0,0
13309836,7,6,1
13309921,112,36,76
13309995,32,20,12
13310173,26,8,18
13310458,206,29,177
13311032,13,2,11
13312199,143,35,108
13312259,40,12,28
13312607,1,0,1
13314236,0,0,0
13314842,1,0,1
13315374,35,8,27
13316054,434,123,311
13316385,147,39,108
13316503,118,19,99
13321214,54,9,45
13321242,7,4,3
13321783,8,0,8
13321906,8,3,5
13321937,58,17,41
13322424,1,0,1
13322476,131,45,86
13322508,11,5,6
13322956,131,55,76
13323394,249,99,150
13323932,43,6,37
13324052,167,37,130
13324947,4,1,3
13325502,211,88,123
13326169,15,7,8
13326471,5,2,3
13326680,225,110,115
13327518,1,1,0
13328120,78,17,61
13328340,28,6,22
13328785,16,7,9
13328825,22,8,14
13329124,5,1,4
13330375,70,12,58
13330397,17,14,3
13331827,39,10,29
13332198,172,31,141
13332202,0,0,0
13332981,50,44,6
13332991,15,4,11
1333509,58,9,49
13337887,1,1,0
13338672,1,0,1
13338770,5,3,2
13338999,53,6,47
13339584,247,96,151
13339604,2,0,2
13339882,203,103,100
13340012,15,3,12
13340797,7,0,7
13341079,8,1,7
13341302,16,3,13
13341376,249,40,209
13342124,32,5,27
13342767,58,9,49
13342902,5,0,5
13343303,10,4,6
13343416,77,32,45
13343635,5,4,1
13343674,26,1,25
13344136,3,2,1
13345421,95,18,77
13345818,66,7,59
13345903,0,0,0
13346868,62,18,44
13347090,23,3,20
13347446,22,3,19
13347820,105,8,97
13352532,16,3,13
13352595,12,1,11
13353099,29,12,17
13353685,6,1,5
13353739,23,4,19
13353803,6,9,-3
13353906,8,5,3
13354009,40,10,30
13355234,18,3,15
13355240,100,26,74
13355380,34,5,29
13355900,3,5,-2
13355982,2,0,2
13356286,76,17,59
13357001,46,14,32
13357432,149,28,121
13357730,17,1,16
1335779,314,85,229
13358229,4,1,3
13358704,68,18,50
13360915,62,26,36
1336197,367,171,196
1336477,59,28,31
1336578,32,13,19
13366285,53,11,42
13366666,37,12,25
13367745,12,2,10
13368304,34,4,30
13369847,20,9,11
13370251,276,29,247
13370392,8,5,3
13370622,38,21,17
13370963,10,0,10
13371852,3,3,0
13372260,4,0,4
13372527,4,1,3
1337414,194,83,111
13374506,325,147,178
13374696,3,2,1
13375226,22,6,16
13375458,3,3,0
13375613,73,11,62
13376310,5,4,1
13376836,3,0,3
13381237,2,1,1
13381921,330,78,252
13382420,3,0,3
13382653,47,24,23
13384504,23,4,19
13384667,0,2,-2
13384745,0,0,0
13385490,8,0,8
13385863,17,5,12
13386779,66,57,9
13387702,152,25,127
13388399,13,3,10
13388855,15,6,9
13389078,82,11,71
13389475,78,18,60
13389556,101,37,64
13390008,208,49,159
13391175,5,1,4
13391289,211,50,161
13391685,2,1,1
13391716,6,0,6
13392631,63,26,37
13393938,29,8,21
1339408,205,35,170
13394306,9,4,5
13394328,75,10,65
13395023,26,13,13
13395059,0,0,0
13395065,7,3,4
13395374,128,36,92
13395889,6,1,5
13396134,134,61,73
1339616,44,15,29
13396482,193,42,151
1339718,296,42,254
1339785,89,39,50
13400249,75,16,59
13400599,5,1,4
13401591,4,0,4
13402261,8,2,6
13402693,41,14,27
13402843,0,3,-3
13402847,26,10,16
13403719,142,39,103
13404109,98,26,72
13404863,31,6,25
13406040,38,28,10
13406205,147,25,122
1340622,268,59,209
13406701,5,4,1
13406907,5,2,3
13408138,5,3,2
13409177,0,0,0
13409347,46,5,41
13409629,41,4,37
13412059,0,2,-2
1341379,338,102,236
13415304,1,0,1
13417554,3,0,3
1341763,54,32,22
13419473,95,9,86
13420286,1,1,0
13420888,15,2,13
13420974,94,42,52
13421434,171,50,121
1342152,345,142,203
13421674,157,54,103
1342180,127,32,95
13421813,163,75,88
13421904,136,49,87
13422066,202,122,80
13422129,2,2,0
13422389,261,64,197
13422460,22,2,20
13422653,117,45,72
13422938,23,11,12
13422987,31,14,17
1342325,371,85,286
13423548,118,38,80
1342479,509,122,387
13425440,2,0,2
1342639,14,5,9
13426747,16,4,12
13427483,449,90,359
1342795,235,126,109
1342810,58,26,32
13429460,213,94,119
1342955,18,6,12
13429963,9,1,8
13430030,34,3,31
13430188,160,46,114
13430369,13,6,7
13430390,4,0,4
13432052,2,1,1
13433582,13,5,8
1343497,330,84,246
1343501,11,1,10
13440155,32,7,25
13440318,5,2,3
13440420,10,7,3
13440736,83,27,56
13441078,18,4,14
13442653,242,66,176
13443012,7,1,6
13443270,42,4,38
13443550,74,14,60
13443780,32,9,23
13444567,19,6,13
13444640,9,2,7
13445215,26,22,4
13445241,1,1,0
13445533,20,4,16
13445580,77,48,29
13445617,41,7,34
13446586,7,2,5
13446918,17,3,14
1344695,57,17,40
13447895,1,0,1
13448174,257,105,152
13448522,50,3,47
13448599,4,4,0
13448783,12,1,11
13449377,27,11,16
13451827,27,2,25
1345293,183,28,155
13455120,1,1,0
13455562,547,73,474
13456213,3,0,3
13456490,12,4,8
13456949,6,5,1
13457207,87,37,50
13457798,1,1,0
13459137,157,18,139
13459310,33,4,29
13460097,3,3,0
13460827,48,13,35
13461117,72,22,50
13461961,66,13,53
13462250,21,9,12
13462855,5,1,4
1346303,87,39,48
13463318,7,2,5
13464651,87,13,74
1346531,78,29,49
13465969,45,15,30
13466339,89,32,57
13470834,1,0,1
13470863,15,6,9
13472026,175,52,123
13472635,101,13,88
13472785,33,12,21
13473435,4,1,3
13473438,16,3,13
13474477,186,33,153
13474518,62,10,52
13474527,29,11,18
13475013,48,14,34
13475527,44,26,18
13476788,28,14,14
13477525,11,3,8
13478057,9,10,-1
13478911,67,31,36
1347985,67,8,59
13479986,36,6,30
1348002,22,4,18
13481427,197,96,101
13481702,17,5,12
13482901,33,8,25
13483308,9,0,9
13484084,58,17,41
13484146,98,39,59
13485250,5,1,4
13485374,7,0,7
13485719,5,2,3
13485989,22,9,13
13486313,2,1,1
13486869,58,19,39
1348705,143,47,96
13487098,7,5,2
13487380,53,18,35
13487518,106,21,85
13487600,10,7,3
13488024,15,7,8
13488242,4,1,3
13488406,17,11,6
13488640,253,83,170
13488950,45,2,43
13489054,45,28,17
13489081,0,0,0
13489398,88,9,79
13490889,58,7,51
13491104,9,1,8
13491394,44,19,25
13492649,6,1,5
13492694,2,0,2
13492951,45,17,28
13493253,5,1,4
13493607,27,7,20
13493884,10,1,9
13494377,2,1,1
13494401,3,1,2
13494852,59,15,44
1349717,61,35,26
13497367,45,4,41
13497523,22,8,14
13497834,10,0,10
13499416,323,59,264
13499733,37,15,22
13500935,7,8,-1
13501065,374,67,307
13501205,110,42,68
13501808,159,16,143
13502357,87,32,55
13502611,5,4,1
13502814,17,4,13
13503328,45,23,22
13503877,130,42,88
13504236,1,1,0
13504438,24,5,19
13504689,42,5,37
13506803,609,178,431
13508283,2,1,1
13508329,88,45,43
13508589,0,0,0
13508623,9,1,8
13508819,18,7,11
13508917,11,0,11
1351002,74,15,59
13510388,14,20,-6
13510946,14,5,9
13511079,47,5,42
13511186,3,0,3
13511526,37,9,28
13512606,301,58,243
13512792,9,0,9
13513387,43,9,34
13514090,10,2,8
13516656,4,0,4
13518362,0,0,0
13519224,16,10,6
13519363,1,1,0
13519560,50,12,38
13519878,30,15,15
13520242,374,75,299
13520448,108,33,75
13520449,7,3,4
13520459,3,2,1
13521413,2,0,2
13521590,32,10,22
13522062,21,7,14
1352264,293,124,169
13523040,20,6,14
13523874,5,2,3
13524040,1,0,1
13524327,1,1,0
13524455,505,87,418
13524465,1,0,1
1352479,557,249,308
13525827,11,6,5
13526066,19,5,14
13527258,76,37,39
13527279,4,0,4
13527586,168,21,147
13527706,84,6,78
13528650,35,13,22
13528709,31,8,23
13529798,17,2,15
13530068,20,7,13
13530139,59,31,28
13530407,12,5,7
13530812,274,18,256
13533628,156,20,136
13534710,19,4,15
13534867,40,5,35
13535637,9,1,8
13535650,19,4,15
13535909,35,10,25
13536200,13,3,10
13536692,116,15,101
13536818,26,9,17
13537141,63,12,51
13537239,7,2,5
13537263,13,8,5
13537469,156,38,118
13538017,101,29,72
13539199,6,0,6
1353925,8,5,3
13540213,42,9,33
13540744,5,0,5
13540778,11,8,3
13541121,231,62,169
1354206,117,40,77
13542930,89,22,67
13543572,116,12,104
13543891,3,1,2
13544975,46,12,34
13545473,206,46,160
13545597,26,1,25
13545813,1,0,1
13546081,151,15,136
13546088,12,4,8
13546177,10,2,8
13546179,182,49,133
13546888,3,3,0
13546915,4,0,4
13546977,14,5,9
1355056,0,0,0
13550893,0,0,0
13550977,50,10,40
1355147,171,59,112
13552316,58,19,39
13554202,148,66,82
13554409,1,0,1
13554539,6,3,3
13554634,280,62,218
13554642,187,83,104
13554665,20,7,13
13554727,23,2,21
13555608,127,79,48
13555941,1,1,0
13556269,2,0,2
13556295,11,8,3
13556338,40,7,33
13556611,28,12,16
13556747,6,6,0
13557685,4,2,2
13557864,370,85,285
13558588,537,138,399
13558915,1,0,1
13558946,135,33,102
13558977,144,20,124
13561787,73,32,41
13562381,53,5,48
13562628,2,0,2
13562725,97,24,73
13563023,15,2,13
13564137,90,25,65
13567897,314,31,283
13568268,41,8,33
13569770,0,0,0
13570112,85,36,49
13570174,42,10,32
13570398,0,0,0
13570995,19,6,13
13572756,196,58,138
13572821,70,31,39
13572875,479,166,313
13573008,216,102,114
13573183,99,27,72
13573334,2,0,2
13573508,636,177,459
13574136,148,26,122
13574181,6,1,5
13574341,159,83,76
13574385,7,8,-1
13574925,64,16,48
13575268,16,3,13
13575756,146,34,112
1357673,248,71,177
13577025,21,1,20
13577562,34,14,20
13577674,11,4,7
1357846,229,45,184
13579685,0,0,0
13580413,311,86,225
13581119,16,1,15
13581224,162,49,113
13581931,8,3,5
13582046,14,9,5
13582171,79,20,59
13582704,10,4,6
13582718,80,65,15
13582733,122,46,76
13584552,5,0,5
13584735,122,27,95
13585668,24,9,15
13585802,7,1,6
13586167,383,277,106
13587097,152,27,125
13587367,16,6,10
13587729,256,84,172
13587755,3,0,3
13587890,4,1,3
13588230,11,3,8
13588547,9,3,6
13588780,304,74,230
13589671,1032,170,862
13589872,26,17,9
13590209,20,5,15
13594306,25,5,20
13594409,2,0,2
13594720,66,18,48
13594947,10,5,5
13595129,460,101,359
13595931,3,0,3
13596007,77,10,67
13596451,17,8,9
13596689,30,9,21
13597883,5,1,4
13598348,2,1,1
1359847,165,48,117
13598486,0,2,-2
13599265,16,3,13
13599755,25,3,22
13599871,3,4,-1
13600948,14,1,13
13601242,115,37,78
13601427,6,4,2
13601559,3,1,2
13602835,37,12,25
1360300,19,0,19
13603144,188,45,143
13603192,111,27,84
13603356,43,25,18
13603538,44,13,31
13604159,591,157,434
13604317,11,5,6
13604333,10,1,9
13604499,38,13,25
13606215,51,11,40
1360695,99,12,87
13607423,3,0,3
13608707,208,44,164
13609107,5,0,5
13609583,15,8,7
13609678,6,1,5
13610003,1,1,0
13610833,2,4,-2
13611122,49,14,35
13611154,78,19,59
13612734,40,18,22
13612994,1,0,1
13613675,57,26,31
13613808,16,5,11
13614962,5,2,3
13615158,98,32,66
13615218,9,3,6
13615227,17,9,8
13615234,58,16,42
13615509,12,6,6
13615584,33,9,24
13615825,9,4,5
13616165,81,6,75
13616561,110,15,95
13618309,1,2,-1
13618315,29,5,24
13618824,7,2,5
13619311,301,50,251
13619457,23,5,18
13619784,5,2,3
13619926,9,1,8
13620282,2,2,0
13620569,4,1,3
13621020,0,0,0
13621365,257,18,239
13621465,4,3,1
13621520,65,17,48
1362167,229,74,155
13621765,54,17,37
13621881,32,24,8
13622372,4,0,4
13622477,255,41,214
13622773,536,132,404
1362525,13,4,9
13627377,57,12,45
13627746,39,9,30
13628189,48,10,38
13628193,3,2,1
13628894,0,0,0
13629023,17,6,11
13629629,64,7,57
13630282,90,30,60
13630408,8,5,3
13630421,68,45,23
13630748,95,13,82
13631127,117,9,108
13631430,359,78,281
13632454,67,42,25
13632770,4,0,4
13633942,10,3,7
13634035,218,84,134
13634516,252,74,178
13635217,200,33,167
13635739,48,20,28
13636303,97,16,81
1363841,141,42,99
13638430,3,0,3
13638655,17,5,12
13639853,121,43,78
13639977,35,5,30
13639982,5,2,3
13640745,32,25,7
13642752,218,31,187
13644216,24,10,14
13644563,4,1,3
13645138,282,94,188
13645913,22,10,12
13646230,0,0,0
13646541,11,4,7
1364667,6,1,5
13646690,4,0,4
13646696,3,1,2
13648611,6,4,2
13649116,105,23,82
13649721,79,18,61
13649949,59,19,40
13650368,0,0,0
13650403,18,1,17
13650493,135,27,108
13650591,20,5,15
13651163,18,6,12
13651467,28,4,24
13651605,32,10,22
13651715,2,2,0
13651780,52,18,34
13651853,109,23,86
13652219,204,81,123
13652979,0,0,0
13654149,6,2,4
13654579,67,24,43
13655394,20,3,17
13656172,84,23,61
13656468,2,0,2
13656575,112,17,95
13657183,26,3,23
13657438,17,5,12
13662352,112,32,80
1366241,90,29,61
13662527,4,0,4
1366280,230,53,177
13662830,32,35,-3
13662845,22,5,17
13662873,204,69,135
13662999,219,74,145
13663053,123,35,88
13663187,41,4,37
13663264,290,208,82
1366341,247,218,29
13664053,46,12,34
13664204,27,13,14
13664528,25,12,13
13664968,80,28,52
13665139,54,26,28
13665568,19,0,19
13666503,0,0,0
13667061,57,16,41
13667491,64,48,16
13668721,1,1,0
13668782,62,20,42
13669576,2,0,2
13669680,7,0,7
13670366,0,0,0
13670800,105,88,17
13670879,2,1,1
13671064,22,2,20
13671428,39,4,35
13671947,1,1,0
13672092,36,8,28
13672328,63,5,58
13672765,73,10,63
13672779,8,0,8
13672870,3,1,2
13673025,249,23,226
13673045,29,6,23
13673226,7,1,6
13673544,20,4,16
1367598,548,125,423
13677366,52,17,35
13678376,30,15,15
13679552,14,2,12
13679880,101,9,92
13679954,81,16,65
13681594,32,8,24
13681962,10,0,10
1368218,345,121,224
1368225,254,102,152
13682752,4,4,0
13684452,50,17,33
13684667,0,0,0
13685534,6,1,5
13685785,32,7,25
13686687,28,11,17
13689690,540,89,451
1369082,14,9,5
13691322,29,19,10
13692242,173,46,127
13692370,6,3,3
13692946,308,52,256
1369315,395,151,244
13694591,2,0,2
13694729,24,8,16
13694744,9,6,3
1369502,2,1,1
13695320,1,1,0
13695802,1,0,1
13696098,5,3,2
13696434,92,49,43
13696443,274,33,241
13696569,15,8,7
13696902,9,4,5
13697433,5,0,5
13699101,13,10,3
13706061,20,13,7
13708323,33,18,15
13708391,11,3,8
13709713,128,34,94
13710318,22,8,14
13710391,3,2,1
13710399,2,1,1
13710411,18,2,16
13711102,21,13,8
13711407,0,0,0
13711897,2,0,2
13712199,6,1,5
13712419,7,1,6
13712575,26,3,23
13713099,0,0,0
13713431,6,0,6
13713436,100,13,87
13713757,3,1,2
13713957,662,84,578
13719657,9,2,7
13720058,53,15,38
13720464,64,10,54
1372060,225,114,111
13720652,67,25,42
13720661,501,86,415
13720745,0,0,0
13721728,0,0,0
13722086,2,0,2
13722313,5,2,3
13722386,31,4,27
13722522,6,5,1
13722710,15,0,15
13723451,0,0,0
13723617,5,1,4
13724152,141,52,89
13724380,101,54,47
1372449,225,52,173
13725227,15,0,15
13725446,90,52,38
13726063,46,18,28
13726146,57,35,22
13726253,10,3,7
13728285,15,10,5
13728503,26,7,19
13728532,4,6,-2
13728785,66,5,61
13729108,33,8,25
13729313,49,9,40
13729592,418,98,320
13730651,214,51,163
1373073,64,13,51
13730734,17,1,16
13730826,158,59,99
13731061,46,14,32
13731084,31,6,25
13731642,19,4,15
13731821,25,5,20
13731968,5,2,3
13732080,11,0,11
13732238,339,77,262
13732292,170,52,118
13736308,20,2,18
13737095,6,1,5
13738060,82,20,62
13738190,51,13,38
13738513,138,27,111
13738715,143,40,103
13738905,8,3,5
13738915,12,6,6
13738984,65,15,50
13739311,187,43,144
13739685,18,12,6
13739688,3,2,1
13741095,142,45,97
13741237,3,1,2
13742022,7,2,5
13742028,21,8,13
13744498,4,1,3
13744968,6,1,5
1374497,24,10,14
13744994,3,0,3
13745215,34,1,33
13745491,12,5,7
13745959,491,86,405
13746003,3,0,3
13746028,10,5,5
13746187,0,0,0
13747284,0,0,0
1374771,59,28,31
13748670,85,14,71
13749393,79,16,63
13749497,194,90,104
13749515,11,0,11
13749720,113,17,96
13749845,12,0,12
13750690,114,33,81
13751234,149,47,102
13751409,5,3,2
13754210,0,1,-1
13755276,37,9,28
13755887,8,1,7
13756023,9,2,7
13756058,84,21,63
13756497,0,0,0
13756776,9,1,8
13757200,30,13,17
1375754,210,65,145
13757843,82,38,44
13757856,13,4,9
137581,749,310,439
13758288,131,32,99
1375962,243,90,153
13759781,12,0,12
1376018,151,35,116
13760654,0,0,0
13761336,92,50,42
13762247,6,2,4
13762371,5,2,3
13762479,73,20,53
13762972,174,27,147
13762995,25,5,20
13763221,64,21,43
13763334,239,59,180
13763507,156,16,140
13763886,5,0,5
13763897,0,0,0
13764420,275,68,207
13764436,18,8,10
13764751,11,1,10
13764918,0,0,0
13765783,3,0,3
13766193,312,74,238
13766921,49,11,38
13767397,120,46,74
13767446,18,6,12
13767495,3,0,3
13767530,14,10,4
13768239,16,8,8
13769236,3,0,3
13770585,91,29,62
13772172,8,4,4
13772385,12,2,10
13772751,43,5,38
13773755,40,8,32
13773933,25,4,21
13774853,35,17,18
13775275,16,21,-5
13775380,4,6,-2
13775401,27,6,21
13775404,4,0,4
13775884,4,0,4
13775975,7,4,3
13776671,149,46,103
13776998,14,8,6
13777257,5,0,5
13777944,78,28,50
13778244,38,18,20
13778818,7,2,5
13779187,12,2,10
13779681,19,10,9
13780478,68,20,48
13780515,159,63,96
13780719,134,69,65
1378087,188,61,127
13782958,140,39,101
13783473,1,0,1
13783576,10,7,3
13783741,67,11,56
1378420,53,15,38
13784598,4,0,4
13784851,4,1,3
13789350,22,2,20
13789968,8,3,5
13790388,2,0,2
13790624,21,1,20
137907,141,44,97
13790851,5,2,3
13790961,0,0,0
13791264,3,0,3
13791404,431,58,373
13791644,64,11,53
13792333,165,59,106
13792640,11,4,7
13792904,80,28,52
13793236,6,3,3
13793685,3,0,3
13793727,79,17,62
13794434,0,0,0
13795517,0,2,-2
13796326,644,119,525
13796982,185,45,140
13797356,5,4,1
13798881,4,0,4
13799205,30,15,15
13799317,7,3,4
13799568,63,20,43
13800605,18,5,13
13800649,28,5,23
13800814,444,39,405
13800819,19,2,17
13800931,6,1,5
13801370,2,0,2
13803856,127,30,97
13804067,132,41,91
1380451,48,11,37
13804551,10,0,10
13804933,10,0,10
13805219,5,2,3
13805901,111,51,60
13806334,42,7,35
13806400,75,9,66
13806422,6,2,4
13806608,3,1,2
13806992,50,5,45
13807796,22,6,16
13807864,52,5,47
13807891,7,0,7
13807973,32,11,21
13808824,2,0,2
13809207,6,4,2
13809624,176,77,99
13809988,70,15,55
13810288,248,105,143
13811694,45,27,18
13813138,79,19,60
13814329,8,1,7
1381631,45,13,32
13817489,293,61,232
13817737,0,0,0
13818314,0,0,0
13818696,19,9,10
13818742,174,51,123
13819074,20,10,10
13819415,6,1,5
13819748,118,37,81
13819793,211,80,131
13820358,32,13,19
13820601,15,1,14
13820863,119,53,66
13821292,13,5,8
13821297,14,2,12
13821552,166,22,144
13822302,20,14,6
13822351,42,20,22
13822564,4,1,3
13822759,53,8,45
1382312,38,17,21
13823668,37,28,9
13824259,104,32,72
13824370,15,1,14
13824508,31,16,15
13824526,41,7,34
13825068,12,3,9
13825070,3,1,2
13825133,46,17,29
13826144,16,5,11
13826342,6,0,6
13826736,12,6,6
13826971,72,14,58
13827258,277,61,216
13827645,5,4,1
13827892,48,21,27
13827988,7,1,6
13828108,102,34,68
13828373,0,0,0
13829061,2,3,-1
13829252,49,11,38
13831730,11,4,7
13833113,43,6,37
13833612,33,26,7
13834362,11,11,0
13834600,15,5,10
13834712,4,1,3
13834752,8,2,6
13834869,24,7,17
13834959,1,0,1
13835167,2,1,1
13835555,18,9,9
13835599,153,42,111
13835786,84,33,51
13835873,242,40,202
13835874,13,5,8
13836032,16,1,15
13836041,157,77,80
13836324,207,36,171
13836809,2,0,2
13837154,29,5,24
13837255,5,0,5
13838113,9,1,8
1383851,55,6,49
13838744,160,41,119
13838835,0,0,0
13838862,225,35,190
1383888,204,69,135
13839127,40,12,28
13839213,71,23,48
13839762,7,0,7
13840122,21,3,18
13841172,48,5,43
13841252,16,1,15
13841484,155,42,113
13842045,11,7,4
13842326,41,11,30
13842348,189,62,127
13842569,8,0,8
13843049,24,7,17
13843230,15,8,7
13843362,76,19,57
13844004,40,10,30
13844050,32,6,26
13844389,4,0,4
13844841,8,1,7
13845424,58,12,46
13846204,7,0,7
13846818,2,0,2
13847008,3,0,3
13847477,103,18,85
13850025,4,1,3
13850432,0,0,0
13851199,0,0,0
13851334,8,4,4
13851982,25,3,22
13852215,80,19,61
13852860,6,1,5
13853177,6,1,5
13853804,9,4,5
13854372,326,59,267
13854556,4,2,2
13855476,2,0,2
13856431,4,4,0
13856624,140,32,108
13857732,1,0,1
13858218,2,0,2
13860074,12,15,-3
13860300,3,3,0
13860698,1,1,0
13860876,85,27,58
13861404,41,12,29
13861442,16,1,15
13862077,38,7,31
13862453,50,9,41
13863361,27,5,22
13863430,32,8,24
13864359,192,21,171
13868955,39,16,23
13869489,20,7,13
13869640,18,5,13
13869938,39,7,32
13870992,254,68,186
13871629,25,7,18
13873136,14,1,13
13874163,33,6,27
13874211,50,9,41
13875130,509,107,402
13875893,51,33,18
13876062,22,3,19
13876100,0,1,-1
13876816,61,23,38
13877904,28,3,25
13878321,28,6,22
13878750,2,0,2
13878852,13,0,13
138800,109,9,100
13880373,0,0,0
13880416,149,73,76
13880840,3,2,1
13881035,7,3,4
13881201,58,14,44
13881911,31,7,24
13882209,1,2,-1
13882366,0,0,0
13882605,164,32,132
13883040,6,2,4
13886374,43,14,29
13887905,94,17,77
13888081,42,14,28
13888692,75,13,62
13888825,4,2,2
13888902,12,2,10
13889900,31,4,27
13889909,3,0,3
13890005,27,6,21
13890298,5,2,3
13890915,33,5,28
13891606,7,4,3
13891813,29,14,15
13891875,2,0,2
13892119,31,6,25
13892292,29,8,21
13892496,9,1,8
13893646,66,13,53
13893828,66,17,49
13893947,60,14,46
13894358,90,40,50
13894446,25,6,19
13894873,16,1,15
13895241,261,67,194
13895749,52,23,29
13895983,21,12,9
13896042,0,1,-1
13896134,6,3,3
13897264,0,1,-1
13899057,64,18,46
13899080,4,0,4
13899278,3,0,3
13899697,586,108,478
13899749,294,64,230
13901231,3,1,2
13902442,40,24,16
1390326,248,126,122
13903668,26,6,20
13904350,2,4,-2
13904500,172,47,125
13904837,3,2,1
13905660,76,14,62
13905817,1,1,0
13906109,13,1,12
13906476,40,28,12
13906520,16,2,14
13906524,19,6,13
13907315,2,1,1
13907432,31,12,19
13907795,3,1,2
13907937,287,61,226
13908309,189,53,136
13908420,125,33,92
13910495,9,6,3
13911493,147,15,132
13912893,70,35,35
13912983,7,0,7
13913,57,22,35
13913142,10,1,9
13913467,73,28,45
13913804,6,0,6
13914002,3,1,2
13914187,42,8,34
139142,354,164,190
13914228,13,0,13
13917754,314,32,282
13917837,36,5,31
13917843,94,9,85
13917981,50,19,31
13918110,0,0,0
13918128,1,0,1
13918305,1,0,1
13918351,89,29,60
13918471,18,8,10
13918681,3,3,0
13918696,9,3,6
13918833,21,5,16
13918877,31,16,15
13919087,16,3,13
13919295,4,0,4
13919475,95,19,76
13919695,64,54,10
13920192,22,5,17
13920329,0,3,-3
13920577,2,2,0
13920861,0,0,0
13920934,151,51,100
13921193,23,9,14
13921733,40,20,20
13921898,216,32,184
13922060,9,1,8
13922207,171,60,111
13922810,151,29,122
13923743,136,21,115
1392403,2,2,0
13924054,36,13,23
13924625,62,20,42
13925153,17,10,7
13926548,36,8,28
13927417,110,42,68
13929699,33,13,20
13930445,52,27,25
13930926,21,9,12
13932061,11,3,8
13932184,108,45,63
13932288,90,26,64
13932865,4,4,0
13932929,4,4,0
1393337,153,20,133
13933672,116,35,81
1393396,302,64,238
13934353,91,29,62
13934517,20,2,18
13934999,8,0,8
13935054,67,20,47
13935567,156,36,120
13937374,3,1,2
13937699,56,11,45
13937775,61,21,40
13938364,59,6,53
13938408,92,9,83
13938859,51,12,39
13939842,10,1,9
13940004,10,2,8
13940016,0,0,0
13940269,0,0,0
13940336,38,10,28
13940462,54,36,18
13940674,80,27,53
13941134,167,22,145
13943742,0,0,0
13945503,7,0,7
13946071,61,7,54
13946216,24,1,23
13947033,164,54,110
13947298,15,3,12
13947299,155,26,129
13947474,6,1,5
13947707,0,0,0
13948147,31,13,18
13948189,26,9,17
13948499,3,4,-1
13948675,17,7,10
13948684,5,8,-3
13948830,125,30,95
13948833,4,2,2
13949473,23,5,18
13950345,18,3,15
13950541,36,6,30
13950614,5,3,2
13950643,38,6,32
13950733,164,24,140
13950778,8,1,7
1395088,754,261,493
13951401,413,42,371
13951648,122,61,61
13952138,2,0,2
13952276,49,11,38
13952346,12,11,1
13952980,51,8,43
13953154,0,0,0
13953263,46,11,35
13953349,14,12,2
13954081,35,5,30
13954289,72,43,29
13954304,10,7,3
13954669,1,0,1
13955427,2,3,-1
13956068,12,11,1
13956199,37,6,31
13956903,15,4,11
13957125,25,2,23
13957457,5,0,5
13957476,7,0,7
13957480,30,3,27
13957604,8,4,4
13958516,2,0,2
1395902,409,180,229
1396026,400,212,188
13960287,14,4,10
13961533,22,12,10
13963097,30,12,18
13963341,30,7,23
13963673,12,0,12
13963969,99,26,73
13964164,91,36,55
13964783,31,4,27
13964975,0,0,0
13965028,82,20,62
13965252,16,4,12
13965296,64,14,50
13965574,9,10,-1
13967729,0,0,0
13967752,0,0,0
13968241,164,19,145
13969012,19,3,16
13969326,132,56,76
13969512,4,3,1
13969576,83,32,51
13970202,83,31,52
13970216,34,12,22
1397031,235,149,86
13970399,181,80,101
13970430,2,1,1
13970712,31,15,16
13970971,500,138,362
13971818,5,1,4
1397189,106,17,89
13972119,1,1,0
13972483,33,12,21
13974804,44,19,25
13975404,46,10,36
13975451,559,149,410
13977000,41,29,12
13978860,26,6,20
13982858,4,1,3
13983536,2,0,2
13984052,71,13,58
13984079,57,9,48
13984734,19,10,9
13985204,6,0,6
13985325,0,0,0
13985493,95,43,52
1398573,162,50,112
13985774,6,0,6
13985960,9,2,7
13986175,1,0,1
13986368,4,0,4
13986692,2,1,1
13987998,13,5,8
13988864,44,10,34
13989508,34,2,32
13990293,1,1,0
13990828,47,22,25
13990853,4,1,3
13990916,170,27,143
13991877,14,3,11
13992545,1,0,1
13992867,46,16,30
13993287,91,28,63
13993327,38,5,33
13993328,81,21,60
13993679,8,0,8
13993705,16,7,9
13994135,16,7,9
13994187,8,0,8
13994533,24,11,13
13996056,5,0,5
13996117,2,1,1
13996133,18,11,7
13996291,300,60,240
13996669,2,0,2
14000727,0,2,-2
14001118,8,1,7
14001650,46,16,30
14002094,2,0,2
14003736,0,0,0
14003878,136,62,74
14004362,11,2,9
14004975,109,39,70
14005139,72,23,49
1400514,334,150,184
14005186,10,2,8
14005438,280,130,150
14006221,162,44,118
1400624,160,21,139
14007016,76,31,45
14007717,28,9,19
14007909,87,29,58
14008145,22,2,20
14009019,17,6,11
14009289,150,12,138
14009900,40,13,27
14010516,38,10,28
14010675,29,6,23
14010714,23,13,10
14012564,66,15,51
14013002,0,0,0
1401310,235,66,169
14013343,0,0,0
14017977,230,49,181
14018564,0,0,0
14019675,0,0,0
14020170,44,17,27
14020329,116,35,81
14021467,9,1,8
14023202,5,0,5
14023365,19,3,16
14024267,126,65,61
14024929,11,1,10
14025599,34,22,12
14027531,0,0,0
14028512,1,0,1
14029424,54,10,44
14032640,7,5,2
14033483,170,35,135
14033577,30,12,18
14033734,3,1,2
14034410,8,0,8
14034502,143,38,105
14034504,7,1,6
14034553,10,1,9
14035087,61,28,33
14035683,23,8,15
14036956,19,9,10
14038598,11,1,10
14038878,36,13,23
14039388,76,17,59
14039627,0,0,0
14039724,61,18,43
14040206,7,1,6
14040669,7,0,7
14040923,5,2,3
14040934,29,6,23
14041539,77,15,62
14041543,16,5,11
14041800,3,2,1
14042026,37,11,26
14046441,47,6,41
14046488,53,19,34
14046643,10,2,8
14046999,47,7,40
14047793,14,3,11
14048213,7,3,4
14048490,4,5,-1
14049334,47,29,18
14050731,1,0,1
140518,70,20,50
14052287,74,15,59
14053160,11,2,9
14053786,9,8,1
14054545,14,1,13
14054624,514,84,430
14054800,330,85,245
14054851,12,6,6
14054935,5,0,5
14062679,19,5,14
14062736,335,44,291
14062740,1,1,0
14062753,13,5,8
14062934,53,16,37
14063360,161,24,137
14063733,75,16,59
1406387,718,177,541
14064132,3,3,0
14064563,4,0,4
14064571,2,0,2
14065526,0,0,0
14066447,150,53,97
14066953,30,10,20
14067653,51,41,10
14069119,269,61,208
14069312,128,21,107
14069730,30,8,22
14071318,9,7,2
14071448,47,11,36
14071939,31,7,24
14072134,2,0,2
14072190,5,2,3
14072314,1,0,1
14072602,4,3,1
14072942,6,1,5
14073434,85,24,61
14074191,0,0,0
14074467,21,6,15
14080630,5,2,3
14081176,6,0,6
14081378,15,4,11
14081601,40,24,16
14082003,113,75,38
14082017,29,13,16
14082190,9,0,9
14082270,4,1,3
14082295,148,62,86
14082509,35,11,24
14082520,34,18,16
14082599,73,20,53
1408306,28,1,27
14084121,5,1,4
14085242,18,4,14
14087127,37,16,21
14087316,90,50,40
14087806,239,74,165
1408822,70,39,31
14088401,5,2,3
14088818,74,21,53
14089247,214,38,176
14089358,63,19,44
14089479,1,1,0
14091351,1,2,-1
14091542,177,38,139
14091652,51,6,45
14092084,142,43,99
14092256,310,71,239
14092608,88,31,57
14094629,1,2,-1
14097029,68,24,44
14097186,14,5,9
14097852,8,3,5
14098469,3,0,3
14098775,3,2,1
14098785,29,8,21
14099032,87,22,65
14099521,123,48,75
14099550,44,16,28
14099688,52,25,27
14099871,65,8,57
14100282,39,7,32
14100481,21,4,17
1410053,64,24,40
14101700,35,14,21
14102171,99,20,79
14102517,59,20,39
14102566,85,26,59
14103358,140,42,98
1410347,74,11,63
14103884,7,1,6
14103971,2,0,2
14104172,2,0,2
14104314,69,13,56
14104486,101,32,69
14104610,57,16,41
14104637,83,17,66
14104713,11,1,10
14105624,51,15,36
14107118,11,2,9
14107570,62,13,49
1410784,2,0,2
14108446,3,1,2
14108835,0,0,0
1411163,803,343,460
14113118,0,0,0
14113845,154,58,96
1411389,48,18,30
14114141,16,5,11
14114608,432,74,358
14114658,9,1,8
14115217,7,1,6
14115477,13,9,4
14115635,77,16,61
14116002,26,10,16
14116031,4,0,4
1411610,103,57,46
14116477,45,17,28
14116521,81,14,67
14116555,11,8,3
14116846,39,8,31
14116929,102,20,82
14117156,101,39,62
14117207,14,3,11
14117240,4,3,1
14117726,2,0,2
14118187,0,1,-1
1411879,96,39,57
14119624,90,21,69
14120171,54,18,36
14122562,65,20,45
14123146,356,52,304
14123217,123,25,98
14123384,11,2,9
14124148,11,3,8
14124208,17,7,10
14124342,161,58,103
14124468,6,1,5
14124685,59,7,52
14124990,189,48,141
14125104,3,1,2
14125206,33,6,27
14125317,48,13,35
14129664,0,0,0
14129891,201,24,177
14131224,2,0,2
14131877,107,15,92
14132205,5,3,2
14132466,16,11,5
14132752,12,7,5
14132912,151,32,119
14134561,2,0,2
14134634,181,47,134
14134652,102,21,81
14134778,7,1,6
14134955,54,26,28
14135106,11,5,6
14137784,42,21,21
14138149,40,4,36
14138251,2,1,1
14138404,9,2,7
1413870,67,15,52
14139274,3,2,1
14139277,31,6,25
14139503,31,1,30
14140443,58,16,42
14141222,4,0,4
14142003,4,0,4
14144231,6,1,5
14144265,17,7,10
14145036,74,24,50
1414522,17,8,9
14145445,6,2,4
14145552,1,0,1
14145641,30,6,24
14146144,18,3,15
14146151,11,3,8
14146496,387,81,306
14146882,127,26,101
1414726,49,11,38
14147271,20,6,14
14147434,105,23,82
14148080,166,39,127
14148212,21,10,11
14149309,17,4,13
14150789,1,0,1
14151131,84,10,74
14151468,225,51,174
14152633,29,6,23
14152736,21,7,14
14153359,449,68,381
14153386,81,36,45
14153978,6,2,4
14156299,6,0,6
1415649,16,6,10
14157134,4,0,4
14158601,79,17,62
14158901,75,19,56
14159231,31,20,11
14160426,96,18,78
14160750,37,23,14
14161821,40,20,20
14161980,55,18,37
14163334,5,1,4
14163399,37,4,33
14163687,7,2,5
1416394,152,27,125
14164360,39,8,31
14164478,36,10,26
14164496,33,1,32
14164719,1,1,0
14165271,31,10,21
14165425,68,11,57
14165737,81,15,66
14166449,34,9,25
14166536,47,15,32
14166572,0,0,0
14167060,27,12,15
14167619,17,9,8
14167750,6,0,6
14170420,60,26,34
14172566,4,2,2
14173349,40,8,32
14173443,44,6,38
14174107,7,0,7
14174247,64,30,34
14174254,7,2,5
14174916,37,18,19
14175335,79,17,62
14175382,47,11,36
14175495,64,27,37
14175546,204,52,152
14176408,21,4,17
14176571,40,7,33
14176942,29,17,12
14177089,23,5,18
14177367,15,5,10
14177406,72,11,61
14177924,13,1,12
1417807,35,7,28
14178409,42,15,27
14178688,86,30,56
14179962,3,0,3
14180163,1,0,1
14180272,8,2,6
14180662,4,1,3
14181000,4,0,4
14181856,54,27,27
14181874,0,1,-1
14182071,22,12,10
14182220,1,0,1
14182630,97,37,60
14183155,77,14,63
14183337,121,58,63
14183707,103,31,72
14184567,0,0,0
14184650,318,120,198
14189721,8,1,7
14189944,4,1,3
14190793,5,4,1
14190871,26,4,22
14190908,4,0,4
14191383,32,6,26
14192014,8,4,4
14192761,26,6,20
14193493,56,20,36
14193910,56,19,37
14194388,129,40,89
14194594,5,4,1
14194851,33,17,16
14195258,0,0,0
14195432,8,2,6
14195597,28,1,27
14195696,51,22,29
14196274,24,7,17
14196720,0,1,-1
14197027,14,1,13
14197524,13,4,9
14197646,13,1,12
14198352,140,65,75
14198544,63,26,37
14198955,7,2,5
14199447,6,1,5
14201060,18,2,16
14201375,22,8,14
14201549,53,6,47
14202451,16,1,15
1420598,18,3,15
14206534,10,7,3
14207387,19,6,13
14208183,16,2,14
14208756,42,8,34
14209667,4,3,1
14210086,21,8,13
14211318,52,20,32
14211542,131,172,-41
142117,297,80,217
1421308,15,8,7
14213592,12,10,2
14213959,63,35,28
14214213,49,17,32
1421462,13,5,8
14215785,97,41,56
14215807,82,9,73
14216350,10,4,6
14216486,64,23,41
14216529,21,7,14
14217336,2,0,2
14217544,31,8,23
1421796,69,14,55
14218017,4,0,4
14218324,1,0,1
14219535,62,35,27
14219784,0,0,0
14219852,7,7,0
14223219,36,10,26
14224810,37,17,20
1422528,65,22,43
14226487,13,2,11
14226546,14,6,8
14226606,21,9,12
14226831,31,8,23
14226925,252,82,170
14227109,6,0,6
14227129,14,6,8
14227526,301,71,230
14227576,60,24,36
14227657,258,73,185
14228014,52,28,24
14228403,4,1,3
14228739,0,0,0
14230136,3,0,3
14230498,31,13,18
14231053,13,1,12
14231991,47,12,35
14232746,34,5,29
14232845,17,1,16
14233021,4,1,3
14233128,48,18,30
14233461,30,8,22
14233556,272,82,190
14233793,110,14,96
14234619,3,1,2
14234804,14,1,13
14236372,2,1,1
14236471,165,20,145
14238713,73,16,57
14239782,437,98,339
14241206,33,10,23
14241375,33,5,28
14242045,0,0,0
14242100,21,4,17
14242301,51,9,42
14242321,3,0,3
14242330,17,7,10
14242481,1,3,-2
14242502,175,30,145
14242618,10,2,8
14242826,289,60,229
14243284,10,10,0
14243443,27,2,25
14243981,0,0,0
14244463,648,114,534
14245439,23,2,21
14245764,221,40,181
14246168,7,2,5
14246415,50,10,40
14246751,547,106,441
14246874,77,31,46
14247380,45,13,32
14248494,95,24,71
14249289,150,45,105
14249381,102,12,90
14250417,42,7,35
1425110,654,306,348
14252115,10,3,7
14252289,46,14,32
14252405,16,2,14
14252680,323,78,245
1425551,104,41,63
1425646,39,14,25
14257655,0,0,0
14258204,5,1,4
14258505,1,0,1
14259215,9,3,6
14259244,168,36,132
14259611,30,6,24
14260111,0,0,0
14260139,9,4,5
14260908,160,25,135
14261572,196,20,176
14261735,8,6,2
1426257,241,129,112
14262624,14,5,9
14262701,71,36,35
14264247,47,12,35
14264712,111,27,84
14265765,204,70,134
14266055,9,2,7
14267162,229,85,144
14268816,6,1,5
14269627,3,0,3
14270575,197,76,121
1427095,65,14,51
14271148,300,90,210
14271855,132,46,86
14273015,64,16,48
14273054,289,87,202
14274208,19,2,17
14275196,14,10,4
14275841,135,28,107
14275867,13,2,11
14276103,52,7,45
14276640,14,7,7
14277317,10,8,2
14277553,52,28,24
14277627,65,18,47
14278196,9,2,7
14278200,10,6,4
14278941,21,4,17
14279332,325,76,249
14279479,0,1,-1
1427987,4,0,4
14279946,5,4,1
14280648,40,13,27
14280972,11,8,3
14281241,47,3,44
14281476,81,19,62
14283794,109,9,100
14286964,4,0,4
14287003,223,62,161
14287071,20,8,12
14287120,469,213,256
14287376,44,13,31
14288561,10,6,4
14288655,275,100,175
14289712,16,9,7
14290297,14,2,12
14290410,617,143,474
14290931,53,10,43
14291068,144,33,111
14292095,265,102,163
14292661,91,40,51
14292776,2,0,2
14293519,10,1,9
14295476,254,48,206
14295496,24,7,17
14296018,137,58,79
14296469,4,0,4
14296673,17,2,15
14297292,68,19,49
14298243,7,3,4
14298552,544,269,275
14298610,3,0,3
14298678,15,4,11
14298880,9,4,5
14299000,102,19,83
14299187,63,14,49
14299667,49,5,44
14299729,591,297,294
14300468,65,15,50
14300513,515,242,273
14300858,547,248,299
1430154,171,10,161
143028,8,1,7
1430363,14,6,8
1430558,233,94,139
14306350,56,18,38
14306672,105,10,95
14306867,101,22,79
14307259,36,7,29
14307893,117,31,86
14308420,275,53,222
14308662,165,45,120
14308901,19,1,18
14308940,35,1,34
14309112,52,11,41
14309548,21,3,18
14309812,95,19,76
14309943,128,35,93
14310152,111,19,92
14310295,50,10,40
14310410,4,4,0
14310533,133,24,109
14310863,113,10,103
14310897,155,20,135
14311202,44,13,31
14311389,70,12,58
14311551,51,24,27
14312226,45,13,32
14313488,21,8,13
14313703,28,10,18
14314164,11,0,11
14317057,237,18,219
14317615,65,33,32
14317696,40,8,32
14317777,27,2,25
14317801,8,4,4
14317921,5,0,5
14317937,27,2,25
14318589,180,125,55
14319233,296,38,258
14319911,81,15,66
14319960,13,6,7
14322543,66,20,46
14324925,17,6,11
14325492,417,87,330
1432552,200,63,137
14325907,10,3,7
14325960,8,5,3
14327439,10,4,6
14329467,151,45,106
14329633,8,7,1
14329647,35,8,27
14329720,5,2,3
14329938,6,2,4
14330517,76,28,48
14330727,77,21,56
14331365,26,3,23
14332552,55,19,36
14334262,364,78,286
14334382,17,3,14
14334938,105,19,86
14335002,250,41,209
14335953,335,117,218
14336428,8,2,6
14336576,9,0,9
14336852,31,9,22
14336962,48,9,39
14337012,21,11,10
14338744,171,27,144
14338867,7,1,6
14339065,406,107,299
14339518,2,2,0
14340645,28,2,26
14344261,101,33,68
14345029,5,3,2
14345259,0,0,0
14345642,12,4,8
14346122,20,9,11
14346868,2,0,2
14347224,21,9,12
14347471,192,27,165
14347792,213,77,136
143478,53,12,41
14347877,25,5,20
14349710,63,24,39
14349809,11,2,9
14350729,160,54,106
14350787,89,17,72
14352116,84,29,55
14352218,63,11,52
14352508,25,18,7
14353069,28,19,9
14353070,250,15,235
14353470,40,12,28
14353528,104,14,90
14354764,160,49,111
14355285,7,3,4
14356716,27,2,25
143568,126,43,83
14357087,9,2,7
14357151,8,7,1
14357315,16,6,10
14358559,197,37,160
14358924,84,13,71
1436172,1567,443,1124
1436177,1459,383,1076
14361820,2,0,2
14362319,122,50,72
1436259,588,96,492
14363033,49,25,24
14363227,1,1,0
14363291,0,0,0
14363675,68,13,55
14364487,2,0,2
14364749,8,1,7
14365256,46,16,30
14365501,25,9,16
14365906,319,82,237
14365922,5,2,3
14366681,8,6,2
14366734,558,126,432
14366814,131,46,85
14366819,7,3,4
14367010,27,5,22
14367123,69,9,60
14367533,89,12,77
14367671,58,25,33
14367758,11,4,7
14370223,49,18,31
14370415,5,0,5
14370540,13,8,5
14370717,145,20,125
14371715,202,48,154
14372210,148,16,132
14372315,31,13,18
14373865,23,16,7
14378536,14,1,13
14378646,314,115,199
14379503,246,77,169
14380199,680,125,555
14383195,103,21,82
14383522,138,25,113
14384256,458,136,322
14384447,22,1,21
1438456,32,9,23
14384889,11,2,9
14384903,454,150,304
14386765,291,29,262
14386783,63,18,45
14387549,74,21,53
14387752,110,19,91
14388021,148,15,133
14388109,148,30,118
14393002,453,152,301
14393545,6,1,5
14393589,36,11,25
14394207,34,11,23
14394353,5,3,2
14394441,211,65,146
1439449,87,18,69
14396546,46,24,22
1439666,181,62,119
14397838,4,0,4
14399086,26,5,21
14399607,7,2,5
14400945,21,2,19
14401710,214,31,183
14402174,1,0,1
14402753,32,12,20
14403716,47,25,22
1440384,49,19,30
14403939,38,12,26
14406726,6,1,5
14408159,69,11,58
14409072,51,19,32
14409308,9,1,8
14409704,115,12,103
14409817,22,4,18
14410607,1,0,1
14411462,2,2,0
14411562,27,10,17
14411929,8,3,5
14412455,3,1,2
14412798,29,6,23
14412967,0,2,-2
14413616,83,19,64
14413809,6,1,5
14414038,80,13,67
14414158,8,6,2
1441697,105,33,72
14417159,88,28,60
1441728,218,77,141
14418374,14,5,9
1441951,32,14,18
14419528,39,13,26
14420482,103,27,76
14420544,101,9,92
14420581,448,98,350
14420771,183,80,103
14421582,42,13,29
14421746,4,3,1
14422501,94,26,68
14424909,78,30,48
14426094,4,1,3
14426573,67,36,31
14432934,48,5,43
14434892,16,2,14
14435010,9,0,9
14435478,2,0,2
14435506,6,0,6
14436306,27,9,18
14436474,15,2,13
14436780,22,9,13
14437399,92,40,52
14437416,3,1,2
14437751,365,62,303
14438800,6,1,5
14439255,13,11,2
14439700,89,26,63
14440805,12,3,9
14442291,25,1,24
14442746,52,7,45
14442902,12,6,6
14443874,165,53,112
14445017,76,15,61
14445496,2,3,-1
14446124,31,9,22
14447276,32,6,26
14447643,52,14,38
14447934,2,0,2
14448410,298,67,231
14448441,2,0,2
14448851,12,2,10
14449281,257,67,190
1445091,106,11,95
14455823,27,7,20
14458121,40,14,26
14459796,498,104,394
14460072,39,30,9
14460643,71,10,61
14460943,2,0,2
14461494,0,0,0
14461852,18,1,17
14462157,21,8,13
14462393,81,13,68
14464381,16,6,10
14465065,84,15,69
14466911,86,42,44
14467029,79,24,55
14468283,156,78,78
14469075,9,1,8
14469087,68,12,56
14469689,51,22,29
14470003,13,3,10
14470072,85,13,72
14472031,99,42,57
14476071,29,1,28
14476398,34,4,30
1447709,250,78,172
14477296,1,0,1
14477653,2,0,2
14477655,23,2,21
14477890,9,3,6
14478515,39,10,29
14478883,33,12,21
14479220,14,5,9
14479344,135,62,73
14479637,3,3,0
14480093,17,4,13
14480562,55,19,36
14480822,240,62,178
1448098,559,183,376
14481102,93,47,46
14481279,3,0,3
14481434,380,74,306
14481555,89,33,56
14481871,78,27,51
14481981,39,15,24
14482761,0,1,-1
14483140,454,121,333
14483249,275,65,210
14483521,142,44,98
14483964,48,17,31
14483992,5,3,2
14484729,167,37,130
14485228,133,20,113
14486131,75,19,56
14487192,114,51,63
14489200,274,82,192
14489422,0,0,0
14493364,5,2,3
14493563,38,9,29
1449366,27,7,20
14494039,72,5,67
14494721,10,7,3
14495936,71,20,51
14496002,151,51,100
14497677,105,34,71
14497861,8,5,3
14498504,0,1,-1
14498509,13,3,10
14499840,0,0,0
14500973,21,2,19
14501498,101,71,30
14501779,231,100,131
14502724,12,16,-4
14506943,326,95,231
14507692,41,18,23
14508065,60,9,51
14508572,92,43,49
14509077,48,3,45
14510468,81,33,48
14510987,17,3,14
14511119,306,38,268
14513888,3,0,3
1451521,12,2,10
14517181,0,0,0
14517753,182,23,159
14518095,166,19,147
14518189,924,209,715
14518579,2,0,2
14520227,87,21,66
14520410,1,1,0
14520674,51,40,11
14520690,32,28,4
14520794,25,19,6
14521008,438,80,358
14521076,58,32,26
14525732,77,24,53
1452643,96,25,71
14526434,1,3,-2
14526751,27,20,7
14526770,8,3,5
14527492,87,22,65
14527805,332,63,269
14527814,105,51,54
14527936,70,17,53
14528637,9,3,6
14529206,1,0,1
14529707,8,0,8
1453105,2,0,2
14531161,8,1,7
14531436,4,0,4
14531687,19,2,17
14531807,225,68,157
14532620,211,31,180
14533297,25,3,22
14533645,0,0,0
14533684,99,27,72
14533753,12,8,4
14533877,5,1,4
14533984,33,12,21
1453424,44,12,32
14534306,12,1,11
14534581,30,9,21
14536381,77,7,70
14539952,1,0,1
14540986,11,8,3
14541214,5,2,3
14541938,44,16,28
14542333,0,0,0
14542355,38,11,27
14542948,22,4,18
14543276,175,24,151
14543334,44,17,27
14543425,22,7,15
14543774,65,22,43
14544389,18,8,10
14544559,13,4,9
14544692,20,13,7
14544699,2,2,0
14545833,23,5,18
14547037,1,0,1
14548304,386,152,234
14548815,139,17,122
14549541,40,4,36
14549677,2,0,2
14550089,34,5,29
14550117,76,34,42
14550369,5,3,2
14550723,26,16,10
14551398,100,22,78
14552936,53,20,33
14553556,40,8,32
14553758,76,34,42
14554770,27,6,21
14554791,58,13,45
14556199,60,15,45
14558495,1,0,1
1455882,180,74,106
14559113,207,24,183
14559273,111,22,89
14559403,396,57,339
14559474,118,51,67
14559826,227,52,175
14559945,12,3,9
14560053,255,43,212
14560330,7,4,3
14560935,4,0,4
14560976,116,27,89
14561101,297,41,256
145612,315,87,228
14561732,3,1,2
14561766,0,0,0
14564322,10,0,10
14569618,117,31,86
14569889,35,7,28
14571156,33,11,22
14571517,23,2,21
14572276,6,0,6
14572278,5,5,0
14572552,59,19,40
14572683,58,26,32
14572798,11,4,7
14573218,11,0,11
1457328,356,171,185
14573307,30,23,7
14573591,15,8,7
14573691,0,0,0
14573704,3,0,3
14577353,17,6,11
14580965,0,0,0
1458126,57,16,41
14581794,46,19,27
1458193,79,37,42
1458205,142,76,66
14583794,173,39,134
14584108,16,7,9
14584280,213,46,167
14584328,6,6,0
14584335,6,3,3
1458449,3,0,3
14585013,15,4,11
14585315,47,29,18
14586586,106,50,56
14588182,136,81,55
14589222,176,29,147
14589516,39,4,35
14589957,89,33,56
14590211,4,1,3
14590356,6,2,4
14590871,36,28,8
14591026,7,4,3
14591213,53,16,37
14591645,20,17,3
14591992,184,123,61
14592247,8,2,6
14592401,0,0,0
14592544,314,122,192
14592807,11,2,9
14594849,7,0,7
14598828,27,11,16
1459886,39,13,26
14598923,50,21,29
14599966,5,1,4
14600436,73,34,39
14600591,293,44,249
14600705,120,49,71
14600863,15,3,12
14601224,17,0,17
14601257,22,5,17
14602133,2,1,1
14602842,80,19,61
14602877,11,9,2
14603899,0,0,0
14604087,3,1,2
14604626,89,29,60
14605257,36,14,22
14605907,135,58,77
14606100,3,1,2
14606238,89,37,52
14606433,21,5,16
14606510,69,26,43
14606798,7,4,3
14607769,12,2,10
14608219,40,14,26
14608409,276,33,243
14608607,329,55,274
14609628,187,55,132
14609741,143,33,110
14610114,6,0,6
14610452,13,2,11
14611115,38,9,29
14611438,21,7,14
14611575,50,20,30
14612626,58,13,45
14612848,6,2,4
1461415,29,3,26
14614503,23,6,17
14618273,48,12,36
14619100,18,3,15
14619140,78,19,59
14619923,16,6,10
1462115,6,3,3
14621216,129,35,94
14621334,56,10,46
14622450,361,73,288
14622788,6,3,3
14623690,78,41,37
14624273,14,8,6
14624780,25,2,23
14624794,29,13,16
14627193,118,39,79
14627332,33,3,30
14627392,184,22,162
14628902,484,241,243
14629205,375,230,145
14629530,557,285,272
14629728,533,334,199
14630822,108,33,75
14632431,116,24,92
14633789,53,12,41
14640367,4,2,2
14641982,39,4,35
14644027,47,6,41
14644267,104,17,87
14644951,4,0,4
14645710,0,1,-1
14647525,26,9,17
14648860,7,2,5
14650575,1,0,1
14652093,35,6,29
14653428,80,18,62
14654737,36,10,26
14658232,60,16,44
14659003,39,14,25
14659502,254,30,224
14659521,25,9,16
14659835,9,6,3
1466255,29,16,13
1466259,5,1,4
14663042,336,30,306
14663069,246,32,214
14663388,7,3,4
14663488,5,2,3
14663701,101,54,47
14663722,80,17,63
14663879,118,45,73
14664106,0,0,0
14664455,106,28,78
14665017,111,26,85
14665781,25,10,15
14665801,152,31,121
14665917,372,125,247
14666269,1,0,1
14666357,17,6,11
14666914,364,133,231
14667533,75,22,53
14668206,339,113,226
14668789,261,87,174
14668809,55,7,48
14668964,431,134,297
14669473,382,124,258
14669665,51,8,43
14669754,44,13,31
14669947,118,50,68
14670117,54,11,43
14670184,419,142,277
14670320,64,32,32
14670625,109,22,87
14671029,224,105,119
14673063,63,7,56
14674785,75,25,50
14674947,72,17,55
14676498,361,69,292
14676865,53,3,50
14677649,28,5,23
14678400,41,19,22
14678717,118,40,78
14678782,25,2,23
14678970,70,19,51
14679230,28,7,21
1468034,141,18,123
14680570,253,44,209
14680646,344,90,254
14681310,9,3,6
14681392,298,54,244
14681516,37,7,30
14681988,140,72,68
14682202,484,221,263
14682649,106,25,81
14682755,68,12,56
14683221,43,16,27
14683667,0,0,0
14686660,425,221,204
14687256,554,217,337
14687685,12,9,3
14687689,524,258,266
14688562,8,3,5
14689248,202,34,168
14690618,23,3,20
14690880,0,0,0
14691102,79,26,53
14691244,4,1,3
14691475,0,0,0
14699995,112,60,52
14700077,60,12,48
14701569,108,33,75
14701867,340,90,250
14701916,146,45,101
14702014,91,30,61
14702676,1,1,0
14702912,88,43,45
14703419,24,5,19
14703687,33,11,22
14704086,183,43,140
14704189,164,54,110
14704447,55,13,42
14704493,391,231,160
14704851,28,8,20
14706416,0,0,0
14706420,38,6,32
14707291,110,38,72
14707811,124,50,74
14708002,91,30,61
14708014,129,63,66
14709790,211,100,111
14710223,56,8,48
14710355,240,59,181
1471036,59,14,45
14711522,96,32,64
14711705,82,41,41
14712168,53,10,43
14712787,105,38,67
14714014,57,18,39
14717559,13,1,12
14718140,40,5,35
14718792,4,0,4
14718856,13,7,6
14719539,369,115,254
14720077,5,2,3
14720793,77,16,61
14720799,124,19,105
14722101,5,2,3
14722326,10,2,8
14723461,17,3,14
14723894,145,67,78
147244,67,20,47
14724528,55,22,33
14724900,82,27,55
14726217,10,3,7
14727165,78,26,52
14727241,186,64,122
14728120,3,0,3
14728265,0,0,0
14729117,0,1,-1
14729380,2,1,1
14729395,28,9,19
14730618,4,1,3
14731157,81,35,46
14731339,25,14,11
14734847,172,16,156
14735250,73,24,49
14735567,24,13,11
14735710,4,1,3
14736107,69,9,60
14738570,9,0,9
14739190,167,29,138
14739358,461,73,388
14739369,161,43,118
14740089,25,5,20
14740315,11,1,10
14740557,4,1,3
14740677,25,4,21
14740724,0,0,0
14740841,26,7,19
14740855,34,20,14
1474317,56,17,39
14743924,2,1,1
14747508,13,7,6
1474834,277,52,225
14750579,111,31,80
14750714,45,20,25
1475103,154,67,87
14751301,52,14,38
14752589,3,1,2
14752798,8,1,7
14752819,60,31,29
14753672,4,1,3
14754229,230,75,155
14754427,0,0,0
14754531,37,10,27
14754559,232,55,177
14754721,69,19,50
14754766,23,3,20
14754871,63,21,42
14755173,92,19,73
14755235,102,22,80
14757410,439,190,249
14757816,391,122,269
14760330,448,114,334
14760459,418,135,283
14760568,392,108,284
14765254,16,4,12
14765313,58,20,38
14765803,6,3,3
14765907,31,9,22
14765936,344,43,301
14767755,3,1,2
14767844,0,0,0
1477025,7,0,7
14770960,7,3,4
1477127,43,9,34
1477194,12,0,12
14772023,18,8,10
14772341,40,10,30
1477299,8,1,7
14773281,3,0,3
14778890,149,33,116
14779130,30,19,11
1477919,213,101,112
14779432,229,52,177
147802,18,3,15
14781308,17,2,15
14781443,90,21,69
14782099,17,16,1
14782651,305,80,225
14782727,13,7,6
14782744,232,60,172
14783207,82,36,46
14783789,27,7,20
14785415,34,14,20
14785877,296,78,218
14786478,232,67,165
14786888,578,83,495
14786978,237,47,190
14787561,396,63,333
14794460,254,85,169
14794565,99,26,73
14794815,53,9,44
14795085,59,15,44
14795123,32,9,23
14795167,47,13,34
14795199,146,30,116
14795228,39,10,29
14795259,76,15,61
14795298,75,27,48
14795412,120,60,60
14796115,74,18,56
14796147,10,2,8
14797149,20,5,15
14799249,0,0,0
14799927,196,15,181
14800212,4,1,3
14800703,124,18,106
14801125,10,0,10
14802510,85,16,69
14802800,143,40,103
14805294,85,57,28
14805539,89,23,66
14806038,169,20,149
1480671,23,1,22
14807289,18,0,18
1481031,275,37,238
14810917,24,7,17
1481128,412,138,274
14811789,172,24,148
14812690,37,16,21
14812736,206,30,176
14812944,360,69,291
14813658,85,22,63
14813861,104,61,43
14814858,36,5,31
14814991,58,22,36
14815019,2,0,2
14815089,47,11,36
14815115,3,1,2
14815291,23,7,16
14818442,52,16,36
14819630,2,0,2
14819892,55,14,41
14819920,65,51,14
14821596,24,7,17
14822464,52,10,42
14822755,104,58,46
14823423,130,32,98
14824247,15,5,10
14824653,42,12,30
14824953,360,121,239
14825753,31,13,18
14829894,49,15,34
14830209,5,1,4
14830248,15,5,10
14830637,75,24,51
14830987,220,49,171
14831133,133,36,97
14831258,1,2,-1
1483126,210,33,177
14832232,11,1,10
14832630,544,176,368
14833425,90,12,78
14834111,88,32,56
14834196,158,36,122
14834380,347,70,277
14834500,5,3,2
14834799,104,34,70
14834943,3,0,3
14834946,84,26,58
14835153,82,27,55
14836198,45,27,18
14836659,45,14,31
14836690,30,11,19
14838103,3,1,2
14838579,23,6,17
14838955,19,6,13
14840391,203,70,133
14842414,7,2,5
14845967,39,13,26
14846172,13,2,11
14846284,16,9,7
14847525,53,5,48
14848284,127,63,64
14848535,5,1,4
14848932,2,0,2
14849031,102,40,62
14849829,2,0,2
14850215,135,40,95
14850295,151,59,92
14850865,129,25,104
14851031,286,85,201
14851486,11,1,10
14852112,5,1,4
14853195,0,0,0
14853310,130,55,75
14854896,8,4,4
14855573,11,0,11
14856769,90,40,50
1485693,6,2,4
14859497,27,2,25
14861130,5,3,2
14862024,10,2,8
1486344,74,21,53
14863559,188,53,135
14863706,7,6,1
14865130,0,0,0
14865178,27,2,25
14865368,22,6,16
14865470,55,11,44
14865492,2,1,1
14865604,96,33,63
14866344,48,6,42
14866917,9,3,6
1486702,376,127,249
14868152,91,37,54
14868196,11,2,9
14868943,1,0,1
14869668,16,3,13
14870007,328,120,208
14870141,235,45,190
14870161,7,3,4
14871226,166,65,101
14871766,22,6,16
14871809,33,7,26
14872017,166,98,68
14875565,19,2,17
14877058,8,2,6
14877661,20,5,15
1487795,189,36,153
1488023,185,70,115
14880681,2,2,0
1488173,164,61,103
14882001,123,22,101
14883283,6,7,-1
14884312,73,38,35
14884781,248,39,209
1488482,314,71,243
14889686,55,11,44
14889832,204,66,138
14890382,67,14,53
14890731,67,11,56
14892350,73,16,57
14892467,42,6,36
14892834,129,32,97
14894475,7,2,5
14894588,80,21,59
14896098,12,2,10
14897595,96,21,75
14899027,2,0,2
14899896,36,10,26
14904612,22,9,13
14905336,390,57,333
14905928,134,34,100
14906157,153,60,93
14906835,40,7,33
14907104,88,10,78
14907588,137,28,109
14907973,23,8,15
14909223,75,15,60
14909956,149,32,117
14910446,1,0,1
14910625,61,11,50
14910949,24,12,12
14911618,76,27,49
14913347,4,0,4
14914050,558,67,491
14914551,79,17,62
14914573,57,27,30
14914677,67,18,49
14914765,15,3,12
14915206,49,22,27
14915937,37,8,29
14916102,8,1,7
14916106,30,11,19
14916356,50,4,46
14916395,27,10,17
14917277,62,14,48
14917938,45,22,23
14919508,33,14,19
14922459,22,6,16
14922874,596,294,302
14923158,368,175,193
14923998,113,29,84
14924463,7,4,3
14924785,19,11,8
14925609,18,6,12
14926104,52,27,25
14926214,6,2,4
14926879,367,170,197
14927334,7,0,7
14928189,294,82,212
14929046,24,4,20
14930134,62,39,23
14930169,0,0,0
14931488,119,31,88
14931494,305,38,267
14933297,196,41,155
14934808,2,2,0
14935030,13,4,9
14939248,220,75,145
14939293,17,2,15
14939328,43,12,31
14939479,61,11,50
14939573,117,25,92
14939729,416,219,197
14940663,44,9,35
14941362,15,3,12
14941460,16,6,10
14941541,428,108,320
14941804,77,8,69
14941888,155,25,130
14942493,48,14,34
14942777,196,83,113
14942794,435,113,322
14943110,406,109,297
14943591,2,3,-1
14945073,1,1,0
14948896,47,15,32
14950149,20,12,8
14950785,69,9,60
14950950,251,70,181
14955267,96,31,65
14956021,75,17,58
14956917,435,85,350
14957016,90,31,59
14957072,4,4,0
14958688,81,41,40
14958820,232,47,185
14958828,3,0,3
14959159,19,3,16
14959967,91,20,71
14960173,107,35,72
14960610,66,20,46
14960836,30,5,25
14962378,55,21,34
14962560,87,24,63
1496259,61,22,39
14963705,4,0,4
14964665,3,0,3
14966450,123,62,61
1496995,11,0,11
14972023,44,11,33
14972674,167,65,102
14972984,158,28,130
14973847,88,20,68
14974931,26,13,13
14975242,7,6,1
14975311,36,6,30
1497566,32,3,29
14975735,171,53,118
14978479,6,1,5
14979028,15,0,15
14979515,24,3,21
14980235,34,3,31
14982194,11,4,7
14982675,10,5,5
14985264,166,51,115
14987203,140,48,92
14988048,73,20,53
14989298,5,5,0
14989663,53,13,40
14989932,96,22,74
14990769,442,78,364
14990946,98,23,75
14991480,15,1,14
14991530,60,26,34
14991542,49,5,44
14992456,354,60,294
14993945,64,17,47
14994012,412,80,332
14994409,6,6,0
14998254,21,9,12
14998669,3,0,3
15000097,5,2,3
15000354,333,99,234
15000809,35,7,28
15001232,458,77,381
15001980,99,20,79
15002827,43,8,35
15003479,2,0,2
15003980,364,70,294
15004216,262,48,214
15004664,72,14,58
15004754,36,16,20
15005015,118,36,82
15005258,10,1,9
15005466,192,29,163
15005704,18,1,17
15005938,19,5,14
15006598,28,2,26
15007067,109,13,96
15010950,13,6,7
15012145,419,73,346
15012159,5,3,2
15013201,106,46,60
15013677,53,18,35
15013829,118,28,90
15014162,33,6,27
15014850,3,1,2
15015269,178,74,104
15015598,163,83,80
15015637,6,1,5
15015915,11,4,7
15016203,40,9,31
15017090,5,2,3
15017100,197,44,153
15019428,1,1,0
1501987,180,74,106
15020029,12,1,11
15020598,72,17,55
15021008,5,4,1
15022500,66,9,57
15022710,2,1,1
15022955,49,6,43
15023221,0,0,0
15023944,23,4,19
15024311,69,22,47
15024405,6,1,5
15024657,65,17,48
15024673,295,84,211
15024754,1,1,0
15024774,136,37,99
15025286,61,12,49
15029298,296,77,219
15029662,19,2,17
15029777,11,1,10
15030330,62,9,53
15030394,367,100,267
15030539,343,110,233
15030584,132,34,98
15030751,6,0,6
15031201,5,1,4
15032474,167,74,93
15032866,101,47,54
15032979,0,0,0
15033715,2,1,1
15036127,17,3,14
15036308,15,3,12
15037419,29,13,16
15037779,23,14,9
15037827,408,89,319
15039255,7,0,7
15039854,2,1,1
15039897,260,110,150
15040264,214,64,150
15040913,35,8,27
15045508,5,0,5
15046633,133,55,78
15047083,439,68,371
15047160,25,8,17
15047671,63,31,32
15047819,3,0,3
15048112,2,0,2
15048921,34,7,27
15049077,90,63,27
15049161,3,5,-2
15049433,111,31,80
15049963,111,38,73
1505411,280,67,213
15054681,284,51,233
15054765,17,3,14
1505484,30,17,13
15055412,10,2,8
15055680,49,16,33
15057494,13,1,12
15057630,18,1,17
15061293,411,240,171
15061844,575,167,408
1506263,55,12,43
15062674,38,17,21
15062700,503,109,394
15062723,5,2,3
15063660,4,0,4
1506415,94,7,87
15066124,88,43,45
15066135,88,49,39
15069054,27,7,20
15069109,59,23,36
15069996,7,1,6
15070093,28,15,13
15070741,11,2,9
15070979,85,11,74
15071203,0,0,0
15072147,66,20,46
15072178,192,30,162
15073426,19,15,4
1507385,438,83,355
15074875,2,0,2
15075872,25,7,18
15076503,51,14,37
15077547,41,15,26
15077841,74,14,60
15077925,0,1,-1
15078756,328,55,273
15078938,24,4,20
15079191,5,2,3
15079211,167,35,132
15079445,117,42,75
15079580,16,11,5
15080022,1,0,1
15080106,3,0,3
15082576,2,0,2
15082991,0,0,0
15084784,2,0,2
15086003,25,10,15
15086331,302,95,207
150900,120,23,97
15090139,8,4,4
15090642,91,25,66
15090749,87,22,65
15090833,35,3,32
15090942,9,3,6
15091111,37,4,33
15091867,0,0,0
15092131,117,55,62
15093542,90,22,68
1509446,143,25,118
15094817,11,2,9
15096201,31,7,24
15097990,6,10,-4
15098344,19,10,9
15098615,4,0,4
15100005,3,0,3
15102302,148,29,119
15104127,63,13,50
15104691,162,52,110
1510477,211,48,163
15105269,50,20,30
15105544,72,26,46
15106846,12,1,11
15107642,1,1,0
15108061,267,73,194
15108344,121,12,109
15108669,31,3,28
15108979,9,1,8
15109363,161,24,137
15109570,34,10,24
15109810,10,5,5
15109992,33,4,29
15110370,5,2,3
15112021,75,13,62
15112086,6,2,4
15113483,18,3,15
15113626,31,20,11
15113673,11,0,11
15114087,37,13,24
15114185,2,0,2
15115742,146,74,72
15119201,78,20,58
15119788,42,3,39
15119794,231,54,177
15120293,99,54,45
15120398,32,9,23
15120781,118,34,84
15121410,6,2,4
15122034,22,5,17
15122273,8,2,6
15122471,133,27,106
15122887,98,52,46
15123082,0,0,0
15123982,0,0,0
15124437,222,46,176
15125032,202,67,135
15125347,159,47,112
15125562,205,71,134
15125579,164,47,117
15125922,23,0,23
15126590,34,19,15
15126652,32,15,17
15130025,8,0,8
15130326,28,13,15
1513185,41,0,41
15136892,3,5,-2
15136923,19,8,11
15137039,525,52,473
15137531,185,62,123
15137628,8,1,7
15137936,51,8,43
1513798,29,6,23
1513840,168,41,127
15139677,5,3,2
1514178,139,74,65
15142942,54,22,32
15143351,262,60,202
15143418,1,0,1
15143490,55,21,34
15143512,272,86,186
15144586,7,3,4
15144774,43,31,12
15145370,3,0,3
15145651,7,0,7
15145955,7,1,6
15146269,30,15,15
15147056,2,1,1
15147498,82,15,67
15148205,91,20,71
1515065,86,27,59
1515089,45,12,33
15151833,174,40,134
15152817,18,7,11
15153382,125,26,99
15153602,23,2,21
1515387,18,1,17
15154140,83,17,66
15154778,118,53,65
15155359,0,0,0
15156696,31,10,21
15157175,47,14,33
15160388,24,4,20
15160762,61,12,49
15161649,324,59,265
15162014,127,52,75
15162876,32,7,25
15163075,72,14,58
15163627,38,6,32
15164149,50,23,27
15164189,29,9,20
1516643,257,82,175
15167651,71,26,45
15167871,114,24,90
15168139,69,19,50
15168227,112,11,101
15168736,89,24,65
15169609,243,101,142
15169928,11,4,7
15169945,135,48,87
15170808,89,14,75
1517086,154,58,96
15171787,58,20,38
15171926,112,17,95
15171957,3,1,2
15172102,5,1,4
15172550,10,3,7
15172609,156,40,116
15173067,95,35,60
15173656,17,11,6
15174252,3,1,2
15174400,7,1,6
15175525,226,42,184
15176097,12,4,8
15176099,4,0,4
15176251,217,27,190
15176581,188,59,129
15177795,229,60,169
15185775,30,11,19
15186185,159,31,128
15186352,58,29,29
15186715,94,18,76
15186814,11,6,5
15187446,138,19,119
15187459,46,8,38
15187800,4,0,4
15188994,42,4,38
15189879,444,57,387
15189970,22,6,16
15193487,2,0,2
15193488,9,7,2
15193533,261,97,164
15193967,281,111,170
15194195,246,95,151
15197843,4,0,4
15198113,12,6,6
1519815,192,71,121
15198449,0,0,0
15198490,1,0,1
15199081,103,11,92
1519989,107,20,87
15200245,24,10,14
15200338,7,2,5
15202470,15,3,12
15202544,12,3,9
15204169,88,22,66
1520434,614,232,382
1520627,24,6,18
15206429,0,0,0
15207092,17,4,13
15211433,9,8,1
15211490,102,10,92
15211492,47,13,34
15211647,187,61,126
15211819,2,0,2
15212604,267,34,233
15212796,21,4,17
15212830,11,1,10
15212953,1,0,1
15213390,20,10,10
15215413,65,16,49
15216274,40,15,25
15216512,40,16,24
15216830,31,8,23
15217559,160,55,105
15219020,6,4,2
15219046,32,11,21
15219081,120,33,87
15219091,177,50,127
15224830,96,18,78
15225619,1,2,-1
15226255,88,19,69
15226463,26,3,23
15226969,10,4,6
15227041,79,32,47
15227156,5,5,0
15228113,110,34,76
15228574,11,3,8
15229109,39,5,34
15229235,105,24,81
15229626,19,1,18
15229662,61,12,49
15230029,3,1,2
15230447,87,24,63
15230457,11,4,7
15230681,68,8,60
15230780,92,23,69
1523082,22,11,11
15231540,161,100,61
15231599,56,13,43
15231709,13,3,10
15232397,5,1,4
1523399,1002,242,760
15234305,125,39,86
15234714,136,37,99
15235198,178,15,163
15235267,44,1,43
15236073,5,0,5
15236485,138,44,94
15236752,100,35,65
15237384,99,20,79
15243301,0,0,0
15243455,0,0,0
1524348,38,17,21
15243754,161,53,108
15243800,5,1,4
15245481,2,0,2
15246328,1,1,0
15246812,43,7,36
15247288,56,10,46
15247729,8,0,8
15248278,9,1,8
15248282,107,19,88
15248645,88,17,71
15249002,9,2,7
15249349,17,8,9
15249390,195,35,160
15249785,30,2,28
15250267,27,6,21
15250498,20,3,17
15250583,29,3,26
15250775,58,26,32
15250796,14,7,7
15250865,42,14,28
15250910,19,1,18
15251380,15,1,14
15251432,27,9,18
15251475,10,2,8
15251526,38,7,31
15252607,26,9,17
1525275,2,6,-4
15253481,3,0,3
15253516,17,9,8
15254186,90,18,72
15260262,11,2,9
15260501,3,3,0
15261571,10,4,6
15262253,26,4,22
15262358,85,40,45
15262527,14,7,7
15262681,99,18,81
15262709,42,5,37
15262993,200,94,106
15263052,3,2,1
15263267,45,15,30
15264058,31,11,20
15264920,46,15,31
15265066,22,1,21
15265094,29,1,28
15265136,11,3,8
15265157,10,4,6
15265188,7,1,6
15265255,23,5,18
15265317,16,2,14
15265345,46,10,36
15265962,2,1,1
15267103,37,7,30
15267243,133,30,103
15267641,169,73,96
15268339,24,5,19
15269904,141,47,94
15270968,176,50,126
15276588,12,4,8
1527660,8,3,5
15276689,33,8,25
15277384,6,5,1
15277578,0,0,0
1527780,133,70,63
15277976,1,1,0
15278086,176,32,144
15278277,9,5,4
15278535,372,61,311
15278841,136,52,84
15279022,251,47,204
15279984,62,14,48
15280110,95,13,82
15280609,53,9,44
15280761,41,13,28
15281763,131,50,81
15282062,2,1,1
1528291,34,21,13
15284728,53,16,37
15285222,6,2,4
15285538,34,3,31
152863,21,10,11
15287676,378,94,284
15290698,50,22,28
1529116,260,99,161
15292140,20,2,18
15292153,18,3,15
15292598,46,20,26
15292623,89,28,61
15292772,94,36,58
15293083,0,0,0
15293969,67,19,48
15294234,9,2,7
15295085,341,42,299
1529563,285,40,245
15295875,8,6,2
15297203,16,10,6
15299514,109,16,93
15302976,20,6,14
1530381,67,43,24
15304734,14,8,6
15304913,3,0,3
15305173,6,2,4
15305204,49,4,45
15305414,100,45,55
15305463,10,2,8
15305906,4,0,4
15306765,45,26,19
15306992,36,7,29
15307633,28,5,23
15307898,10,4,6
15308458,74,21,53
15310368,9,2,7
15311880,209,82,127
15311985,255,37,218
15311995,12,1,11
15312445,114,27,87
15312784,3,1,2
15313004,57,26,31
15313563,1,0,1
15314102,26,9,17
15315854,6,2,4
15316432,244,34,210
15316849,98,39,59
15316996,55,19,36
15318447,376,65,311
15318457,82,36,46
15318707,136,27,109
15319015,310,33,277
15319444,44,6,38
15320127,241,39,202
1532025,172,55,117
15320293,9,9,0
15320896,58,9,49
15321389,73,21,52
15321590,35,4,31
15321761,14,2,12
15322770,22,7,15
15323567,107,35,72
15324001,374,84,290
15324416,27,16,11
15325019,51,19,32
15326037,394,108,286
15327070,29,16,13
15327175,7,4,3
1532924,19,3,16
15332139,4,2,2
15332243,259,32,227
15332911,151,19,132
15333233,15,6,9
15333489,114,11,103
15333591,42,15,27
15333989,414,84,330
15334524,12,3,9
15334559,3,0,3
15334861,23,6,17
15336133,52,16,36
15336278,12,7,5
15336351,23,6,17
15336396,8,2,6
15336572,12,3,9
15336634,108,43,65
15337123,18,7,11
15337303,126,52,74
15337478,18,5,13
15337866,14,4,10
15337867,21,9,12
15337933,1,0,1
15338040,142,49,93
15338435,262,57,205
15338635,143,30,113
15338841,0,0,0
15338949,1,1,0
15340247,48,17,31
15340823,392,39,353
1534095,92,23,69
15341267,83,31,52
15341536,117,40,77
15341646,55,12,43
15341945,90,39,51
15342418,51,14,37
15342794,101,41,60
15343451,102,42,60
15345863,32,9,23
15347909,28,12,16
15347991,35,23,12
15348178,17,7,10
15348579,222,27,195
15348594,9,3,6
15348643,29,5,24
15349059,6,2,4
15349097,62,15,47
15349222,3,2,1
15349543,69,11,58
15349834,58,17,41
15349892,306,82,224
15350263,14,8,6
15350433,13,5,8
15350614,5,3,2
15350669,188,53,135
15351333,6,1,5
15352472,13,2,11
15353554,0,0,0
15353898,90,22,68
15354285,37,9,28
15355325,3,3,0
15355423,76,9,67
15356014,77,18,59
15357231,10,0,10
15357357,60,18,42
15357594,5,4,1
15357654,91,25,66
15357949,6,3,3
15358279,107,24,83
15358790,139,25,114
15359568,98,40,58
15359941,49,33,16
15364295,82,23,59
15365387,22,10,12
15366282,2,0,2
15367481,21,8,13
15367970,25,7,18
15368759,12,0,12
15369327,159,73,86
15369832,8,1,7
15370786,3,0,3
15371045,134,47,87
15371655,132,37,95
15371872,69,20,49
15371939,51,11,40
1537219,567,205,362
1537401,114,32,82
15374021,81,40,41
15374199,150,13,137
15374350,47,22,25
15374608,18,5,13
15374774,63,28,35
15375197,20,15,5
15375642,83,21,62
15376015,112,25,87
15377175,52,17,35
15381563,10,0,10
1538293,29,6,23
15384558,254,28,226
15385361,210,52,158
15386616,75,15,60
15387997,11,7,4
15388410,5,0,5
1538852,218,39,179
15388863,74,16,58
15388905,51,24,27
15389111,13,3,10
1538921,113,43,70
15389215,42,6,36
15389237,1,1,0
15389353,20,10,10
15389654,1,0,1
15389853,16,1,15
15392478,443,126,317
15392907,16,4,12
15392908,0,0,0
15393193,1,1,0
15396019,104,49,55
15396088,24,9,15
15400,321,120,201
15400506,74,3,71
15400854,25,5,20
15401236,45,19,26
15401443,102,13,89
15402063,179,52,127
15402155,0,0,0
15402541,15,9,6
15402746,6,2,4
1540282,62,22,40
15402905,13,4,9
15403004,8,2,6
15403508,37,3,34
15403601,121,42,79
15404330,85,36,49
1540471,85,27,58
15404879,16,3,13
15405320,65,12,53
15406836,46,14,32
1540740,489,116,373
15408324,24,15,9
15409871,24,12,12
15410239,227,40,187
15414492,152,46,106
15414971,80,9,71
15415071,31,4,27
15415287,13,2,11
15415446,11,4,7
15415749,13,2,11
15415890,59,8,51
15416748,8,5,3
1541765,4,3,1
15418804,3,0,3
15418905,10,6,4
15419361,11,6,5
15420144,28,8,20
15421388,13,0,13
15421953,57,15,42
154221,0,1,-1
15422208,23,5,18
1542235,1143,253,890
15427978,44,32,12
15428006,36,10,26
15428754,222,55,167
15428831,78,14,64
15429892,4,1,3
15430597,75,37,38
15430698,112,64,48
15430821,19,2,17
15431369,19,9,10
15431577,19,7,12
15432228,4,2,2
15432621,47,20,27
15432695,83,18,65
15433333,55,28,27
15433365,2,0,2
15433624,5,3,2
15434412,2,0,2
15434422,20,5,15
15434431,12,3,9
15434436,272,108,164
15434574,55,20,35
15434956,8,0,8
15435367,248,31,217
15435381,25,5,20
15435442,21,6,15
15436179,72,17,55
15436452,2,1,1
15436817,0,0,0
15437521,17,3,14
15440491,114,58,56
15440692,0,0,0
15440922,218,38,180
15441241,149,38,111
15441304,144,86,58
15441737,80,26,54
15441944,1,0,1
15442069,16,0,16
15442086,11,4,7
15442276,103,11,92
15442584,13,1,12
15442898,106,56,50
15443681,32,6,26
15443710,88,41,47
15444801,4,0,4
15445560,12,5,7
15446133,2,0,2
15446276,101,30,71
15446367,14,5,9
15446671,12,4,8
15446965,222,33,189
15447695,0,0,0
15449102,5,1,4
15450276,9,0,9
15457138,22,4,18
15458049,106,31,75
15458278,24,4,20
1545836,45,11,34
15458468,22,6,16
15458501,2,0,2
15459076,9,3,6
15459316,41,10,31
15460026,123,58,65
15460095,59,15,44
15460322,271,68,203
15460327,77,14,63
15461070,134,52,82
15461180,4,1,3
15461463,56,24,32
1546247,156,64,92
15462482,105,22,83
15462553,77,34,43
15463624,292,84,208
15463867,57,18,39
15464708,114,64,50
15465132,436,51,385
15466824,78,33,45
15467350,4,0,4
15467891,261,72,189
15468041,32,5,27
15468088,57,19,38
15468409,111,55,56
15468942,9,4,5
15469705,23,22,1
15473002,3,0,3
15474265,32,3,29
15475968,11,6,5
15476082,21,10,11
15476127,77,17,60
15476967,152,11,141
15477136,14,1,13
15477434,74,14,60
15477522,43,25,18
15477726,22,14,8
15480033,101,27,74
15481347,110,20,90
15481536,0,1,-1
15481926,94,21,73
15482603,64,18,46
1548281,3,1,2
15482999,20,2,18
15483211,103,48,55
15483849,28,17,11
15484122,48,9,39
1548785,147,18,129
15488286,8,2,6
1548874,484,213,271
15490112,384,89,295
15490895,130,52,78
15491098,3,3,0
15491541,67,42,25
15491649,345,43,302
15492175,10,2,8
15492285,82,39,43
15493358,29,7,22
15493514,103,55,48
15493871,24,4,20
15493902,174,29,145
15494460,433,138,295
15495715,90,12,78
15496727,340,96,244
15497196,63,13,50
15497268,27,10,17
15502332,77,36,41
15502763,7,1,6
15503121,79,21,58
15503385,70,17,53
15503552,44,20,24
15503860,19,9,10
15503942,1,0,1
15504137,93,11,82
15504221,92,27,65
15504932,33,17,16
15505132,184,65,119
15505412,5,2,3
15505898,75,27,48
15506112,0,1,-1
15507381,45,14,31
15507511,3,6,-3
15507908,0,0,0
15508532,39,24,15
15508795,1,0,1
15508884,243,47,196
15509284,84,46,38
15510562,30,9,21
15510717,176,21,155
15510968,164,31,133
15514290,14,23,-9
15515108,8,2,6
15515449,21,7,14
15515696,99,13,86
15516220,9,5,4
15516376,61,9,52
15516889,14,1,13
15517249,1,2,-1
15517632,16,1,15
15518749,22,2,20
15518853,43,21,22
15519263,364,167,197
15519376,138,27,111
15519661,165,58,107
15519911,20,4,16
15520205,15,4,11
15520541,7,1,6
15522664,6,3,3
15523209,230,38,192
15526285,12,8,4
15526879,217,21,196
15526955,42,14,28
15526960,0,0,0
15527226,229,51,178
15528619,17,1,16
15529478,186,84,102
15529515,441,206,235
15529952,36,8,28
15530250,72,22,50
15530313,6,0,6
15530453,80,24,56
15530914,521,110,411
15531309,97,56,41
15531470,32,17,15
15531720,73,28,45
15531790,14,2,12
15531929,7,3,4
15534291,3,0,3
15534410,6,4,2
15535152,113,45,68
15535999,23,4,19
15540208,53,10,43
15540290,304,42,262
15540318,52,3,49
15540949,12,8,4
15541114,23,0,23
15541465,23,8,15
1554207,253,61,192
15542945,2,0,2
15544357,42,19,23
15544692,3,1,2
15547226,191,96,95
15547461,69,14,55
15548037,69,12,57
15548785,0,0,0
15549019,159,23,136
15550129,26,10,16
15550273,0,0,0
15550901,13,1,12
1555216,266,66,200
15555380,774,118,656
15555553,79,12,67
15555578,22,6,16
15555821,32,9,23
1555621,62,4,58
15561422,92,22,70
15561465,26,10,16
15561681,194,28,166
15562162,6,2,4
15563873,20,7,13
15565123,8,1,7
15565580,36,11,25
1556564,36,5,31
15566941,26,3,23
1557139,154,37,117
1557154,91,21,70
15572578,2,0,2
15573497,25,15,10
15574042,188,17,171
15574728,4,1,3
15575256,59,37,22
15575276,16,9,7
15575713,36,16,20
15577070,44,10,34
15577323,44,11,33
15578808,119,61,58
15579232,71,23,48
15579364,32,14,18
15579529,57,15,42
15579757,63,12,51
15579929,183,80,103
15580304,190,29,161
15580654,2,1,1
15581665,27,5,22
1558183,54,26,28
15582603,152,13,139
15582620,18,4,14
15583894,59,6,53
15585236,1,0,1
15585306,5,1,4
15585882,5,2,3
15593644,11,2,9
15593674,11,1,10
15593882,80,28,52
15594076,8,4,4
15594798,13,3,10
15594850,86,32,54
15595329,110,56,54
15595708,73,22,51
15595777,282,95,187
15596141,217,33,184
15596153,53,12,41
15596876,259,76,183
15597277,140,14,126
15597489,301,92,209
15597966,160,61,99
15598794,23,1,22
15600916,19,5,14
15602171,141,58,83
15602567,28,8,20
15602745,134,46,88
15603154,99,20,79
15603250,289,76,213
15603344,26,5,21
15605541,2,0,2
15605980,2,0,2
15606085,6,0,6
15606725,2,1,1
15606838,6,1,5
15607235,31,12,19
15607271,94,25,69
15607642,17,2,15
15607900,10,0,10
15608133,302,91,211
15608462,71,24,47
15608765,45,18,27
15609333,6,0,6
15609829,64,26,38
15609940,369,61,308
15609972,14,3,11
15609997,35,8,27
15615789,129,59,70
15617320,0,0,0
15617363,2,0,2
15617417,361,115,246
1561941,146,49,97
15625504,16,2,14
15626548,25,4,21
15627040,108,35,73
15627076,70,12,58
15627310,58,10,48
15628241,172,102,70
15628385,23,2,21
15628386,30,9,21
15628809,117,38,79
15628844,11,5,6
15629161,52,5,47
15629701,41,15,26
15629760,123,37,86
15631086,6,1,5
15631489,135,59,76
15632138,196,79,117
15632547,3,0,3
15634846,9,2,7
1563568,7,2,5
1563662,72,30,42
15637139,165,49,116
15637194,14,12,2
15637229,73,34,39
15637281,4,1,3
15637417,17,2,15
15637830,128,61,67
15637932,45,12,33
15638470,2,0,2
15638847,11,4,7
15638875,150,35,115
1564080,41,22,19
15640976,4,2,2
15641040,278,62,216
15641084,67,13,54
15641412,1,1,0
15643016,73,33,40
15643750,0,0,0
15644561,38,12,26
15644934,8,5,3
15645201,28,10,18
15645329,10,7,3
15645420,16,0,16
15645657,38,6,32
15645833,18,3,15
15646389,9,1,8
15647431,40,17,23
15651311,0,2,-2
15651862,12,3,9
15651990,52,10,42
15653911,130,32,98
15653953,41,10,31
15654050,17,5,12
15654803,115,42,73
15655424,0,0,0
15655562,7,1,6
15655648,29,9,20
15656847,5,3,2
15659131,13,4,9
15660710,25,8,17
15661008,39,14,25
15661500,30,5,25
15661640,66,6,60
1566565,98,31,67
15666512,8,2,6
15667999,371,49,322
15668612,90,28,62
15669093,200,40,160
15670344,4,1,3
15670429,49,9,40
15670626,20,5,15
15670678,195,55,140
15673479,53,21,32
15673508,100,32,68
15673587,287,80,207
15673662,11,8,3
15673791,6,8,-2
15674863,30,5,25
15677720,0,0,0
15678443,5,1,4
1568716,188,48,140
1568930,210,47,163
15693873,107,37,70
15694742,14,1,13
15694882,6,0,6
15694951,10,3,7
15695530,4,0,4
15695715,4,0,4
15695735,37,8,29
15695917,31,6,25
15696572,30,9,21
156966,523,92,431
15697029,6,1,5
15697181,2,6,-4
15697326,26,6,20
15697648,4,1,3
15697845,207,55,152
15697959,8,2,6
15698357,11,3,8
15698398,250,39,211
15699022,69,28,41
15699209,12,0,12
15699543,4,0,4
15699555,0,0,0
15699650,31,13,18
15700045,8,7,1
15700257,10,2,8
15700338,111,40,71
15700598,11,4,7
15700645,108,39,69
15700788,274,102,172
15701248,140,16,124
15701355,239,46,193
15701720,56,3,53
15701903,1,1,0
15702188,5,5,0
15702273,11,1,10
15702400,179,70,109
15706201,136,32,104
15707669,81,39,42
15710866,33,5,28
15710978,410,38,372
15711668,4,1,3
15711873,9,5,4
15712175,10,3,7
15712349,106,19,87
15712369,0,0,0
15712388,14,3,11
15712529,117,43,74
15712597,2,2,0
15713164,1,2,-1
15713179,29,14,15
15713322,63,27,36
15713323,2,1,1
15713651,18,3,15
15713715,21,9,12
15713839,6,4,2
15714159,16,23,-7
15714400,54,6,48
15715876,68,18,50
15715884,7,1,6
15715987,106,64,42
15716313,43,21,22
15716630,16,7,9
15717701,3,3,0
15719629,24,7,17
15719769,187,35,152
1572241,119,29,90
157227,89,17,72
15722911,51,19,32
15723140,223,62,161
1572324,58,7,51
15723550,92,35,57
15723592,88,75,13
15723738,48,13,35
15724210,28,3,25
15724321,9,1,8
15724682,337,63,274
15726137,69,7,62
15726248,0,0,0
15726509,246,132,114
15727125,17,6,11
15727369,167,32,135
15727742,0,0,0
15728427,2,0,2
15728536,7,1,6
15728804,3,1,2
15729058,124,34,90
15729524,35,8,27
15732465,225,57,168
15732489,0,3,-3
15732812,0,0,0
15737142,12,2,10
15738272,32,25,7
15738347,78,21,57
15738536,23,4,19
15738903,57,9,48
15739561,118,37,81
15740654,186,53,133
15740924,103,8,95
15741497,138,59,79
15741664,12,1,11
15741689,29,3,26
15742190,17,2,15
15742299,67,10,57
1574249,356,99,257
15742605,228,49,179
15742691,47,10,37
1574289,2,2,0
15743536,12,7,5
15743665,30,8,22
15744108,58,14,44
15744960,21,11,10
15745417,14,2,12
15750143,262,55,207
15751596,32,5,27
15753315,32,13,19
15753544,6,0,6
157536,575,139,436
15753703,30,11,19
15753889,27,5,22
15753997,98,22,76
15754152,21,5,16
15754824,5,1,4
15755420,94,31,63
15755486,9,0,9
15756382,71,32,39
15756436,44,29,15
15756818,13,1,12
15756939,0,0,0
15757237,164,68,96
15757853,37,5,32
15757905,11,6,5
1576098,97,20,77
15762196,34,24,10
15762616,15,2,13
15763891,196,50,146
15764014,143,50,93
15764166,182,29,153
15764482,122,81,41
15764702,4,3,1
15766077,63,16,47
15766090,58,18,40
15766241,3,3,0
15766725,62,16,46
15767747,17,4,13
15768021,7,9,-2
15768116,33,6,27
15768207,29,2,27
15768460,37,18,19
15768533,28,10,18
15768606,47,16,31
15770362,17,3,14
157714,407,59,348
15771836,94,26,68
15772081,111,21,90
15772101,13,1,12
15772430,238,47,191
15772633,113,15,98
15772811,164,27,137
15772816,24,6,18
15772963,230,36,194
1577472,84,26,58
15776634,4,0,4
15777381,12,3,9
15777856,49,25,24
15777956,103,12,91
15778266,0,0,0
15778472,25,6,19
15778549,29,5,24
15779164,2,0,2
15779302,11,10,1
15780025,149,26,123
15780837,2,0,2
15781227,20,4,16
15783016,3,2,1
15783445,39,7,32
15784337,147,52,95
15785721,38,10,28
15788028,79,36,43
15788310,45,11,34
15789528,15,2,13
15793211,0,0,0
15793845,2,0,2
15795283,16,0,16
15795628,57,14,43
15795746,85,18,67
15795982,9,2,7
15796026,31,4,27
15796636,13,4,9
15797261,0,0,0
15798931,0,0,0
15799448,1,0,1
15799551,28,10,18
15800500,53,14,39
15801516,31,9,22
15802440,20,3,17
15803074,2,0,2
15804212,7,2,5
15804249,86,23,63
1580666,19,12,7
15807241,93,26,67
1580982,61,19,42
15810670,1,0,1
15811510,173,81,92
15812655,2,0,2
15812762,254,85,169
15812776,73,24,49
15813077,58,8,50
15813147,14,2,12
15813326,35,3,32
15813509,50,15,35
15813603,1,0,1
15813686,216,102,114
15814918,57,5,52
15815211,7,0,7
15816100,3,1,2
15816658,11,0,11
1581883,54,17,37
15819297,95,9,86
15819554,7,0,7
15819681,6,5,1
15819936,37,28,9
15822415,83,8,75
15824094,83,39,44
15825169,68,21,47
15825243,7,2,5
15825379,4,0,4
15825504,1,2,-1
15825519,65,27,38
15825990,45,17,28
15826252,101,18,83
15826610,2,1,1
15826620,126,33,93
15826752,2,0,2
15827202,6,0,6
15827886,0,0,0
15828648,1,0,1
15829416,75,21,54
15829570,15,4,11
15829779,8,1,7
15829898,4,0,4
15830141,30,9,21
1583015,89,40,49
15830199,0,0,0
15830466,41,9,32
15831805,23,10,13
15832272,3,0,3
15832584,155,20,135
15832701,27,7,20
15832961,406,51,355
15836736,82,24,58
15837051,1,0,1
15837291,102,19,83
15837861,112,37,75
15838127,12,3,9
15839202,4,3,1
15839852,40,14,26
15840243,122,40,82
15840967,20,2,18
15842900,33,6,27
15843674,80,15,65
15848242,17,10,7
15848554,4,0,4
15849399,55,6,49
15850319,7,5,2
15851046,72,19,53
15851185,29,13,16
15851275,1,0,1
15851657,65,8,57
15852660,117,25,92
15853319,15,6,9
15853456,52,13,39
15853873,50,3,47
15854655,38,9,29
15855258,1,0,1
15855460,30,8,22
15855571,948,123,825
15856534,20,2,18
15856845,7,2,5
15857051,11,2,9
15857068,106,26,80
1585716,606,225,381
15857163,0,0,0
15857207,21,10,11
15857242,9,6,3
15857358,63,16,47
15858013,77,19,58
15859389,17,1,16
15861918,42,33,9
15862300,20,7,13
15863154,6,1,5
15863873,83,35,48
15864334,66,18,48
15864425,3,1,2
15864747,0,0,0
15864764,34,9,25
15864952,283,47,236
15865260,41,18,23
15865588,141,45,96
15865696,35,16,19
1586600,475,147,328
15866160,89,12,77
15866263,28,2,26
15866580,41,11,30
15866693,17,4,13
15866819,1,0,1
15867190,0,0,0
15867303,70,18,52
15867311,0,2,-2
15867458,3,0,3
15868217,6,0,6
15868866,131,23,108
15868879,139,108,31
15869599,205,57,148
15870232,29,22,7
15870575,210,21,189
15870880,14,0,14
15870911,3,1,2
15871542,8,2,6
15871612,30,29,1
15871635,5,1,4
15871839,165,50,115
15872385,1,0,1
15873096,10,6,4
15876782,10,3,7
15877012,25,4,21
15877794,148,70,78
15878525,40,13,27
15878692,129,45,84
15879003,13,3,10
15879201,182,63,119
15879212,134,31,103
15879312,160,35,125
15879760,19,9,10
15880097,36,5,31
15880168,48,9,39
15880697,76,32,44
15881074,10,1,9
15881675,17,1,16
15881700,12,7,5
15883015,2,0,2
15883028,14,1,13
15883308,225,80,145
15883323,65,18,47
15883467,12,7,5
15883694,194,10,184
15885550,1,0,1
15885679,11,3,8
1588576,72,10,62
15885957,4,2,2
15886050,4,0,4
15886630,4,1,3
15886750,53,17,36
15886868,15,3,12
15887157,4,2,2
15887483,66,13,53
15887803,107,19,88
15890061,1,2,-1
15891240,0,0,0
15892900,66,16,50
15893117,22,1,21
15893642,33,2,31
15893700,12,4,8
15893775,1,1,0
158939,247,108,139
15894462,61,38,23
15894475,22,6,16
15895331,45,21,24
15895539,83,13,70
15895613,97,32,65
15895987,19,27,-8
15896278,90,22,68
15896814,4,1,3
15896927,216,66,150
15897027,8,0,8
1589731,214,83,131
15898236,30,15,15
15899376,7,5,2
15900139,52,27,25
15900290,62,19,43
15901067,60,9,51
15901764,14,4,10
15906751,91,25,66
15907246,6,1,5
15907683,4,4,0
15907786,23,4,19
15908163,57,19,38
1590818,265,193,72
15908270,272,49,223
15908676,19,4,15
15908779,35,4,31
15908988,23,8,15
15909513,4,1,3
15909830,47,42,5
15909968,78,41,37
15911207,106,37,69
15911842,8,1,7
15912845,12,1,11
15912869,18,10,8
15914348,152,51,101
15914745,4,2,2
1591477,398,86,312
15919380,59,20,39
15921360,56,19,37
15921658,4,0,4
15921696,78,26,52
15922063,0,0,0
15922076,9,1,8
15922088,0,1,-1
15922261,3,1,2
15922498,5,1,4
15922782,142,45,97
15923095,12,4,8
15923234,96,45,51
15923722,2,1,1
15924549,5,4,1
15924859,78,25,53
15925254,142,42,100
15925336,10,4,6
15925399,116,26,90
15925938,14,5,9
15926067,79,33,46
15926115,168,66,102
15926239,6,2,4
15926388,7,1,6
15927434,3,0,3
15928685,4,2,2
15929016,36,17,19
15929088,77,32,45
15929709,50,12,38
15930519,12,4,8
15934898,91,40,51
15936008,55,38,17
1593625,13,2,11
15936522,19,12,7
15937306,54,20,34
15937380,22,7,15
15937505,116,26,90
15937544,45,28,17
15938068,53,13,40
15938297,16,5,11
15939675,57,9,48
15939932,45,12,33
15939936,10,2,8
15940052,10,2,8
15940132,3,1,2
15940398,12,7,5
15940520,12,0,12
15940714,61,11,50
15944184,32,11,21
15946020,227,42,185
15947011,0,0,0
15947566,46,7,39
15947593,87,35,52
15948068,60,32,28
15948179,11,3,8
15948589,31,10,21
15948990,88,9,79
1595060,84,20,64
15950902,189,58,131
15951744,0,0,0
15954078,54,9,45
15954248,6,2,4
15954540,25,9,16
15958128,12,3,9
15960710,88,29,59
15960906,12,0,12
15961454,13,3,10
15961655,44,15,29
15962033,2,0,2
15962317,122,28,94
15963374,11,2,9
15963466,13,9,4
15963608,133,24,109
15963701,22,10,12
15963961,12,5,7
1596415,395,83,312
15965107,229,59,170
15965217,23,2,21
15965335,0,0,0
15965879,91,27,64
15966925,508,96,412
15967206,107,35,72
15967485,22,13,9
15968213,408,46,362
15968673,339,69,270
15969474,0,0,0
15970092,36,13,23
15970239,0,0,0
15970287,14,8,6
15970376,7,2,5
15971419,257,116,141
15972007,405,85,320
15972500,2,3,-1
15972699,353,50,303
159736,213,37,176
15974991,305,54,251
15978531,5,1,4
159787,340,84,256
15978805,26,8,18
15978828,69,19,50
15978920,39,6,33
15979145,53,15,38
15979356,4,2,2
15979562,459,83,376
15979622,1,0,1
15979664,13,3,10
15979889,25,0,25
15980294,0,1,-1
15980418,9,5,4
15980689,4,0,4
15980780,5,0,5
15981461,7,1,6
15981849,18,11,7
15982698,140,50,90
15982992,15,3,12
15984195,22,3,19
15985463,9,6,3
15985476,13,4,9
15986784,3,0,3
15988694,546,53,493
15991230,10,4,6
15992480,20,5,15
15993287,11,1,10
15993914,95,31,64
15994353,8,0,8
15995107,95,31,64
15995420,118,65,53
15996460,61,16,45
15996526,2,4,-2
15996748,506,128,378
15996834,22,9,13
15997085,117,31,86
15997286,123,54,69
15997962,30,5,25
15999110,38,9,29
15999648,10,2,8
15999908,72,13,59
16001039,0,0,0
16001544,15,10,5
16001707,306,71,235
16007862,66,28,38
16008273,17,5,12
16008670,10,6,4
16009185,36,7,29
16009627,163,61,102
16009823,1,0,1
16010741,14,4,10
16011053,3,2,1
16011186,38,9,29
16011214,411,67,344
16011401,41,15,26
16011464,64,31,33
16011678,18,6,12
16012918,73,26,47
16012999,0,0,0
16013899,264,43,221
16014252,329,78,251
16014535,1,1,0
16014794,50,19,31
16015132,76,16,60
16015522,2,0,2
16016253,12,1,11
16016492,0,0,0
16018305,2,1,1
16021029,82,27,55
16021140,95,24,71
16021646,14,3,11
16022481,4,3,1
16022755,70,33,37
16022901,23,7,16
16023319,23,13,10
1602364,23,6,17
16023886,2,0,2
16024821,28,2,26
1602503,200,33,167
16026181,12,2,10
16027179,112,53,59
16028926,35,8,27
16029755,38,38,0
16030580,76,30,46
16033347,33,7,26
1603453,207,54,153
16035490,91,17,74
16035660,88,16,72
16036265,40,9,31
16037046,41,17,24
16037071,139,54,85
16037820,288,35,253
16039150,55,12,43
16040382,27,15,12
16040914,1,0,1
16043352,184,95,89
16043899,18,6,12
16045889,0,0,0
16046231,85,36,49
1604661,5,4,1
16046982,84,12,72
16047129,56,18,38
16047788,0,0,0
16047863,90,30,60
16048631,112,22,90
16049480,7,0,7
16050428,123,40,83
16050747,0,0,0
16051275,45,10,35
16051798,43,6,37
16051837,73,13,60
16051885,151,64,87
16052102,0,0,0
16052164,12,5,7
16052172,139,54,85
16052585,98,27,71
16053214,62,13,49
16053969,74,11,63
16054164,13,6,7
16054780,4,0,4
16055133,98,33,65
1605623,780,174,606
16058829,39,5,34
16059177,4,0,4
16059648,70,12,58
16059823,29,8,21
16059837,3,0,3
16060666,1,0,1
16060917,2,1,1
16061198,29,22,7
16061286,13,2,11
16061296,82,39,43
16061831,0,0,0
16061970,58,15,43
16062523,10,3,7
16062608,76,10,66
16062817,60,24,36
16063068,0,0,0
16063133,34,13,21
1606356,109,46,63
16063955,8,4,4
16063960,63,14,49
16064533,0,0,0
16064948,5,4,1
16064985,0,1,-1
16067155,88,21,67
16067974,2,0,2
16068566,14,0,14
16068612,28,5,23
16068762,3,1,2
16068816,37,2,35
16068898,65,30,35
16069733,19,2,17
16070006,23,16,7
16073852,55,19,36
16074401,11,4,7
16074653,52,33,19
16075318,26,11,15
16075481,0,0,0
16075567,575,125,450
16075725,44,10,34
16076187,83,30,53
16076791,24,10,14
16077249,155,50,105
16077507,59,18,41
16077623,79,24,55
16077802,2,1,1
16078117,17,1,16
16078260,4,0,4
16078762,6,1,5
16079229,60,23,37
16080989,6,6,0
16081838,31,5,26
1608341,48,31,17
16083779,4,1,3
16084322,0,0,0
16084659,214,26,188
16085042,8,1,7
16086298,56,10,46
1608691,67,17,50
16086956,28,2,26
1608887,919,184,735
16090421,39,13,26
16090470,157,45,112
16090726,36,23,13
16091100,27,3,24
16091536,84,13,71
16091571,43,8,35
16091664,176,28,148
16092808,0,0,0
16093287,17,2,15
16093306,16,4,12
16093486,249,61,188
16093798,0,1,-1
1609396,44,5,39
16094182,89,35,54
16094240,4,2,2
16094642,32,1,31
16095145,25,10,15
16095353,65,17,48
16096349,9,3,6
16096598,371,80,291
16097997,20,5,15
16098456,105,20,85
16098652,2,1,1
16099202,120,39,81
16099728,5,0,5
16100390,22,3,19
16101129,16,3,13
16102725,10,5,5
16104971,3,2,1
16105742,85,27,58
16105854,68,25,43
16106145,11,2,9
16106394,0,0,0
16106423,19,4,15
16107493,15,5,10
16107496,97,20,77
16107589,204,41,163
16107682,41,9,32
16107739,198,24,174
16107904,26,7,19
16109922,232,44,188
16110300,30,7,23
16110668,2,1,1
16111387,69,6,63
16111422,29,8,21
16114353,213,60,153
16116589,92,42,50
16116821,44,8,36
16116975,223,77,146
16117109,39,5,34
16117778,44,20,24
16117963,60,20,40
16118700,23,9,14
16118916,51,10,41
16119039,0,0,0
16119303,8,0,8
16119913,33,4,29
1612027,8,2,6
16120272,73,19,54
16120394,10,7,3
16120659,52,14,38
16120750,195,91,104
16121135,60,20,40
16121800,9,3,6
16123108,69,4,65
1612686,64,24,40
16127905,35,5,30
16128240,2,0,2
16128331,5,4,1
16128357,0,0,0
16128770,33,13,20
16129043,32,15,17
16129340,53,10,43
16129446,75,33,42
16129523,117,78,39
16129581,25,11,14
16131347,33,16,17
16132028,52,15,37
1613251,206,53,153
16132597,24,6,18
16132660,22,1,21
16132995,84,7,77
16133430,2,2,0
16134143,53,20,33
16134724,110,20,90
1613526,1,0,1
16138354,81,31,50
1613853,2,0,2
16139383,14,3,11
16140351,22,16,6
16140409,261,103,158
16143170,118,15,103
16143332,33,21,12
16143370,188,48,140
16143589,1,3,-2
16143986,208,49,159
16144591,105,20,85
16144809,102,18,84
16144854,29,10,19
16145190,10,5,5
16145289,137,30,107
1614533,116,55,61
16145531,93,31,62
16145573,205,29,176
16145800,0,0,0
16145820,4,1,3
16146319,43,9,34
16146356,23,5,18
16150644,4,1,3
16151046,41,6,35
16151726,27,7,20
16151820,166,57,109
16152336,10,1,9
16152793,97,28,69
16152981,6,5,1
16153029,18,6,12
16153042,31,8,23
16153936,42,10,32
16154195,20,7,13
16154590,38,8,30
16155322,574,96,478
16155406,7,7,0
16155609,620,92,528
16156282,4,1,3
16156456,6,0,6
16156542,1,2,-1
16156667,196,60,136
16156984,10,6,4
1615747,46,7,39
16157885,109,28,81
16158534,14,3,11
16159240,5,3,2
16159266,26,17,9
16159397,82,19,63
16159437,110,27,83
16159503,263,59,204
1615953,92,41,51
16159697,34,11,23
16160225,50,20,30
16160605,107,26,81
16160739,14,4,10
16161840,10,3,7
16162017,383,97,286
16162337,3,3,0
1616435,5,1,4
16164466,16,5,11
16167755,25,5,20
16168225,113,39,74
16169400,5,2,3
16169444,46,26,20
16169763,22,8,14
16169767,0,0,0
16169887,11,5,6
16170253,21,2,19
16170259,23,6,17
16170880,3,0,3
16170945,3,0,3
16171111,15,11,4
16171647,36,11,25
16171857,50,17,33
16172309,2,0,2
16172429,7,3,4
16172723,28,2,26
16173127,0,0,0
16174817,85,48,37
16174882,57,21,36
16175710,48,22,26
16176404,4,2,2
16176561,189,77,112
16176580,10,1,9
16176656,3,0,3
16177038,18,8,10
16177115,141,49,92
16177783,13,2,11
16182565,0,0,0
16183791,4,0,4
16183921,110,22,88
16183942,3,1,2
16184495,28,11,17
16184659,5,1,4
16184859,0,0,0
16185679,61,22,39
16186061,153,10,143
16186483,11,4,7
16186586,29,15,14
16186659,36,10,26
16187261,244,43,201
16187987,122,54,68
16188243,6,1,5
16188278,57,14,43
16188376,23,9,14
16188984,3,0,3
16189230,4,1,3
1618953,7,3,4
16189656,53,23,30
16190589,15,2,13
16191184,0,0,0
16191271,35,8,27
1619227,31,18,13
16192459,170,71,99
16192834,58,14,44
16196830,3,1,2
16196969,20,9,11
16196994,6,1,5
16197305,52,9,43
16197334,29,7,22
16197381,153,27,126
16197389,57,19,38
16197469,14,2,12
16197573,16,6,10
16197774,4,0,4
16197814,130,40,90
16198387,60,17,43
16198545,4,0,4
16198632,16,4,12
16199587,161,34,127
16199921,205,50,155
16200028,1,0,1
16200087,70,10,60
16200922,342,28,314
16200925,17,13,4
16201005,8,4,4
16201384,3,0,3
16201390,4,2,2
16201504,134,34,100
16201624,9,7,2
16202396,94,25,69
16202628,19,7,12
16202673,87,25,62
16202748,19,1,18
16203434,0,0,0
16203561,0,3,-3
16203902,13,5,8
16204253,88,8,80
16204282,26,9,17
16204807,96,22,74
16205012,40,23,17
16205199,300,108,192
16205296,126,38,88
16205369,6,1,5
16205465,8,1,7
16205549,31,15,16
16205578,66,26,40
16205638,252,59,193
16206347,89,51,38
16206793,16,6,10
16209085,8,0,8
16210068,82,32,50
16210658,89,21,68
16210773,0,1,-1
16210829,68,18,50
16210909,88,16,72
16210910,0,0,0
16211130,32,3,29
16211189,283,83,200
16211249,24,7,17
16211323,99,20,79
16211372,42,18,24
16211499,144,59,85
16211625,7,3,4
16211719,35,7,28
16211720,36,6,30
16211721,58,7,51
16211783,7,0,7
16212740,13,0,13
16212897,70,15,55
16212935,57,13,44
1621302,120,10,110
16213025,118,25,93
1621307,20,3,17
16213347,47,21,26
16213556,89,15,74
16213689,48,31,17
16213881,36,6,30
16214185,98,17,81
16214219,8,0,8
16214508,57,14,43
16214899,230,46,184
16214972,6,0,6
16215015,14,1,13
16215403,199,78,121
16215867,50,15,35
16218947,7,1,6
16219021,80,21,59
16220971,48,11,37
16221458,4,1,3
16222140,6,2,4
16222150,117,9,108
16222939,7,2,5
16223099,14,2,12
16223250,12,3,9
16223916,25,7,18
16223985,5,0,5
16224424,42,10,32
16224733,65,33,32
1622475,36,10,26
16224873,9,1,8
16224962,20,8,12
16226044,141,33,108
16226355,107,14,93
16226654,18,1,17
16227082,1,0,1
16227213,21,2,19
16227399,4,0,4
16228386,17,7,10
16230138,64,16,48
16230934,7,0,7
16233179,20,4,16
16233624,103,31,72
16233894,2,0,2
16234086,46,13,33
16234137,79,30,49
16234572,6,5,1
16234738,242,36,206
16235140,0,0,0
16235278,6,1,5
16235421,68,28,40
16235429,13,4,9
16235628,7,2,5
1623611,463,148,315
16236235,10,5,5
16236252,5,0,5
16236733,1,0,1
16237603,2,1,1
16237713,2,0,2
16238560,72,35,37
16239161,3,1,2
16239244,2,0,2
16239959,11,3,8
16240428,9,2,7
16240489,28,9,19
16240636,72,17,55
1624107,8,3,5
16241353,0,0,0
16241461,242,72,170
16241500,2,1,1
16241820,1,1,0
16242117,0,0,0
16242168,38,10,28
16242507,335,119,216
16243040,116,28,88
16246690,18,7,11
16247533,79,19,60
16247597,27,11,16
16247878,55,20,35
16248017,2,0,2
16248251,58,18,40
16248313,255,61,194
16248457,8,0,8
16248835,26,12,14
16248931,47,11,36
16248990,14,6,8
16249069,13,0,13
16249077,75,17,58
16249502,0,0,0
16250276,52,20,32
16250299,6,6,0
16250443,14,2,12
16250502,5,0,5
16250788,61,19,42
16250814,58,11,47
16250945,216,70,146
16251080,17,1,16
16251139,47,9,38
16251545,63,25,38
16251646,4,2,2
16252108,45,9,36
16252143,44,6,38
16252185,89,19,70
16252209,20,6,14
16252258,34,8,26
16252422,46,20,26
16252513,2,1,1
16254324,2,0,2
16254834,0,0,0
16255410,9,3,6
16255823,21,3,18
16256425,33,7,26
16256461,90,17,73
16256508,10,3,7
16256750,437,164,273
16257865,444,174,270
16258008,0,0,0
16261616,206,55,151
16262586,20,2,18
16262593,10,4,6
16262753,38,14,24
16263488,28,4,24
16263620,5,0,5
1626486,995,702,293
16265358,30,6,24
16265622,0,0,0
16265710,76,31,45
16265889,62,20,42
16266311,30,5,25
16266409,358,128,230
16266647,420,123,297
16266832,30,8,22
16266945,33,6,27
16267248,15,5,10
16267291,3,1,2
16267956,2,0,2
1626809,291,110,181
16268401,7,0,7
16268581,24,7,17
16268844,45,12,33
16269092,4,2,2
16269744,22,4,18
16270020,1,1,0
16270486,30,7,23
1627057,1,0,1
16270682,41,12,29
16271023,98,17,81
16271501,222,82,140
16271538,32,11,21
16272179,72,28,44
16272743,5,2,3
16272919,0,0,0
16272953,56,8,48
16273158,26,5,21
16273167,0,1,-1
16273317,80,25,55
16273514,0,0,0
16273515,12,8,4
16273833,6,2,4
16276053,47,22,25
16277113,238,76,162
16278172,4,3,1
16279051,37,9,28
16279305,189,21,168
16279545,19,3,16
16279793,1,0,1
16279980,306,72,234
16281198,53,14,39
16281492,12,2,10
16281499,30,9,21
16281760,6,0,6
16281772,36,5,31
16282256,61,56,5
16282715,0,0,0
16283215,14,1,13
16283872,1,2,-1
16284014,22,8,14
16284077,31,10,21
16284271,38,9,29
16284742,130,20,110
16285743,1,0,1
16286327,3,3,0
16286850,23,1,22
16287206,5,1,4
16287865,6,2,4
16292380,18,5,13
16293325,73,17,56
16293382,117,46,71
16293518,10,3,7
16293804,0,0,0
16294015,4,4,0
16294823,34,12,22
16294866,50,20,30
16295049,14,1,13
16295296,16,3,13
16295349,68,13,55
16295723,6,2,4
16296396,23,10,13
16296476,227,61,166
16297160,2,0,2
16297223,165,72,93
16298887,40,9,31
16300065,0,1,-1
16301359,125,31,94
16301521,48,11,37
16304437,5,0,5
16304444,64,18,46
16304580,1,0,1
16304759,0,0,0
16305001,15,5,10
16305796,149,83,66
16305982,4,0,4
16306068,4,1,3
16306433,1,1,0
16306586,51,22,29
16306740,19,12,7
16306781,64,18,46
16307718,0,1,-1
1630792,6,5,1
16308120,32,2,30
16308157,16,2,14
16308170,38,22,16
16308343,0,0,0
163086,144,39,105
16308845,5,1,4
16309319,2,0,2
16310033,330,104,226
16311206,0,0,0
16314598,74,29,45
16315538,97,77,20
16317387,13,2,11
16317652,115,48,67
16318371,32,5,27
16318524,110,34,76
16318740,18,8,10
16319095,17,5,12
16319606,109,11,98
16320098,72,20,52
16320131,4,0,4
16320165,19,6,13
16320313,11,3,8
16321194,17,6,11
1632128,280,58,222
16321920,31,12,19
16322362,9,5,4
16323295,6,0,6
16323474,77,27,50
16324573,8,1,7
16324705,48,9,39
16324809,61,5,56
16326620,0,0,0
16327680,63,15,48
16327915,238,59,179
16328137,122,25,97
16328145,244,108,136
16328396,119,40,79
16328626,34,12,22
16329864,1,0,1
16330550,60,21,39
16331319,2,2,0
16331859,100,40,60
16331881,6,1,5
16332590,57,6,51
16332704,277,68,209
16334991,133,25,108
16335063,67,18,49
16336147,1,0,1
16336298,29,7,22
16336466,42,12,30
16337113,2,1,1
16337196,43,11,32
16339594,33,14,19
16339842,4,2,2
16340428,51,14,37
16340797,3,0,3
16341355,93,24,69
16343092,0,0,0
16343164,2,0,2
16343358,5,2,3
16343625,9,2,7
16343677,36,15,21
16345024,106,28,78
16345125,2,2,0
16345596,37,9,28
16345866,151,30,121
16346109,41,8,33
16347140,24,5,19
16347920,85,33,52
16349148,81,24,57
16349425,95,16,79
16349537,36,8,28
16349566,137,23,114
16350155,0,0,0
16350595,14,2,12
16350711,229,38,191
16350713,136,7,129
16350948,2,1,1
16351334,145,21,124
1635433,325,123,202
16356777,15,7,8
16357344,4,3,1
16357768,3,1,2
16358249,56,18,38
16358742,81,10,71
16358763,143,38,105
16358871,3,0,3
16359290,236,43,193
16360735,70,23,47
16361214,40,11,29
16361918,1,0,1
16362109,17,5,12
16362174,5,2,3
16362432,7,1,6
16362610,169,49,120
16362940,2,1,1
16365087,79,22,57
16365681,12,1,11
16365885,5,1,4
16365994,21,7,14
16366059,25,5,20
16366241,165,25,140
16367724,26,6,20
1636999,93,18,75
16370846,8,2,6
16371761,1,0,1
16372407,76,17,59
16373006,438,103,335
16373678,20,12,8
16373743,0,0,0
16373893,38,1,37
16374219,19,4,15
16374418,24,3,21
16374426,5,0,5
16374535,49,16,33
16374817,0,0,0
16374900,46,7,39
16375022,13,1,12
16375194,45,15,30
16375211,2,0,2
16375632,27,22,5
16376142,61,16,45
16376358,42,5,37
16376993,64,30,34
16377030,18,3,15
16377307,27,4,23
16377308,29,8,21
16377869,26,18,8
16379078,200,73,127
1637922,10,4,6
16379721,8,0,8
16380046,94,24,70
16380098,40,13,27
16380476,10,1,9
16384059,265,35,230
16384333,23,12,11
16384686,9,1,8
16385092,17,2,15
16385357,60,20,40
16385672,97,25,72
16385740,91,44,47
16386228,70,24,46
1638656,83,63,20
16386858,1,0,1
1638730,115,33,82
16387376,3,0,3
16387794,1,0,1
16389327,62,12,50
16389550,303,45,258
16389662,26,12,14
16389763,7,0,7
16390418,62,16,46
16390459,29,7,22
16390605,29,4,25
16391128,1,0,1
16391137,70,11,59
16391195,70,22,48
16391346,18,3,15
16391513,165,41,124
16391572,64,6,58
16391602,25,12,13
16392474,11,3,8
16392566,27,3,24
16392783,172,46,126
16392960,88,21,67
16393882,41,26,15
16397301,148,52,96
16398287,63,30,33
16398328,139,49,90
16398417,3,2,1
16400645,15,6,9
16400956,23,14,9
16401093,97,45,52
16401228,28,22,6
16401271,160,45,115
16404103,54,12,42
16405480,4,4,0
16405539,165,48,117
16406247,10,1,9
16407482,389,70,319
1640876,25,3,22
16409324,34,14,20
16410248,7,2,5
16410389,13,8,5
16410678,188,31,157
16411176,115,43,72
16411602,34,19,15
16412362,0,0,0
16412600,91,17,74
16413134,5,1,4
16413907,10,6,4
16414022,384,100,284
16414030,38,6,32
16414110,214,89,125
16414798,51,15,36
16415522,7,1,6
16416085,151,31,120
16416836,5,1,4
16420304,0,0,0
16420318,11,0,11
16420332,6,0,6
16420386,83,28,55
16421059,6,3,3
16421242,239,111,128
16421474,214,95,119
16421682,13,5,8
16422652,82,17,65
16423416,32,2,30
16423448,10,1,9
16424457,124,29,95
16424863,2,2,0
16426265,17,2,15
16426634,9,3,6
16427328,7,0,7
16427434,203,48,155
16431706,1,0,1
16432171,133,19,114
16432480,9,0,9
16432755,82,23,59
16432779,15,5,10
16433287,6,4,2
16434010,7,3,4
16434453,14,8,6
16434496,2,0,2
16434563,86,18,68
16434637,0,1,-1
16434713,2,2,0
1643498,5,2,3
16435035,11,8,3
16435212,22,6,16
16435290,0,0,0
1643561,54,15,39
16436887,347,60,287
16437164,19,4,15
16437239,308,93,215
16437344,9,5,4
16437470,2,2,0
16437943,14,3,11
16438542,45,7,38
16438998,19,8,11
16439801,3,3,0
16440799,401,82,319
1644085,538,201,337
16441906,4,2,2
16444627,418,100,318
16447345,97,26,71
16447397,81,27,54
16447436,4,2,2
16447482,8,5,3
16448019,12,5,7
16448271,17,8,9
16448902,12,1,11
16448910,26,17,9
16449585,19,4,15
16449767,0,0,0
1645271,12,4,8
16453613,3,3,0
16454460,97,19,78
16455994,0,0,0
16457922,40,12,28
16459464,169,25,144
16459523,9,2,7
16462157,75,22,53
16462880,51,10,41
16462906,0,0,0
16463401,3,2,1
16463787,50,10,40
16463826,50,19,31
16464251,25,8,17
16464523,35,4,31
16464777,22,25,-3
1646537,552,155,397
16466525,2,2,0
16466780,5,4,1
16466822,25,7,18
16467164,102,55,47
16468051,42,8,34
16471018,37,7,30
16472428,21,3,18
16472888,122,39,83
16473065,2,2,0
16473408,118,34,84
16473425,2,2,0
1647344,228,64,164
16474311,21,7,14
16474330,10,7,3
16474893,206,104,102
1647502,10,5,5
16476438,52,8,44
16476936,21,1,20
1647720,379,107,272
16477500,22,4,18
16477678,0,0,0
16477696,18,0,18
16478155,48,6,42
16478270,19,9,10
16478740,8,0,8
16478939,5,0,5
1647905,115,29,86
16479480,14,1,13
16479949,49,12,37
16480424,56,11,45
16483193,40,7,33
16484055,10,1,9
16484142,1,0,1
1648445,151,39,112
16485688,7,3,4
16485717,17,2,15
16485961,293,56,237
16486034,1,1,0
16486181,21,7,14
16486862,88,44,44
1648809,276,94,182
16488307,129,28,101
16488316,75,30,45
16488792,5,4,1
16495289,5,0,5
16495332,39,28,11
16495664,10,1,9
16495922,614,154,460
16496668,309,54,255
16497523,83,12,71
16499086,3,4,-1
16499250,27,2,25
16502672,17,7,10
16504721,0,0,0
1650494,147,26,121
1650944,35,7,28
1651191,610,160,450
16512470,8,3,5
1651273,186,86,100
16513138,22,6,16
16513788,41,7,34
16514353,204,30,174
16515054,129,23,106
16515328,54,9,45
16516322,56,21,35
1651651,238,167,71
16519006,137,30,107
16519014,5,0,5
16520054,17,14,3
16523120,5,2,3
16525826,6,4,2
16526105,122,21,101
16526615,4,2,2
16528513,58,7,51
16529072,10,3,7
1653016,114,48,66
16531073,203,59,144
16531690,265,59,206
16532142,3,0,3
16532273,10,0,10
16532281,304,90,214
1653277,54,33,21
16533385,29,23,6
165336,413,180,233
1653471,60,30,30
1653516,22,10,12
16536849,97,21,76
16536977,9,5,4
16537615,5,2,3
16538391,42,19,23
16538397,5,4,1
16539110,45,12,33
16539521,5,1,4
16539934,44,10,34
16540363,263,56,207
16541121,119,17,102
16541717,35,6,29
16542662,25,8,17
16543014,14,2,12
16543080,33,7,26
16543413,15,3,12
16550650,2,0,2
16552074,89,17,72
16552121,75,37,38
16552252,399,93,306
16552795,3,1,2
16552859,23,5,18
16553226,35,14,21
16553848,44,8,36
16554170,8,0,8
16555802,185,33,152
16556609,35,15,20
16556659,179,15,164
16557091,51,10,41
16557160,0,0,0
16557308,62,28,34
16557564,482,81,401
16557659,33,6,27
16557982,482,94,388
16558131,1,0,1
16562846,152,27,125
16563010,103,46,57
16563709,23,4,19
16563772,16,11,5
16564168,107,17,90
16564250,10,3,7
16564281,29,6,23
16565891,51,4,47
16566634,4,8,-4
16567010,73,21,52
16567689,62,12,50
16570624,52,17,35
16571033,1,0,1
16571609,21,5,16
16573853,0,0,0
16574065,38,11,27
16574643,8,3,5
1657479,1,4,-3
16575085,52,16,36
16575129,17,4,13
16575164,48,12,36
16575179,101,2,99
16575227,61,9,52
16575941,23,3,20
16576379,35,11,24
16576620,14,2,12
16577664,0,0,0
16578724,74,5,69
1658036,267,90,177
16583899,5,0,5
16584428,28,3,25
16584867,110,22,88
16587283,77,18,59
1658759,64,12,52
16591105,69,30,39
1659167,250,43,207
16591799,0,1,-1
16592655,179,51,128
16593280,16,7,9
16593814,3,0,3
16594933,99,21,78
16595487,58,15,43
16596405,16,0,16
16597019,12,3,9
16597165,0,1,-1
16597237,56,18,38
16597889,197,14,183
16601023,4,1,3
16601194,8,0,8
16601892,108,30,78
16601916,1,0,1
16606845,29,5,24
16606871,18,7,11
16607556,20,7,13
1660817,121,36,85
16608188,36,13,23
16608381,33,8,25
16608387,5,1,4
16608606,38,11,27
16609252,28,4,24
16609391,9,1,8
16609958,30,17,13
16610366,90,17,73
16610626,5,1,4
16610995,20,4,16
16611619,0,0,0
16611716,10,2,8
16612221,146,55,91
16612732,0,0,0
16612941,2,3,-1
16613145,76,40,36
16613258,2,0,2
16614238,48,22,26
16614510,144,20,124
16615036,81,23,58
16615078,5,0,5
16616257,20,10,10
16617329,8,3,5
16617831,70,25,45
16618710,6,4,2
1662003,92,14,78
16622885,554,84,470
16623205,8,1,7
16623240,310,57,253
16624663,10,3,7
1662586,108,18,90
16626042,79,33,46
16626326,19,4,15
16627414,61,10,51
16628042,64,14,50
16628428,133,37,96
16628672,41,14,27
16629273,38,5,33
16629490,35,14,21
16629986,80,20,60
16630014,8,0,8
16631795,158,44,114
1663184,106,31,75
16632436,58,23,35
16632485,67,10,57
16632944,31,7,24
16633011,8,1,7
16633233,35,8,27
16633241,12,2,10
16634088,329,172,157
16634302,440,195,245
16634756,12,6,6
1663496,10,2,8
16639033,6,1,5
16639669,24,6,18
16640850,38,16,22
16641148,12,1,11
16641890,124,31,93
16641926,70,18,52
16642140,125,56,69
16643250,46,11,35
16643405,69,23,46
16643829,39,3,36
1664436,304,194,110
16644444,126,50,76
16644594,51,15,36
16644755,21,10,11
16644933,110,22,88
16645198,11,5,6
16645373,10,2,8
16645389,32,19,13
16645545,6,2,4
16645714,30,9,21
16646258,81,45,36
16646397,46,7,39
16646573,4,2,2
16646983,31,9,22
16648005,205,26,179
16648010,20,9,11
16648011,4,2,2
16648799,31,6,25
16649152,29,4,25
16649373,9,0,9
16649605,51,7,44
16649824,23,12,11
16649943,12,2,10
16650031,54,21,33
16650260,83,32,51
16651087,6,0,6
16652031,6,1,5
1665234,99,13,86
16654872,67,19,48
16655180,122,34,88
16655313,47,5,42
16655315,12,1,11
16655528,19,3,16
16655613,91,27,64
16655716,0,0,0
16656929,11,6,5
16657082,0,0,0
16658416,31,5,26
16659793,63,6,57
16660192,0,0,0
16660282,66,40,26
16660326,9,0,9
16660331,3,0,3
16660423,5,0,5
16660445,310,53,257
16660600,31,8,23
16662308,19,3,16
1666277,23,7,16
1666404,154,57,97
1666469,6,0,6
1666544,1,0,1
16668227,19,3,16
16668404,170,26,144
16668529,19,11,8
16668959,69,10,59
16668977,16,2,14
16669214,0,0,0
16669351,14,3,11
16669557,3,1,2
16669593,102,32,70
16670064,76,23,53
16670100,12,2,10
16670542,0,0,0
16671649,18,11,7
16671931,100,33,67
16672534,4,2,2
16672652,83,34,49
16672876,15,12,3
16673248,311,86,225
16673310,5,7,-2
16674065,103,8,95
16674189,41,11,30
16674588,15,4,11
16674916,49,13,36
16675594,51,16,35
16675806,4,0,4
16675955,48,17,31
166760,26,2,24
16676053,17,3,14
16676097,309,56,253
16676137,16,11,5
16676789,30,4,26
16679862,138,42,96
16681598,8,1,7
16681977,58,14,44
16682184,102,31,71
16682490,235,41,194
16683564,16,3,13
1668374,86,20,66
16683929,3,0,3
16684814,108,21,87
16685319,115,23,92
16685501,81,14,67
16686627,6,6,0
16686762,18,4,14
16687143,14,0,14
16687487,25,10,15
16687739,78,22,56
16688121,43,10,33
16688330,58,8,50
16688966,23,2,21
16688976,98,43,55
16689679,1,1,0
16693275,53,24,29
16695649,41,19,22
1669615,73,18,55
16696717,54,24,30
16697079,61,26,35
16697249,119,28,91
1669731,89,19,70
16697343,154,65,89
16697692,3,0,3
16697858,10,4,6
16698320,258,45,213
16698551,98,29,69
16698912,42,23,19
16698959,634,147,487
16699022,7,4,3
16699308,73,19,54
16699441,95,31,64
16699444,62,12,50
16699637,113,27,86
16699663,3,2,1
16699899,21,1,20
16700032,95,23,72
16700630,38,14,24
16700741,10,3,7
1670108,69,12,57
16701321,0,0,0
16702379,99,20,79
16702582,15,2,13
16703073,65,20,45
16703314,67,40,27
1670403,574,204,370
16704893,37,4,33
16705466,82,17,65
16706118,33,6,27
16706216,75,4,71
16707149,115,38,77
1670978,16,6,10
16710565,13,0,13
1671074,190,56,134
16713522,271,53,218
16714002,4,1,3
16714822,102,18,84
16715211,56,15,41
16715324,13,9,4
16716169,668,403,265
16716296,42,30,12
16716437,56,18,38
16716545,1,0,1
16716732,171,32,139
1671684,621,165,456
16716997,48,12,36
16717265,133,43,90
16717661,76,5,71
16717858,32,5,27
16718607,5,1,4
16719613,136,63,73
16720120,126,50,76
16720428,394,82,312
16720610,96,17,79
16720996,15,4,11
16721533,78,20,58
16723264,4,0,4
16723314,18,0,18
16724102,58,3,55
16724241,103,25,78
16725561,59,20,39
16725871,18,3,15
16726837,203,67,136
16726909,5,0,5
16728306,211,79,132
16729101,27,8,19
16729176,119,41,78
16729397,129,37,92
16729425,10,2,8
16729468,193,34,159
16729565,11,7,4
16730402,85,30,55
16730469,54,13,41
16730907,9,5,4
16731538,151,54,97
16731743,4,0,4
16731802,276,60,216
16732018,53,11,42
16732050,6,0,6
16732168,7,3,4
16732936,61,14,47
16734723,4,3,1
16734921,113,17,96
16735534,29,14,15
16735792,54,11,43
16736380,28,18,10
16737138,128,50,78
16738109,34,11,23
1674023,31,14,17
16741310,21,4,17
16742595,83,27,56
16744720,10,3,7
16744895,113,29,84
16745333,55,11,44
16745425,31,4,27
16745515,1,0,1
16746336,36,17,19
16746627,27,3,24
16746748,11,0,11
16746963,92,22,70
16747028,23,8,15
16747890,385,123,262
16748079,36,21,15
1674813,148,28,120
16748384,38,12,26
16749035,11,3,8
16749874,23,4,19
16749986,96,35,61
16750932,44,11,33
16751224,23,2,21
16751255,167,19,148
16751595,4,2,2
16754247,31,4,27
16754278,48,11,37
16754816,53,8,45
16755232,14,4,10
16756605,56,16,40
16759658,0,0,0
16759676,305,149,156
16761134,28,2,26
16761688,36,7,29
16761768,0,0,0
16763118,14,3,11
16763836,40,8,32
16765796,92,21,71
16765805,4,3,1
16766572,37,16,21
1676718,22,6,16
16767973,135,24,111
16775279,0,1,-1
16775329,81,27,54
16775353,35,12,23
16775799,10,0,10
16777698,67,21,46
16779281,114,25,89
16780542,174,31,143
16782101,369,87,282
16784499,104,34,70
16785555,23,2,21
16785726,1,0,1
16786429,2,0,2
16786528,2,1,1
16787058,0,0,0
16788143,13,10,3
16788487,69,6,63
16789209,59,6,53
16789597,28,6,22
16789599,13,5,8
16789808,80,11,69
16790560,50,20,30
16792231,147,38,109
16792931,23,9,14
16792952,13,6,7
16793032,3,0,3
16793113,3,1,2
16793666,26,2,24
16793773,38,8,30
16794064,361,139,222
16794144,0,0,0
16794297,19,10,9
16794422,307,118,189
16794513,187,38,149
16794537,181,56,125
1679629,231,92,139
16801162,109,41,68
16801231,5,1,4
16801330,21,3,18
16802232,25,5,20
16802594,53,20,33
16802778,2,2,0
16803072,62,7,55
16803323,3,0,3
16804710,10,0,10
16804985,3,2,1
16805616,46,11,35
16806224,213,61,152
16807185,40,15,25
16807217,199,48,151
16807634,6,2,4
16807950,5,0,5
16808309,31,3,28
16808913,8,3,5
16809168,244,70,174
16809327,454,96,358
16811105,34,9,25
16813012,0,0,0
16814683,240,95,145
1681509,56,12,44
16815363,173,54,119
16815466,255,71,184
16817131,94,46,48
16817406,39,4,35
16817577,80,44,36
16818088,72,25,47
16818091,6,1,5
16818317,84,36,48
16818626,7,1,6
16819197,3,3,0
16819454,118,49,69
16819770,67,30,37
16820120,130,70,60
16820520,41,16,25
16820867,199,45,154
16820956,49,27,22
16820964,197,83,114
16821590,71,28,43
16821692,88,25,63
16821709,208,22,186
16823261,5,2,3
16823443,135,59,76
16823599,7,0,7
16823738,88,39,49
16825123,28,24,4
16826346,24,6,18
16827028,79,21,58
16827125,44,7,37
16827338,43,11,32
16829181,21,8,13
16829326,3,0,3
1682982,80,35,45
16832540,33,7,26
1683278,6,2,4
16833729,29,5,24
16833887,9,2,7
16833963,11,3,8
16834377,96,44,52
16834404,109,40,69
16834518,32,4,28
16834535,11,2,9
16834583,103,26,77
168348,506,190,316
16835474,55,18,37
168359,24,7,17
16836451,6,4,2
16838198,5,1,4
16839058,44,28,16
16840434,22,7,15
16840537,141,26,115
16841081,34,13,21
16841644,0,0,0
16841680,99,40,59
16841864,65,19,46
16841971,6,3,3
16841993,28,12,16
16843236,5,2,3
16843254,55,13,42
16843262,3,1,2
16844372,3,1,2
16845080,148,57,91
16849153,0,0,0
16849707,32,2,30
16850131,25,11,14
16850428,80,26,54
16850740,413,129,284
16851120,326,104,222
16851537,99,26,73
16851542,195,26,169
16852042,107,23,84
16852086,33,24,9
16852248,360,91,269
16852529,55,19,36
16852778,27,2,25
16853126,10,5,5
16853425,23,16,7
16855036,24,9,15
16855452,5,0,5
16855570,10,0,10
16855896,0,0,0
16855926,94,26,68
16856241,2,0,2
16856287,65,31,34
16856559,43,21,22
16856739,696,65,631
16857193,14,4,10
16858359,35,4,31
16858407,73,17,56
16858457,6,0,6
16858665,98,38,60
16861859,8,2,6
16862213,123,50,73
16862788,108,25,83
16863359,15,4,11
16864181,299,51,248
16864847,55,2,53
16864865,294,70,224
16864958,2,2,0
16865110,315,90,225
16865205,386,122,264
16865265,130,33,97
16865322,412,136,276
16865503,80,33,47
16865837,60,19,41
16865884,94,23,71
16866660,8,2,6
16867570,91,26,65
16867715,323,102,221
16868109,408,152,256
16868781,6,2,4
16869854,31,3,28
16870701,7,2,5
16871744,48,6,42
16872576,240,72,168
16872858,118,19,99
16874160,105,22,83
16874511,29,5,24
16874833,7,0,7
16875009,5,0,5
16875622,74,34,40
16877059,50,5,45
1687742,573,294,279
16877711,0,0,0
16878062,386,165,221
16878155,171,51,120
16878663,42,6,36
16878675,26,9,17
16878826,270,57,213
16878988,9,7,2
16878992,69,22,47
16879063,24,14,10
16879133,378,130,248
16879144,62,18,44
16879264,57,16,41
16879324,56,28,28
16879337,77,34,43
16879444,42,19,23
16879528,40,11,29
16879838,166,54,112
16879872,46,18,28
16880000,31,12,19
16880104,44,33,11
16880279,78,17,61
16880372,66,20,46
16880417,132,39,93
16880489,65,19,46
16880532,55,7,48
16880867,79,16,63
16881060,22,4,18
16881393,62,25,37
16881839,77,16,61
16881957,179,54,125
16882576,59,21,38
16882658,5,1,4
16882681,4,1,3
16883418,52,14,38
16883815,131,26,105
16884024,107,22,85
16884059,130,25,105
16884220,171,41,130
16887171,57,28,29
16888133,253,66,187
16888340,21,4,17
16888980,0,0,0
16889151,20,3,17
16889152,0,0,0
16889421,2,0,2
16889678,20,5,15
16890726,3,0,3
16891527,93,47,46
16891715,44,27,17
16891732,87,10,77
16891936,7,1,6
16892168,374,131,243
16892780,47,4,43
16893644,326,68,258
16894262,113,32,81
16894414,119,18,101
16894813,57,19,38
16894982,203,51,152
16895242,91,22,69
16895443,59,9,50
16895850,64,21,43
16896169,225,42,183
16896335,53,15,38
16896862,3,0,3
16897268,27,9,18
16901668,61,18,43
16902348,35,32,3
16902449,113,51,62
16902714,26,10,16
16902779,3,3,0
16902810,23,5,18
16903305,34,6,28
16903832,33,1,32
16904126,26,22,4
16904406,78,20,58
16905113,75,18,57
16905195,27,6,21
16905614,67,27,40
16905625,8,1,7
16905714,285,38,247
16905739,34,10,24
16905767,294,67,227
16905805,77,19,58
16905971,48,10,38
16906059,95,23,72
16906192,170,22,148
16906209,59,20,39
16906396,74,32,42
16906714,57,40,17
16906771,15,2,13
16906775,70,25,45
16907014,242,45,197
16907584,64,38,26
16908046,32,11,21
16909198,12,5,7
16909573,88,27,61
16909808,39,9,30
16909841,35,6,29
16909983,17,10,7
16910571,1,1,0
16911102,16,8,8
16911311,94,26,68
16912047,4,1,3
16912097,114,26,88
16913106,11,7,4
16913186,77,16,61
16913469,13,4,9
16913602,45,8,37
16913801,55,12,43
16913859,5,1,4
16915683,192,49,143
16919607,16,6,10
16920483,0,0,0
16920779,23,4,19
16920832,12,11,1
16921001,92,13,79
16921079,0,0,0
16921245,400,90,310
16921302,94,27,67
16921554,6,0,6
16921827,6,1,5
16922042,11,5,6
16922207,42,11,31
16922219,31,8,23
16922543,12,4,8
16922686,48,11,37
16923058,13,2,11
16923421,38,2,36
16923866,36,9,27
16924696,92,51,41
16924771,3,0,3
16925261,11,0,11
16925963,77,21,56
16926033,63,17,46
16926145,109,25,84
16926220,74,21,53
16927368,0,0,0
16927699,134,34,100
16927757,223,53,170
16929123,159,71,88
16929268,97,28,69
16929489,46,7,39
16929709,47,9,38
16930058,203,60,143
16930484,57,32,25
16931347,120,29,91
16935049,127,27,100
16935374,55,10,45
16935772,101,30,71
16935958,38,10,28
16936236,66,39,27
16936728,47,18,29
16937039,79,15,64
16937408,95,37,58
16937802,125,13,112
16939517,15,3,12
16939518,22,3,19
16939687,9,3,6
16939729,13,13,0
16939812,5,3,2
16939985,26,6,20
16940571,1,1,0
16940831,114,32,82
16941352,124,38,86
16941503,13,8,5
16941839,5,1,4
16942647,3,0,3
16943486,146,33,113
16943808,22,1,21
16944003,97,34,63
16945091,3,0,3
16945272,52,9,43
16945617,84,22,62
16950284,134,9,125
16950378,19,9,10
16950400,29,5,24
16950577,4,1,3
16951777,5,1,4
16952082,4,0,4
16952157,2,2,0
16952310,3,0,3
16952817,346,49,297
1695283,229,98,131
16953154,215,27,188
16953391,318,71,247
16956545,21,2,19
16959294,107,30,77
16960018,30,17,13
16960241,203,69,134
16960508,45,6,39
16961146,16,4,12
1696130,117,61,56
16961544,188,63,125
16963146,12,7,5
16963257,282,84,198
16965268,8,4,4
16965747,9,4,5
16966112,21,4,17
16966987,24,8,16
16967615,43,23,20
16967684,482,75,407
16967735,34,12,22
16967750,69,13,56
16968009,8,3,5
16968463,203,51,152
16968773,34,21,13
16969129,9,2,7
16969597,14,20,-6
16970283,106,41,65
16971645,16,2,14
16972352,139,45,94
16973265,27,3,24
16973278,65,10,55
16973740,144,16,128
16975058,28,6,22
16975412,127,33,94
16977057,0,0,0
16978346,165,20,145
16978661,79,18,61
16979254,4,1,3
16979710,23,3,20
16979719,8,0,8
16980076,51,8,43
16980114,80,30,50
16980173,48,10,38
16980433,83,25,58
16981852,15,3,12
16982203,55,15,40
16982475,0,0,0
16982595,87,25,62
16982659,13,1,12
1698274,58,24,34
16983028,20,2,18
16983396,58,10,48
1698371,184,43,141
16983981,7,1,6
16984085,119,27,92
16984495,1,0,1
16984970,1,0,1
16985403,197,58,139
16986074,11,3,8
16987874,37,7,30
16988830,16,4,12
16989287,26,4,22
1698947,54,12,42
16989800,34,14,20
16989899,1,0,1
16990412,10,0,10
16990538,8,3,5
16991102,17,4,13
16991832,112,25,87
16991874,97,18,79
16992311,61,7,54
16992550,28,4,24
16992772,3,1,2
16993091,18,5,13
16994101,6,1,5
16994407,267,72,195
16994650,14,4,10
16995336,9,11,-2
16995404,113,83,30
16995975,20,5,15
16996840,0,0,0
16997192,109,23,86
16997652,141,30,111
16998586,2,1,1
1700064,28,4,24
17002435,38,12,26
17003043,5,1,4
17003225,12,3,9
17003693,115,56,59
17003797,130,45,85
17003926,178,35,143
17004102,31,8,23
17004295,64,19,45
17004647,2,0,2
17004775,187,50,137
17004777,29,17,12
17004941,6,9,-3
17005079,14,1,13
17005261,231,71,160
17005543,4,0,4
17005850,191,80,111
17006210,162,48,114
17006244,73,2,71
17006816,22,5,17
17007155,133,34,99
17007416,19,4,15
17007436,54,27,27
17007544,86,29,57
17007605,94,28,66
17007917,16,8,8
17008269,47,27,20
17008308,13,8,5
17009066,51,20,31
17009169,145,59,86
17009809,17,6,11
17010976,125,16,109
17011680,63,23,40
17012098,2,0,2
17012315,29,6,23
17012454,73,30,43
17012494,22,4,18
17012704,38,5,33
17013420,122,36,86
17013513,59,2,57
17013766,106,29,77
17017877,58,37,21
17018158,24,11,13
17018211,57,12,45
17018274,46,8,38
17018549,13,1,12
17018895,201,70,131
1701959,237,79,158
17020894,54,11,43
17021008,19,1,18
17021268,1,1,0
17021276,28,7,21
17022230,82,24,58
17022673,7,4,3
17022726,30,4,26
17022939,27,23,4
17023623,358,62,296
17023789,31,16,15
17024055,161,35,126
17024206,83,21,62
17024399,67,6,61
17024664,32,10,22
17024850,99,10,89
17024925,137,30,107
17025673,420,137,283
17026875,79,34,45
17027172,9,4,5
17027282,2,0,2
17027331,4,2,2
17027706,53,11,42
1702776,1225,292,933
17028877,108,28,80
1703019,178,35,143
17030977,88,29,59
17033179,148,46,102
17033215,64,17,47
17033295,83,31,52
17034284,76,25,51
17034660,32,12,20
17034720,33,10,23
17034732,0,0,0
17034855,65,18,47
17035319,23,4,19
17035745,17,8,9
17036016,45,27,18
17036035,1,0,1
17036050,6,3,3
17036119,95,16,79
17037023,12,0,12
1703806,235,115,120
17038155,53,5,48
17038374,8,2,6
17039231,4,0,4
17040000,67,19,48
17040114,62,14,48
17040400,0,0,0
17040521,2,3,-1
17040872,121,11,110
17041290,32,23,9
17041985,76,27,49
17042480,25,6,19
17042507,24,2,22
17042955,46,18,28
17043916,39,13,26
17044119,108,38,70
17044122,0,0,0
17044501,36,16,20
17044806,116,51,65
17048462,329,89,240
17048936,49,26,23
17049268,125,33,92
17050193,97,33,64
17051213,83,19,64
17051867,9,3,6
1705581,37,8,29
17066904,308,85,223
17069929,3,0,3
170702,506,120,386
17071647,0,0,0
17073148,84,9,75
17073463,117,47,70
17073531,4,0,4
17073671,332,61,271
17074918,200,35,165
1707882,65,22,43
17080157,21,15,6
17080968,11,3,8
17081779,13,1,12
17083065,60,32,28
17083723,11,9,2
17083815,62,28,34
1708392,6,2,4
17083994,24,15,9
17085913,54,8,46
17087906,26,3,23
17088365,25,7,18
17092406,2,2,0
17093068,89,31,58
1709356,57,35,22
17093571,98,13,85
17094034,0,0,0
17094709,6,2,4
17095079,1,0,1
17095324,45,15,30
17095543,178,25,153
17095770,25,2,23
17099682,2,0,2
17100477,390,32,358
17100807,15,2,13
17101102,27,9,18
17101710,6,4,2
17102042,47,17,30
17102113,46,10,36
17102116,9,3,6
17102267,8,1,7
17102557,353,47,306
17102572,153,43,110
17103565,14,4,10
17104216,2,2,0
17104269,20,3,17
17104629,139,45,94
17105159,110,18,92
17105766,10,0,10
17106298,1,0,1
17106686,147,61,86
17107068,234,31,203
17107588,203,41,162
17108694,62,13,49
17109392,22,10,12
17109399,7,0,7
17112360,61,14,47
17112438,7,0,7
17113313,7,0,7
17113466,5,4,1
17114595,6,2,4
17114820,28,5,23
17116071,3,0,3
17117098,23,5,18
17117248,105,17,88
17117376,53,14,39
17118262,15,2,13
17118289,26,6,20
17118792,19,4,15
17119647,2,0,2
17119672,112,23,89
17119917,8,2,6
17120537,2,1,1
17120663,105,51,54
17120894,176,91,85
17120990,7,5,2
17121036,48,10,38
17121673,5,1,4
17122092,47,10,37
17122591,36,19,17
17123012,42,10,32
17123032,111,38,73
17123323,23,9,14
17123373,10,2,8
17128518,0,0,0
17129283,465,97,368
17129307,42,5,37
17129742,66,22,44
17130301,1,0,1
1713053,432,61,371
17130564,5,0,5
17130604,24,1,23
17130741,46,20,26
17130815,39,19,20
17131020,2,2,0
17131312,32,1,31
17131620,9,0,9
17131728,36,4,32
17131787,7,2,5
17131801,35,13,22
17131918,15,4,11
17133199,366,40,326
17133788,186,46,140
17134155,150,26,124
17134227,46,18,28
17134258,69,54,15
17134307,79,14,65
17136217,113,52,61
17136801,55,10,45
17137106,89,27,62
17137620,10,3,7
17137654,0,0,0
17137740,0,0,0
17138050,64,15,49
17141276,153,50,103
17141300,14,4,10
17145288,78,23,55
17145941,78,23,55
17145954,251,69,182
17146129,167,54,113
17146310,107,38,69
17146735,100,24,76
17146748,269,95,174
17147160,6,5,1
17147288,10,1,9
17147365,69,14,55
17147439,64,26,38
17147512,22,5,17
17147698,540,122,418
17148168,79,29,50
17148363,304,59,245
17148995,209,218,-9
17149312,5,0,5
17149736,100,21,79
17149897,2,1,1
17150100,69,35,34
17150208,60,21,39
17150625,63,17,46
1715135,130,64,66
17151745,65,25,40
17151824,580,121,459
17152012,578,159,419
17152278,603,132,471
17152397,515,128,387
17152766,75,11,64
17152875,113,26,87
17153287,513,188,325
17153630,4,1,3
17154891,20,3,17
17155629,37,5,32
17157977,130,42,88
17158096,379,50,329
17158847,224,47,177
17161734,47,27,20
1716200,90,21,69
17162940,180,136,44
17164272,19,5,14
17164313,19,6,13
17164329,52,16,36
17165142,14,1,13
17165350,51,12,39
17165701,96,25,71
17166154,69,20,49
17167180,78,31,47
1716786,263,31,232
17168615,8,0,8
17169719,1,1,0
17170734,61,33,28
17171012,10,2,8
17171240,240,63,177
17171864,10,4,6
17172169,234,101,133
17172394,110,40,70
17172619,37,8,29
17172807,2,1,1
17173256,71,18,53
17173768,30,14,16
17174123,21,5,16
17174305,8,4,4
17174864,2,2,0
17175013,27,5,22
17175413,182,44,138
17178766,108,18,90
1717945,697,128,569
17180039,31,2,29
17181374,23,6,17
17182405,132,47,85
17182456,140,39,101
17182462,76,14,62
17182677,66,10,56
17182915,69,9,60
17183080,121,31,90
17183129,197,45,152
17183469,78,33,45
17183625,7,0,7
17183960,71,44,27
17184566,3,4,-1
17184579,173,57,116
17185047,14,1,13
17185968,81,20,61
17186372,44,1,43
17186595,47,6,41
17187091,22,2,20
17187236,0,0,0
17187565,11,0,11
17187801,7,4,3
17187889,309,74,235
17188218,0,0,0
17189120,35,4,31
17189374,85,5,80
17189651,6,4,2
17190245,267,96,171
17190758,47,20,27
17195290,4,2,2
1719603,182,36,146
17197198,5,0,5
17197620,5,2,3
1719775,234,91,143
1719847,231,86,145
1719893,105,18,87
1720539,425,65,360
17205786,35,15,20
17206942,358,73,285
17207291,65,21,44
17207691,33,3,30
17208271,73,21,52
17208687,23,10,13
1720881,57,20,37
17212442,115,24,91
17216205,129,29,100
17216211,359,68,291
17216237,48,7,41
17217160,11,5,6
17217469,29,3,26
17218240,5,0,5
17219141,6,0,6
17219948,99,31,68
17220167,20,2,18
17220428,63,18,45
17220722,3,1,2
17221570,1,0,1
17221768,71,19,52
17222014,20,5,15
17222279,4,0,4
17222287,12,7,5
17222438,109,29,80
17223294,20,9,11
17223427,99,17,82
17226911,50,12,38
17227551,16,3,13
17229362,23,22,1
17230448,24,2,22
17231704,90,7,83
17232051,15,4,11
17233279,30,4,26
17233315,185,38,147
1723349,80,39,41
1723382,122,46,76
17233880,0,0,0
17233944,10,3,7
17233985,79,38,41
17234129,19,9,10
17235009,0,1,-1
17236379,20,4,16
17236799,9,2,7
17237173,80,14,66
17237204,36,12,24
17237312,20,4,16
17237833,335,55,280
17238294,4,1,3
17238910,85,9,76
17242615,37,10,27
17242920,17,8,9
17243983,18,7,11
1724417,224,45,179
17244519,66,24,42
17245990,16,11,5
17246437,33,5,28
17246752,77,9,68
17246961,223,76,147
17247521,74,26,48
17247557,503,196,307
17248195,5,2,3
17248687,1,0,1
17248765,17,3,14
17249721,8,3,5
17250233,34,10,24
17250825,6,0,6
17252081,295,64,231
17252882,43,21,22
17252939,72,16,56
17253243,124,24,100
17254377,43,16,27
17256164,76,31,45
17260952,11,4,7
17261277,120,17,103
17261748,97,32,65
17262190,124,37,87
17262260,98,19,79
172629,419,112,307
17264035,81,31,50
17264279,52,16,36
17264314,54,24,30
17264449,0,0,0
17264470,8,1,7
17265684,61,21,40
1726571,417,63,354
17266225,71,29,42
17267019,77,34,43
17267509,186,39,147
1727002,254,105,149
17271083,97,14,83
17273505,77,42,35
17273869,85,16,69
17274440,272,61,211
17274545,126,26,100
17274613,218,66,152
17274724,250,63,187
17274787,17,8,9
17274811,237,66,171
17274904,280,68,212
17275371,89,30,59
17276203,32,6,26
17276658,0,1,-1
17276805,306,66,240
17277227,6,1,5
1727796,11,4,7
17278138,84,16,68
17280642,83,29,54
172807,63,22,41
17280784,1,0,1
17282255,64,10,54
17283015,5,0,5
17286951,63,14,49
1728809,494,117,377
17288801,203,136,67
17291447,32,9,23
17291644,39,3,36
17292496,342,92,250
17292638,133,36,97
17293740,23,23,0
17293977,55,6,49
17294611,62,11,51
17294959,19,5,14
17295589,63,13,50
17296930,33,13,20
17298733,121,22,99
17299024,143,40,103
17299344,31,4,27
17299398,153,27,126
17299983,89,21,68
17300236,2,1,1
17300977,43,5,38
17301636,274,96,178
17301659,22,8,14
17303461,45,8,37
1730348,235,79,156
17304467,106,44,62
1730519,18,12,6
17305200,3,2,1
17306961,62,15,47
17307705,7,5,2
17309770,105,22,83
17310149,3,1,2
17310423,11,0,11
17311779,1,0,1
17312991,128,26,102
17313747,29,11,18
17313793,138,53,85
17314008,1,0,1
17314091,7,3,4
17314564,52,23,29
17315820,129,24,105
17317153,20,5,15
17318312,38,16,22
17318317,99,15,84
17322952,23,3,20
1732309,272,109,163
17323307,27,9,18
17324210,2,0,2
17324372,12,5,7
17324374,13,4,9
17325061,34,14,20
17325222,104,34,70
17325472,114,50,64
17325698,17,13,4
17326006,126,24,102
17326019,0,1,-1
17326620,55,15,40
17326698,84,24,60
17328450,29,15,14
17328513,197,33,164
17328821,7,0,7
17328954,71,20,51
17329226,150,21,129
17329603,21,4,17
17330036,34,4,30
17330265,30,17,13
17330279,36,6,30
17330375,96,25,71
17330424,93,30,63
17331733,280,72,208
17332069,215,36,179
17334673,500,105,395
17336954,63,24,39
17337545,257,40,217
17337586,13,2,11
17338118,44,18,26
17338307,3,0,3
17339084,50,2,48
17339157,60,9,51
17339283,6,2,4
17339323,172,33,139
17339406,65,18,47
17339470,112,18,94
17339749,12,1,11
17339942,198,56,142
17340734,9,0,9
17341056,1,0,1
17341887,4,0,4
17342666,3,0,3
17343112,216,41,175
17343234,69,20,49
17343595,12,2,10
17343982,3,0,3
17344090,34,12,22
17344132,2,1,1
17344226,124,14,110
1734431,92,37,55
17345104,70,11,59
17345821,3,1,2
17346218,14,2,12
17346840,53,15,38
17346955,2,0,2
17351210,49,26,23
17351212,18,1,17
17351890,7,0,7
17351962,2,0,2
17352005,3,2,1
17352500,62,30,32
17352684,51,17,34
17352760,47,19,28
17354730,2,0,2
17354948,18,2,16
17355123,114,42,72
17355337,117,50,67
17355601,2,2,0
17355830,7,1,6
17356537,61,25,36
17356737,80,21,59
17356830,31,10,21
17357521,48,18,30
17358187,3,1,2
17358367,40,10,30
17358412,73,12,61
17358699,26,8,18
1735871,1361,249,1112
17359102,308,49,259
17359596,36,13,23
17359915,418,53,365
17359993,34,13,21
17360585,7,6,1
17360780,70,18,52
17361434,7,2,5
17362501,7,2,5
17362840,4,0,4
17363747,66,6,60
17364187,86,14,72
17364626,50,4,46
17364695,7,1,6
17365108,21,7,14
17365466,365,142,223
17365668,96,31,65
17366213,140,30,110
17367599,20,2,18
1737200,45,8,37
17373304,330,68,262
17373801,2,2,0
17373942,204,39,165
17374267,197,95,102
17374626,25,3,22
17374740,114,17,97
17375090,4,7,-3
17375100,54,12,42
17375567,76,24,52
17375719,43,7,36
17376014,94,22,72
17376717,9,4,5
17376899,54,22,32
17377875,56,22,34
1737795,173,43,130
17378013,0,0,0
17379083,9,4,5
17380012,4,2,2
17380030,87,19,68
17380483,80,12,68
17380760,70,16,54
17380967,72,11,61
17382862,20,3,17
17383572,77,22,55
17383986,1,3,-2
17384373,9,2,7
17386479,143,41,102
17386541,92,48,44
1738897,553,169,384
17390373,7,3,4
17390550,5,3,2
17390914,28,17,11
17391820,68,19,49
17392153,15,0,15
17394302,59,15,44
17395874,106,25,81
17396687,14,0,14
17396911,182,43,139
17397177,90,24,66
1739911,152,37,115
17399914,32,13,19
17400057,9,3,6
17400539,110,39,71
17401127,19,10,9
17402,118,58,60
17402193,0,0,0
17402408,101,19,82
17403403,17,16,1
17403427,0,0,0
17403777,9,7,2
17403779,322,53,269
17411512,39,13,26
17412884,21,7,14
174132,433,81,352
17413779,14,1,13
17414110,2,0,2
17414286,20,2,18
17414621,1,0,1
17414841,9,2,7
17415052,19,9,10
17415109,75,18,57
17415552,118,31,87
17415974,68,19,49
17416006,17,1,16
17416695,53,9,44
17417054,0,0,0
17418918,31,1,30
17419072,144,33,111
17420384,1,0,1
17420480,19,1,18
17420544,85,37,48
17420833,44,14,30
17420865,3,0,3
17421490,131,17,114
17422114,41,19,22
1742216,230,89,141
17426208,37,14,23
17426489,1,0,1
17426882,5,2,3
17427143,101,37,64
17427230,126,44,82
17427818,97,17,80
17427892,65,12,53
17428391,227,32,195
17429043,5,1,4
17429232,5,2,3
17429368,4,1,3
17429999,48,7,41
17430496,50,31,19
17430612,100,32,68
17430999,23,12,11
17431407,52,10,42
17431511,58,5,53
17431665,94,18,76
17431697,22,5,17
17431806,55,25,30
17432042,107,31,76
17432188,12,6,6
17432769,78,37,41
17433220,45,13,32
17433514,13,2,11
17433893,145,29,116
17434066,5,1,4
17434254,79,16,63
17438828,92,17,75
17439196,48,15,33
1743934,4,0,4
17440760,0,0,0
17440876,213,48,165
17440975,5,0,5
17441036,32,11,21
17441148,19,6,13
17441156,162,52,110
17441253,27,9,18
17441286,51,22,29
17441685,46,32,14
17441857,58,36,22
17443102,269,37,232
17443606,77,31,46
17444034,2,1,1
17444525,18,7,11
17445307,102,31,71
17445834,71,21,50
17446625,0,0,0
17446636,30,18,12
17446945,44,25,19
17447163,45,7,38
17448897,3,0,3
17452832,40,5,35
17453123,62,16,46
17454729,18,7,11
17455384,19,5,14
17455827,79,42,37
17457289,72,15,57
17457715,0,0,0
17458943,426,85,341
17459043,18,7,11
17459279,37,2,35
17459300,338,85,253
17459582,104,24,80
17460240,60,18,42
17460297,3,0,3
17460883,25,8,17
17462237,151,56,95
17462364,63,24,39
174635,169,65,104
17466568,106,30,76
17467813,82,20,62
17468986,115,43,72
17469941,132,27,105
17470224,181,25,156
17470540,12,8,4
17470643,121,25,96
17471400,52,10,42
1747158,143,41,102
17471707,45,14,31
17472652,74,18,56
17473125,20,5,15
17473149,3,2,1
17473329,29,7,22
17473862,8,6,2
17474324,20,2,18
17474429,12,2,10
17474861,49,36,13
17475322,145,18,127
17475626,87,24,63
17476624,3,0,3
17477316,127,18,109
17477397,9,2,7
17477912,6,1,5
17478201,8,0,8
17478809,104,75,29
17479180,17,6,11
17479749,2,3,-1
17480648,13,0,13
1748307,249,94,155
17483148,24,6,18
17485002,29,11,18
17485423,77,33,44
17486593,2,0,2
17487028,30,3,27
17487400,234,57,177
17487654,108,31,77
17487710,27,10,17
17487845,164,45,119
17487937,28,14,14
17487943,179,57,122
17488049,237,85,152
17489166,92,19,73
17489511,9,2,7
17489664,61,12,49
17489906,46,13,33
17490468,194,53,141
17490691,73,34,39
17491202,54,22,32
17491425,3,2,1
17491854,125,28,97
17491889,27,3,24
17492042,0,0,0
17492200,14,5,9
17492365,3,1,2
17492937,153,47,106
17493028,80,23,57
17493489,45,18,27
17493490,4,0,4
17493988,80,47,33
17496230,332,95,237
17496717,10,4,6
17496864,32,7,25
17497047,111,33,78
1749852,25,5,20
17499227,18,5,13
1750061,246,61,185
17501535,181,43,138
17501828,8,0,8
17502538,10,1,9
17502620,63,12,51
17503319,12,6,6
17503958,134,31,103
17504094,603,129,474
17505520,68,3,65
17505727,0,0,0
1750592,53,7,46
17506445,115,19,96
17506527,271,37,234
17507973,80,17,63
17508275,48,23,25
1750861,5,7,-2
17508909,132,45,87
17509713,191,84,107
17510121,64,35,29
17510187,23,5,18
17510302,48,18,30
17510390,23,7,16
17510885,120,54,66
17511187,0,0,0
17511510,88,27,61
17511543,6,4,2
17512025,11,4,7
17512316,31,14,17
17512893,7,0,7
17515859,7,0,7
17516904,16,3,13
17517605,130,39,91
17517671,11,6,5
17519174,90,32,58
17519597,46,20,26
17519661,5,6,-1
17520026,198,107,91
17520253,33,16,17
17520269,24,5,19
17520836,65,10,55
17520898,163,22,141
17520901,13,6,7
17521149,4,3,1
17521181,19,10,9
17521545,245,86,159
17521551,26,9,17
17522409,89,20,69
17522541,63,25,38
17522611,36,17,19
17523309,105,27,78
17523555,12,12,0
17524120,31,18,13
17524171,33,10,23
17524377,23,4,19
17524628,85,21,64
17524710,7,5,2
17525054,49,14,35
17525289,37,22,15
17525927,22,1,21
17525940,1,0,1
17526103,136,62,74
17526177,76,33,43
17526303,44,26,18
17526511,46,19,27
17526913,20,10,10
17527152,2,0,2
17527165,56,18,38
17527490,77,17,60
17527676,28,4,24
17528114,103,23,80
17528136,92,62,30
17528169,66,20,46
17528178,81,26,55
17528254,139,40,99
17528360,359,88,271
17529555,79,18,61
1753129,230,51,179
1753408,439,214,225
17534115,276,69,207
17534913,1,1,0
17535569,36,12,24
17535981,64,30,34
17536117,13,3,10
17536191,26,16,10
17536196,2,1,1
17536221,139,36,103
17537587,17,5,12
17537650,170,27,143
1753791,1093,347,746
17538216,6,1,5
17538921,80,10,70
17539166,47,11,36
17539378,77,22,55
1753952,394,146,248
17539714,63,21,42
17539938,3,1,2
17540222,80,29,51
17540954,49,32,17
17542369,56,21,35
17542433,9,1,8
17543000,46,21,25
17543239,8,1,7
17543350,113,34,79
17543365,156,19,137
1754344,439,135,304
17543970,78,34,44
17544573,39,7,32
17544848,13,3,10
17544856,48,11,37
17545300,420,121,299
17545598,38,6,32
17545707,21,2,19
17548448,0,0,0
17548497,11,0,11
17548810,64,14,50
17548908,36,10,26
17549511,58,19,39
17549824,4,1,3
17550176,27,14,13
17550529,57,17,40
17550971,2,0,2
17550974,72,64,8
17551106,25,9,16
17551226,105,48,57
17551355,24,2,22
17551473,90,20,70
1755168,40,10,30
17551825,87,69,18
17552345,16,4,12
17554058,108,22,86
17554148,69,24,45
17554385,277,65,212
17554410,85,20,65
1755459,350,194,156
17554649,75,42,33
17554693,350,41,309
17555101,55,3,52
17555786,10,1,9
17556121,90,32,58
17556169,10,2,8
17556334,217,38,179
17557102,76,27,49
17557637,5,1,4
1755764,118,44,74
17558240,55,26,29
17561638,282,35,247
17562626,44,7,37
17563284,66,25,41
17563289,6,2,4
17563495,116,26,90
17563839,30,7,23
17563912,12,2,10
17564185,153,22,131
17564263,202,64,138
17565106,13,5,8
17565814,1,2,-1
17565824,44,6,38
17566124,15,7,8
17568441,4,1,3
17569343,39,8,31
17569416,31,8,23
17569828,148,18,130
17569835,49,19,30
17569884,2,2,0
17569901,39,16,23
17569927,13,4,9
1757003,78,16,62
17570049,142,33,109
17570777,51,13,38
1757083,3,0,3
17571204,25,16,9
17571807,69,22,47
17571856,97,22,75
17572480,2,0,2
17572866,17,1,16
17572919,41,13,28
17573582,20,6,14
1757514,0,0,0
17576717,2,2,0
17577362,59,12,47
17577689,0,0,0
17578686,2,0,2
17579882,73,14,59
17580143,155,34,121
17580449,197,30,167
17581015,76,15,61
17581310,16,4,12
17581528,10,3,7
17581685,24,4,20
17581710,39,14,25
17582070,77,29,48
17582124,59,8,51
17582703,22,9,13
17582761,34,9,25
17583214,128,12,116
17583262,64,22,42
17583852,39,12,27
17584237,3,0,3
17584700,2,0,2
17584802,57,17,40
17584988,33,8,25
17585196,10,10,0
17586125,3,1,2
17586648,99,35,64
17586723,129,10,119
17587652,122,43,79
17587723,17,7,10
1758791,58,9,49
175892,307,143,164
17589432,21,5,16
17590573,6,1,5
17590695,140,132,8
1759159,252,18,234
17594652,62,7,55
17596892,81,13,68
17597102,3,2,1
17597932,456,116,340
17598112,101,21,80
17598295,97,21,76
17598314,735,201,534
17598317,16,1,15
17598732,7,4,3
17598761,2,0,2
17598917,54,9,45
17598940,40,3,37
17599398,46,16,30
17599670,102,36,66
1759974,154,55,99
17599880,43,8,35
17600011,17,8,9
17600414,17,1,16
17600786,55,9,46
17600831,52,11,41
17600863,67,13,54
17601310,26,9,17
17601607,96,26,70
17602202,36,25,11
1760271,116,13,103
17602830,34,9,25
17602893,76,38,38
17603340,81,48,33
17604561,62,17,45
17604809,11,0,11
17605707,29,8,21
17605805,16,5,11
1760593,33,6,27
17606209,8,2,6
17606539,338,86,252
17607346,13,1,12
17607432,6,1,5
17607498,123,53,70
17607525,2,1,1
17608050,42,8,34
17609632,86,39,47
1761152,334,48,286
17612572,13,1,12
17613189,22,10,12
17613404,130,37,93
17613519,189,58,131
17613777,37,8,29
17614301,258,100,158
17614362,75,39,36
17614407,47,29,18
17615376,58,24,34
17615825,36,25,11
17616064,7,5,2
17616081,25,13,12
17616122,61,32,29
17616196,27,12,15
17616501,32,12,20
17616723,59,11,48
17617294,38,5,33
17617327,191,60,131
17617616,71,16,55
17617684,34,5,29
17617970,108,23,85
17618305,12,1,11
17618523,33,16,17
17618552,31,11,20
17618864,22,3,19
17619007,18,3,15
17619477,5,1,4
17619738,87,20,67
17619751,7,1,6
17620046,66,17,49
17620878,20,2,18
17621263,3,2,1
17621366,64,10,54
17621610,51,14,37
17621930,92,18,74
17622255,111,54,57
17622636,43,10,33
17623099,11,0,11
17623327,112,21,91
17623330,89,37,52
17624706,41,22,19
17626525,66,31,35
17628538,76,15,61
17628837,5,5,0
17629159,27,8,19
17629486,5,1,4
17629680,265,67,198
17629884,23,3,20
1763011,235,50,185
17630167,38,14,24
17630220,230,60,170
17630619,4,1,3
17630664,7,2,5
17630677,50,5,45
17630963,5,0,5
17631339,5,0,5
17631457,61,15,46
17631550,7,2,5
17631651,78,41,37
17632648,5,4,1
17632774,40,3,37
17632966,31,3,28
17634282,299,52,247
17634567,3,2,1
17634896,39,9,30
17636058,1,1,0
17636199,30,8,22
17636388,5,3,2
17636396,20,7,13
17636666,78,27,51
17636841,94,17,77
17637002,82,33,49
17637325,69,20,49
17637886,45,14,31
17639067,112,40,72
17639269,15,3,12
17639454,42,6,36
17639590,57,12,45
17639712,27,10,17
17644623,83,17,66
17645353,0,2,-2
17645495,52,12,40
17645496,12,1,11
17645589,29,17,12
17645818,28,11,17
17645927,101,25,76
17646325,6,0,6
17646725,46,11,35
17647832,17,4,13
17648608,114,20,94
17648779,16,2,14
17649063,56,20,36
17649915,4,2,2
17650983,69,19,50
17651319,81,41,40
17651745,171,41,130
17651997,1,1,0
1765210,292,71,221
17652610,19,2,17
17653706,111,20,91
1765390,75,22,53
17654303,59,31,28
17654391,138,35,103
17657876,401,127,274
1765870,129,32,97
17658798,236,158,78
17658839,22,15,7
17658975,28,3,25
17659707,3,6,-3
17660150,141,24,117
17660283,178,27,151
17660319,1,1,0
17660847,20,4,16
17660940,4,0,4
17661590,32,13,19
17663517,5,3,2
17663673,0,0,0
17664017,102,25,77
17664042,50,26,24
17664875,9,0,9
17665055,43,14,29
17665208,40,8,32
17665428,69,25,44
17665561,23,6,17
17665879,103,24,79
17666570,88,36,52
17666627,24,14,10
17666784,38,18,20
17667600,109,8,101
17667740,2,1,1
17669593,122,50,72
17674204,4,2,2
17675027,1,0,1
17677213,7,5,2
17678562,49,6,43
17678871,322,87,235
1768078,0,0,0
17680907,22,3,19
17681176,7,7,0
17681301,5,1,4
17681657,95,27,68
17681921,11,0,11
17682256,55,8,47
17682386,57,19,38
17682563,54,3,51
17683207,126,35,91
17683574,0,1,-1
17684164,194,64,130
17689104,133,26,107
17689138,428,102,326
17690190,5,3,2
17690966,107,31,76
17691357,447,83,364
17692871,17,3,14
17692945,37,10,27
17694104,3,1,2
17694474,1,2,-1
17694593,50,8,42
17694806,322,68,254
17695418,52,18,34
17695484,82,31,51
17695609,7,5,2
17695610,94,20,74
17695699,0,0,0
17695740,48,14,34
17696615,177,32,145
17697098,182,23,159
17697225,0,0,0
17697964,117,31,86
17698182,0,0,0
17698464,4,0,4
17700361,111,27,84
17700414,5,0,5
17700664,4,0,4
17701466,1,0,1
17701589,21,13,8
17702820,43,12,31
17704707,10,4,6
17705041,6,5,1
17705698,7,3,4
17705958,18,8,10
17706915,13,1,12
17707129,45,24,21
17707224,26,14,12
1770724,478,113,365
17707315,10,4,6
17707359,58,24,34
17708070,0,0,0
17708280,132,43,89
17708535,41,13,28
17708540,106,18,88
17708659,280,60,220
17708759,4,3,1
17708781,316,88,228
17709189,3,1,2
17709475,4,0,4
17709476,117,41,76
17709504,59,20,39
17709592,83,24,59
17709707,275,57,218
17709710,43,22,21
17709956,17,3,14
17709975,65,18,47
17710054,31,11,20
17710286,101,20,81
17710828,87,32,55
17711108,45,28,17
17711334,54,38,16
17711637,0,0,0
17711931,59,14,45
17712303,35,6,29
17713105,0,0,0
17713421,1,0,1
17713487,146,43,103
17713525,85,17,68
17713980,3,0,3
17714069,26,8,18
17715368,16,10,6
17715402,31,12,19
17716115,46,11,35
17716574,0,0,0
17716754,359,101,258
17717133,63,13,50
17717333,1,0,1
17717472,289,172,117
17718583,42,7,35
17718839,39,24,15
17723281,118,30,88
17723498,119,15,104
17724392,5,1,4
17724649,404,118,286
17724681,109,16,93
17724719,141,14,127
17724838,135,35,100
17724840,87,29,58
17725006,60,15,45
17726275,53,10,43
17726282,125,27,98
17726844,78,44,34
17726929,83,23,60
17726932,57,15,42
17727223,83,26,57
17727280,26,17,9
17727505,113,26,87
17727652,225,99,126
17727975,46,18,28
1772809,184,64,120
17728363,11,0,11
17728651,0,0,0
17730113,52,15,37
17730330,4,2,2
17731427,4,2,2
17733772,282,78,204
17734017,3,1,2
17734132,166,64,102
17734137,238,60,178
17734678,278,76,202
17734771,56,13,43
17735003,49,16,33
1773503,8,3,5
17735567,206,82,124
17735594,32,7,25
17735722,96,35,61
17735895,241,77,164
17735993,275,89,186
17736515,42,19,23
1773771,411,118,293
17739846,37,6,31
17740024,428,89,339
17741248,45,17,28
17741537,20,1,19
17741573,6,4,2
17741701,28,15,13
17742079,486,183,303
17742118,83,43,40
17742145,63,10,53
17742885,22,3,19
17742905,51,4,47
17742959,4,0,4
17743100,8,1,7
17743115,2,1,1
17743356,10,5,5
17743479,242,39,203
17743644,85,19,66
17744056,54,20,34
17744126,196,19,177
17744347,111,14,97
17744757,33,10,23
17744892,16,3,13
17745421,214,74,140
17746009,101,40,61
17746168,387,147,240
17746195,95,28,67
17746683,8,1,7
17746748,51,12,39
17747141,130,39,91
17747396,10,5,5
17747497,124,37,87
17747719,24,8,16
17748259,302,43,259
17748419,40,11,29
17748535,219,53,166
17748826,13,17,-4
17748986,208,77,131
17749316,30,5,25
17749320,132,35,97
17749393,7,0,7
17750221,7,2,5
17750742,9,1,8
17751469,110,24,86
17754591,6,0,6
17755256,129,40,89
1775682,29,13,16
17756870,115,62,53
1775719,46,11,35
17757636,17,3,14
17758000,185,36,149
17758035,15,3,12
17758299,10,4,6
17759122,10,2,8
17759879,39,13,26
17760045,50,11,39
17760179,132,17,115
17761564,64,22,42
17762347,131,42,89
17762619,31,6,25
17762726,7,2,5
17762941,20,8,12
17764030,14,2,12
17764787,12,1,11
17764993,6,5,1
17765151,105,21,84
17765157,51,15,36
17765881,39,7,32
17768312,4,1,3
17768446,10,0,10
1776893,22,11,11
17769132,12,3,9
17769768,117,15,102
17770097,2,2,0
17770415,16,6,10
17770889,8,2,6
17771404,4,2,2
17772318,5,3,2
17772339,104,37,67
17773143,11,5,6
17773415,9,2,7
1777372,96,36,60
17773905,200,36,164
17774144,63,8,55
17774464,24,6,18
17775258,9,1,8
17775553,44,11,33
17776623,0,0,0
17776674,4,2,2
17777383,1,2,-1
17777982,60,26,34
17781879,12,7,5
17781894,6,2,4
17782316,16,3,13
17782556,31,10,21
17783701,21,2,19
17783842,36,6,30
17783932,6,0,6
17784100,26,14,12
17784174,8,1,7
17784189,54,8,46
17784612,154,46,108
17784981,2,0,2
17785079,19,1,18
17786719,58,10,48
17788488,9,2,7
17788507,2,0,2
17788666,57,19,38
17788962,312,49,263
17789140,4,3,1
17789145,41,5,36
17789901,0,0,0
17790353,84,28,56
17790645,87,30,57
17791876,65,12,53
17791967,146,26,120
17792039,1,0,1
17792257,6,1,5
17793040,3,1,2
17797262,22,7,15
17799268,3,1,2
17799289,7,0,7
17799309,65,25,40
17799365,4,1,3
17799595,10,4,6
17799931,17,8,9
17800491,40,6,34
17800634,136,20,116
17800872,52,13,39
17802910,20,12,8
17803441,66,17,49
17803587,54,8,46
17803924,101,26,75
17803961,26,3,23
1780410,2,1,1
17804162,31,7,24
17805077,8,1,7
17805211,2,0,2
1780542,6,1,5
1780563,5,5,0
17805902,200,56,144
17806358,33,7,26
17806538,27,21,6
17807074,17,1,16
17807213,55,14,41
17807426,480,79,401
17807508,84,43,41
17807725,156,35,121
17808659,13,5,8
17808694,174,56,118
17809012,6,0,6
17809297,14,4,10
17809346,274,55,219
17809965,7,0,7
17810582,44,18,26
17810723,0,0,0
17810935,86,18,68
17811032,8,5,3
17811381,0,0,0
17815260,42,7,35
17816242,76,16,60
17816929,18,7,11
17817073,18,1,17
17817689,39,4,35
17817927,38,5,33
17818351,30,6,24
17818734,31,1,30
17818824,12,1,11
17818925,463,82,381
17818933,41,5,36
1781959,255,115,140
17819621,14,8,6
17819751,23,4,19
17819787,12,4,8
17820193,479,87,392
17820952,16,13,3
17821477,1,0,1
17821604,46,19,27
17822193,2,1,1
17822621,306,85,221
17823159,11,4,7
17823442,1,1,0
17823597,4,2,2
17823621,6,1,5
17824157,85,28,57
17825023,4,2,2
17825058,114,51,63
17825387,26,3,23
17825673,14,2,12
17826491,40,21,19
17827247,39,18,21
17829049,37,26,11
17829674,37,5,32
17833514,114,30,84
17835235,13,9,4
17835405,31,5,26
17835699,461,99,362
17836199,76,31,45
17836239,96,36,60
17836491,34,5,29
17836547,36,14,22
17836607,55,30,25
17836645,131,27,104
17836661,31,19,12
17837193,20,2,18
17837262,104,50,54
17837817,76,37,39
17838225,61,28,33
17838574,45,21,24
1783882,73,34,39
17840420,36,13,23
17841267,41,6,35
17841268,73,29,44
17841742,58,21,37
17842539,74,24,50
17844086,2,0,2
17844402,12,4,8
17845241,4,0,4
17845378,99,21,78
17845662,69,24,45
17846254,144,37,107
17846470,209,44,165
17846580,0,0,0
17846914,206,71,135
1784701,1,0,1
17847131,40,11,29
17848411,206,73,133
178519,32,13,19
1785217,62,24,38
17852693,58,16,42
17853062,33,15,18
17853115,103,32,71
17853226,9,1,8
17853390,17,5,12
17853584,19,5,14
17854561,15,5,10
17855109,52,2,50
17855741,12,1,11
17856769,14,4,10
17857156,144,22,122
17857229,3,0,3
17857600,71,33,38
17858707,20,3,17
17858957,424,65,359
17859350,389,58,331
17859470,45,24,21
17859888,47,11,36
17859972,5,0,5
1786015,333,103,230
17860327,4,3,1
17861168,52,14,38
17861929,8,0,8
17862205,136,51,85
17862297,86,28,58
17862951,7,0,7
17863232,1,0,1
17863779,3,1,2
17864363,130,8,122
17864640,16,6,10
17865583,1,0,1
17868229,64,14,50
17869203,55,11,44
17869763,14,2,12
17870141,45,30,15
17870535,21,10,11
17870751,6,0,6
17871243,27,15,12
17871619,15,3,12
17871660,40,5,35
1787171,28,4,24
17871744,39,13,26
17872390,77,15,62
17872507,49,18,31
17872602,66,20,46
17872706,3,0,3
17873813,9,0,9
17874051,41,13,28
17874293,220,43,177
17874393,0,0,0
17874713,0,0,0
17875360,132,45,87
17875763,23,1,22
17875862,2,0,2
17877540,0,0,0
17877928,72,29,43
17878049,133,29,104
17879019,97,28,69
17882607,109,37,72
17882613,48,21,27
17883764,124,38,86
17884116,13,3,10
17885853,38,11,27
17885861,2,0,2
17886247,25,7,18
17886306,17,1,16
17886637,22,13,9
17887141,41,3,38
17887435,194,59,135
17887450,96,14,82
17887876,112,30,82
17888076,257,92,165
17888910,12,11,1
17889338,32,10,22
17889878,38,9,29
17891452,22,11,11
17892070,1,0,1
17892120,220,36,184
17893026,26,9,17
17893130,21,8,13
17898547,79,28,51
17898585,119,41,78
17898910,17,5,12
17899275,108,29,79
17899584,254,59,195
17899762,16,5,11
17899891,70,15,55
17901005,88,17,71
17902099,23,0,23
17902224,27,8,19
17902297,0,0,0
17902652,9,0,9
17903061,20,3,17
17903756,38,12,26
17903824,29,15,14
17903882,208,32,176
17904400,24,7,17
17904852,12,2,10
17905062,31,7,24
17906148,82,35,47
17906560,57,14,43
17907055,166,45,121
17912679,31,8,23
17912852,15,8,7
17913809,19,2,17
17914338,25,5,20
17914377,63,13,50
1791458,96,24,72
17915225,55,8,47
17916305,139,36,103
17916312,51,20,31
17916817,3,1,2
17917009,6,0,6
17917163,74,16,58
17917322,123,47,76
1791742,286,121,165
1791762,24,17,7
17917887,0,0,0
17917995,10,4,6
1791827,43,4,39
17918553,155,30,125
17918977,2,0,2
17919860,3,0,3
17920357,35,13,22
17920677,10,8,2
17921385,4,2,2
1792155,14,4,10
17922081,4,9,-5
17922126,60,6,54
17922747,0,0,0
17923099,1,2,-1
17923946,1,1,0
17924075,240,66,174
17924117,22,3,19
17924121,2,1,1
17924863,118,58,60
17929279,40,15,25
17930502,8,1,7
179312,18,7,11
17932036,2,0,2
17932229,90,37,53
17932546,61,24,37
17932992,526,77,449
17933476,147,23,124
17933491,14,1,13
17934294,27,10,17
17934371,3,0,3
17934546,2,1,1
17934686,8,1,7
17935048,262,52,210
17935775,1,0,1
17935825,2,0,2
17935839,268,68,200
17936132,87,24,63
17936258,14,10,4
17936271,12,2,10
17936378,5,2,3
17936469,78,19,59
17936701,0,0,0
17937693,10,2,8
17937816,299,86,213
17937977,94,22,72
17938159,3,0,3
17938821,41,7,34
17939896,8,5,3
17940118,2,0,2
17940515,147,48,99
17940769,27,4,23
17941029,131,42,89
17941744,7,2,5
17941844,522,95,427
17944575,38,9,29
17944662,0,0,0
17945109,74,36,38
1794769,25,16,9
17948159,19,9,10
17948601,6,0,6
17949007,7,1,6
17949206,94,50,44
17949800,3,3,0
17950172,26,4,22
17950872,31,8,23
17951203,144,51,93
17951462,94,29,65
17951874,26,15,11
17952017,7,1,6
17952358,91,21,70
17952519,0,0,0
17953770,166,40,126
17954567,18,2,16
17955231,21,10,11
17955399,3,2,1
17955400,2,1,1
17956822,4,1,3
1795690,21,3,18
17957067,39,3,36
17957258,1,0,1
17957328,3,2,1
17957559,58,13,45
17957568,39,11,28
17958260,122,26,96
17958590,8,5,3
17958778,37,31,6
17958985,205,33,172
17959204,19,3,16
17959739,94,21,73
17959833,17,5,12
17959839,12,1,11
17959938,104,15,89
17959985,88,22,66
17960222,38,14,24
17960743,5,1,4
1796082,57,20,37
17961093,104,32,72
17966434,10,1,9
17966957,27,10,17
17968122,153,14,139
17968126,68,9,59
17968487,302,63,239
1796859,10,3,7
17968809,3,2,1
1796888,70,58,12
17968978,33,12,21
17969016,1,1,0
17969852,39,16,23
17969912,77,31,46
17971800,73,10,63
17972171,355,62,293
1797244,158,44,114
17972774,13,1,12
17973505,119,39,80
1797398,16,11,5
17974105,28,4,24
17974253,5,1,4
1797438,127,67,60
17974476,25,7,18
17974538,5,2,3
17974627,267,34,233
17974719,278,61,217
17974954,156,33,123
17975036,1,0,1
17975958,9,4,5
17976194,71,30,41
17976297,103,30,73
17976639,50,13,37
17976950,12,1,11
17977165,0,0,0
17977463,59,18,41
17977723,26,8,18
17977923,30,16,14
17977947,67,31,36
17978693,107,24,83
17978901,36,10,26
17979153,20,5,15
17979593,37,3,34
1797967,96,14,82
1798071,3,2,1
17982878,105,57,48
17983291,60,33,27
17983531,0,0,0
17983642,34,7,27
17984085,2,0,2
17984324,176,35,141
17984360,1,0,1
17985115,60,12,48
17985176,11,4,7
17985701,1,0,1
17985977,111,30,81
17986967,26,4,22
17986975,62,28,34
17986985,2,0,2
17987160,3,0,3
17987323,7,3,4
17987684,72,22,50
17987728,1,0,1
17987784,33,5,28
17988061,60,33,27
17988067,5,1,4
17989103,58,9,49
1798930,484,213,271
17989794,76,18,58
17989928,2,0,2
17989962,39,20,19
17990093,6,0,6
17990605,17,4,13
17990613,79,15,64
17991895,142,26,116
17992900,46,9,37
17993384,66,16,50
17993459,242,50,192
17996638,52,37,15
17997858,12,3,9
17997924,83,21,62
17998057,21,2,19
17998254,60,14,46
17999942,17,8,9
18000081,285,44,241
18000218,14,9,5
18001117,16,1,15
18001831,95,18,77
18001922,5,2,3
18002645,284,51,233
18004044,133,21,112
18004200,2,4,-2
18006442,74,40,34
18006796,37,1,36
18006846,76,46,30
18006966,65,9,56
18007023,163,56,107
18007691,100,34,66
18007875,4,0,4
18007955,233,127,106
18008028,110,40,70
18008264,3,1,2
18008468,98,24,74
18008910,1,0,1
18012619,8,3,5
18012738,5,0,5
18013237,37,8,29
18013773,159,40,119
18014221,50,11,39
18014266,138,30,108
18014521,8,2,6
18014522,195,49,146
18014567,6,2,4
18016386,1,0,1
18016509,14,1,13
18017095,232,41,191
18017202,59,28,31
18017299,123,32,91
18019112,19,7,12
18019185,114,21,93
18019257,47,11,36
18019357,43,6,37
18019564,68,20,48
18019670,6,1,5
18019845,25,7,18
18019988,4,2,2
18020186,82,19,63
18020854,199,74,125
18021476,35,15,20
18021577,12,8,4
18021943,29,7,22
18022286,34,8,26
18023177,310,59,251
18023781,31,1,30
1802570,655,133,522
18026415,119,47,72
18028104,2,1,1
1802813,278,85,193
18028188,35,3,32
18028651,9,1,8
18029209,86,32,54
18029220,71,61,10
18029466,9,1,8
18029720,3,2,1
18029829,61,12,49
18029913,24,2,22
18030118,76,13,63
18030162,14,5,9
18030231,59,34,25
18030420,1,0,1
18030515,11,1,10
18030692,4,1,3
18031844,112,6,106
18032091,67,17,50
18032166,3,0,3
18032699,7,1,6
18033126,25,3,22
18033389,58,28,30
18033852,83,28,55
18033889,10,3,7
18034618,336,78,258
18036107,0,0,0
18036186,109,17,92
18036302,143,41,102
18037184,5,1,4
18037278,0,0,0
18039455,26,1,25
18039550,0,0,0
18039924,38,11,27
1804063,57,9,48
18040773,244,71,173
1804130,95,21,74
18041304,0,0,0
180449,538,104,434
1804542,140,25,115
18045626,45,14,31
1804576,102,35,67
18046308,8,4,4
18046820,5,0,5
18047782,39,20,19
18047867,45,14,31
18047966,122,17,105
18048035,134,26,108
18048297,8,3,5
18048327,141,22,119
18048466,83,30,53
18048975,22,9,13
18049072,0,0,0
18049337,82,13,69
18049353,70,32,38
18049461,64,20,44
18049693,2,0,2
18049923,40,13,27
1805010,367,98,269
18050430,219,128,91
18050665,503,84,419
18050884,12,1,11
18051227,14,7,7
18051280,7,2,5
18051295,98,31,67
18051364,102,22,80
18051392,35,10,25
18051460,123,56,67
18051475,74,14,60
18051914,27,15,12
18052203,135,57,78
18052855,0,0,0
18053299,2,0,2
18053572,142,56,86
18053731,45,15,30
18054089,27,5,22
18054090,51,11,40
18054986,307,62,245
18055620,4,0,4
18056067,12,0,12
18057503,44,6,38
18057826,7,1,6
18058439,3,3,0
18060288,76,10,66
18062434,85,19,66
18064516,68,12,56
18064783,54,19,35
18065237,116,33,83
18066066,1,0,1
18066083,3,2,1
18066169,9,6,3
18066476,1,0,1
18066629,5,3,2
18067096,485,310,175
18067462,157,11,146
18067527,27,15,12
18067841,54,9,45
18068848,5,0,5
18069457,37,17,20
18069552,179,26,153
18069968,24,9,15
18070483,111,33,78
18071645,84,34,50
18071880,9,3,6
18072076,12,1,11
18074081,2,1,1
18074633,4,1,3
18074802,2,0,2
18075618,4,1,3
18075710,87,16,71
18076386,46,17,29
18076542,65,29,36
18076604,57,10,47
18080235,121,15,106
18082289,133,32,101
18082896,130,28,102
18082919,8,1,7
18083106,35,15,20
18083244,7,2,5
18083708,11,8,3
18083790,145,26,119
18084295,0,0,0
18084645,12,3,9
18084811,3,3,0
18085017,26,8,18
18085177,34,18,16
18085185,54,29,25
18085788,143,82,61
1808591,137,33,104
18087882,91,20,71
18088631,20,10,10
18089414,146,48,98
18090524,84,40,44
18090865,15,1,14
18091446,19,4,15
18091772,102,28,74
18092973,121,31,90
18093167,12,9,3
18093812,45,14,31
18093814,31,1,30
18094463,272,44,228
18094619,227,46,181
18098892,12,2,10
18099219,31,12,19
1809941,33,10,23
18099567,3,1,2
18099637,0,0,0
18099820,47,25,22
18100049,1,0,1
18100623,45,9,36
18100720,3,0,3
18100722,108,26,82
18100734,106,40,66
18101080,33,18,15
18101333,4,1,3
18101863,7,2,5
18102566,58,17,41
18102675,139,84,55
18103780,14,1,13
18104657,2,0,2
18104681,24,8,16
18105169,103,11,92
18105230,40,15,25
18106912,11,3,8
18107090,6,3,3
18107579,137,24,113
1810822,72,28,44
18108362,115,25,90
18108803,2,2,0
18109144,3,1,2
18109297,108,33,75
18109475,172,56,116
18109604,133,40,93
1810961,11,2,9
18109653,104,32,72
18109776,167,57,110
18109860,40,19,21
18114041,67,11,56
18114210,28,6,22
18115406,37,7,30
18115623,7,0,7
18116138,116,47,69
18116257,119,47,72
18117347,20,6,14
18118294,140,69,71
18118358,85,37,48
18118531,5,5,0
18118669,28,5,23
18119243,41,19,22
18119417,26,8,18
18119759,30,10,20
18119903,6,1,5
18119929,4,0,4
18120246,5,1,4
18120448,95,31,64
18120464,71,19,52
18120530,32,15,17
18122007,4,0,4
18122012,4,0,4
18122444,8,6,2
18123690,6,3,3
18127638,15,11,4
18129117,1,0,1
18129429,20,7,13
18129434,4,0,4
18130735,121,35,86
1813094,143,48,95
18130988,12,3,9
18131246,8,5,3
18131361,48,13,35
18132469,73,23,50
18132721,80,26,54
18133190,0,0,0
18133358,361,53,308
18133585,7,1,6
18133740,6,2,4
18133992,21,6,15
18135399,10,1,9
18135440,19,3,16
18136323,11,1,10
18137144,1,0,1
18137675,119,34,85
18138555,573,115,458
18138746,25,3,22
18138836,50,14,36
18138855,0,0,0
18138870,17,3,14
18138909,7,2,5
18139012,3,0,3
18139402,33,3,30
18139504,18,5,13
18140748,0,0,0
18141275,217,226,-9
18142163,4,5,-1
18143880,82,47,35
18144750,46,6,40
18146888,1,0,1
18146967,194,43,151
18147386,1,0,1
18147602,25,4,21
18147915,45,10,35
18148071,0,0,0
18148729,148,21,127
18149285,182,54,128
18149845,142,47,95
18149949,12,7,5
18150150,400,79,321
18150182,17,3,14
18150349,1,0,1
18150401,190,34,156
18150940,202,42,160
18151068,1,0,1
18151096,48,3,45
18151184,16,3,13
18151260,24,14,10
18151822,26,8,18
18152306,69,9,60
18152390,16,3,13
18152610,2,1,1
18153396,41,14,27
18153492,21,12,9
18154350,36,12,24
18154905,94,24,70
18155175,50,15,35
18155838,2,0,2
18155883,115,37,78
18156693,1,0,1
18156739,77,26,51
18157073,13,4,9
18157900,184,43,141
18157949,2,0,2
18158179,113,16,97
18158347,34,17,17
18158812,293,59,234
18159547,40,5,35
18163814,247,51,196
18166540,34,5,29
18167054,4,2,2
18167373,59,27,32
18167444,14,4,10
18167456,143,20,123
1816747,16,6,10
18168023,13,4,9
18168136,69,35,34
18168679,71,34,37
18169649,20,2,18
18170244,71,22,49
18170320,108,21,87
18170390,262,46,216
18170599,21,2,19
18170852,105,53,52
18170989,57,26,31
18171718,15,5,10
18172036,75,26,49
18172234,24,13,11
18172695,111,40,71
18172964,9,0,9
18173336,23,11,12
18173449,3,0,3
18173812,46,17,29
18173849,56,15,41
18173911,115,34,81
18174277,30,3,27
18174390,13,3,10
18174667,20,5,15
18174705,469,88,381
18175780,9,5,4
18175925,63,17,46
181763,11,2,9
18176603,93,30,63
18176814,42,12,30
18176824,6,1,5
18177152,38,3,35
18177158,49,13,36
18177331,3,0,3
18177790,104,32,72
18178651,13,6,7
18179332,100,34,66
18179345,47,17,30
18182380,33,4,29
18183798,0,0,0
18184573,41,29,12
18184841,98,14,84
18185058,64,10,54
18185171,61,30,31
18185882,80,32,48
18186852,93,32,61
18187060,130,36,94
18187431,214,57,157
18187832,2,0,2
18188272,10,1,9
18188324,48,8,40
18188442,16,0,16
18189287,69,19,50
18189731,16,8,8
18190184,71,36,35
18190702,2,0,2
18191245,53,10,43
18191649,1,2,-1
18191880,4,3,1
18192028,236,93,143
18192198,65,26,39
18192585,27,4,23
18192633,62,15,47
18192723,33,11,22
18193265,20,10,10
1819334,39,19,20
18194469,3,1,2
18195792,3,1,2
18195807,23,8,15
18196449,6,1,5
18197210,2,0,2
18197695,239,41,198
18201529,4,1,3
18201911,20,3,17
18203143,34,3,31
18203556,0,0,0
18203920,3,0,3
18204418,123,48,75
18204906,17,5,12
18205282,3,0,3
18205429,6,0,6
18205449,22,4,18
18205875,53,9,44
18206444,8,6,2
1820691,124,23,101
18207270,40,7,33
18207390,0,0,0
18208697,7,1,6
18209008,112,42,70
18209044,94,25,69
18210071,8,3,5
18211352,7,2,5
18211626,21,1,20
18211724,8,0,8
18211764,10,0,10
18211824,2,6,-4
18212549,1,0,1
1821261,46,9,37
1821504,51,7,44
18216616,8,1,7
1821754,11,2,9
1821766,33,10,23
18217815,8,2,6
18218644,104,41,63
18218739,119,20,99
18219046,11,1,10
18219664,3,1,2
1821971,50,18,32
18219839,5,4,1
18220207,6,0,6
18220694,20,18,2
18220733,91,27,64
18220814,25,1,24
18221281,125,29,96
18221554,0,0,0
18221585,122,52,70
18221628,184,33,151
18221656,2,1,1
18221679,62,11,51
18221842,13,3,10
18221978,21,16,5
18221983,256,83,173
18222134,25,13,12
1822243,116,28,88
18222857,28,25,3
18223273,7,0,7
18224181,232,41,191
18224326,28,6,22
18224848,96,23,73
18224944,19,6,13
18226209,56,19,37
18226561,38,9,29
18231418,16,8,8
18232706,27,3,24
18233560,105,43,62
18233621,176,35,141
1823384,109,18,91
18234380,1,1,0
18234452,82,20,62
18235397,203,54,149
18235460,40,6,34
18236690,83,18,65
18237086,41,17,24
18237354,142,16,126
1823887,113,55,58
18239264,88,12,76
18240004,13,7,6
18240303,17,4,13
18240373,1,0,1
18243974,10,3,7
18244460,119,45,74
18246431,39,22,17
18246501,44,15,29
18246636,126,38,88
18246667,1,0,1
18246897,201,22,179
18248115,8,1,7
18249993,11,0,11
18251019,232,102,130
1825232,46,21,25
18252379,0,0,0
18252402,335,110,225
18252417,38,6,32
18253939,10,1,9
18254374,312,55,257
1825740,5,2,3
18258314,52,12,40
18258363,9,2,7
18258718,6,1,5
18260190,2,1,1
18260739,6,0,6
18261033,24,9,15
18261798,75,21,54
18261866,5,3,2
18261951,19,9,10
18262925,34,13,21
18263208,3,0,3
18263226,2,0,2
18263446,66,11,55
18264381,53,6,47
18265235,26,10,16
18265311,50,8,42
18265376,72,37,35
18265711,96,35,61
18266144,107,64,43
18266221,3,1,2
18266423,37,13,24
18266664,63,14,49
18266833,54,4,50
18267576,169,35,134
18267721,137,49,88
18267952,48,15,33
18268090,271,63,208
1826829,14,11,3
18268645,3,0,3
18268692,11,6,5
18269090,76,15,61
18270404,3,0,3
18271402,58,15,43
1827181,16,3,13
18273001,269,94,175
18273078,150,41,109
18273191,105,33,72
18274805,0,0,0
1827533,138,33,105
18276474,20,3,17
18278209,36,5,31
18279149,79,42,37
18279951,14,8,6
18280039,13,1,12
182802,500,78,422
18280528,99,38,61
18281674,48,24,24
18282898,47,29,18
18283115,21,11,10
18283172,7,4,3
18283415,70,37,33
18283829,12,11,1
18284509,44,15,29
18284793,23,5,18
18284836,16,4,12
18285073,0,0,0
18285942,4,0,4
18285978,3,0,3
18286202,98,40,58
18286412,34,11,23
18287347,111,19,92
18288083,18,5,13
18288609,78,33,45
18288780,60,30,30
18288866,228,57,171
18290172,62,14,48
18290331,24,16,8
18290506,26,5,21
18290578,52,15,37
18290897,9,1,8
18290962,4,1,3
18291768,8,1,7
1829406,199,28,171
1829581,77,41,36
1829962,387,57,330
18300350,53,28,25
18300545,106,24,82
18300633,73,14,59
18300785,49,12,37
18300873,8,4,4
18301431,78,29,49
18301449,12,2,10
18301579,14,5,9
183019,688,124,564
18301936,30,10,20
18302134,64,5,59
18302156,65,22,43
18302161,38,10,28
18302508,111,29,82
18303550,76,38,38
18303818,2,0,2
18303933,53,13,40
18305070,59,18,41
18305569,5,0,5
18305924,182,45,137
18305957,234,43,191
18306316,76,25,51
18307051,0,0,0
18308044,97,35,62
1830958,61,11,50
18310080,56,11,45
18310203,76,32,44
18310306,2,0,2
18310850,129,46,83
18310988,3,1,2
18310992,9,9,0
18311601,5,1,4
183128,596,164,432
18312975,36,6,30
18316697,126,44,82
18318151,562,126,436
18318426,17,1,16
18319168,4,0,4
18319381,137,20,117
18319781,148,25,123
18319808,53,7,46
18320661,142,29,113
18321007,42,30,12
18321422,82,19,63
18321534,82,19,63
18321677,16,7,9
18322529,80,10,70
18322772,16,7,9
18323010,5,3,2
18323446,249,75,174
18323662,15,3,12
18324052,9,1,8
18324211,6,0,6
18324371,20,9,11
18324529,2,0,2
18325914,2,1,1
18326607,24,2,22
18326634,131,16,115
18327450,13,3,10
18327815,2,0,2
18328030,14,1,13
18328281,1,1,0
18328421,55,28,27
18328454,2,0,2
18328546,90,10,80
18329368,5,0,5
18331937,39,8,31
1833268,51,21,30
183336,394,88,306
18334071,61,34,27
18334767,72,25,47
18337377,128,42,86
18337593,34,6,28
18337857,17,3,14
18337910,164,51,113
18338277,22,6,16
18338317,68,36,32
18338833,129,32,97
18338846,29,1,28
18338901,21,8,13
18339017,18,2,16
18340446,11,3,8
18340470,36,5,31
18340549,30,8,22
18340578,14,1,13
18340621,77,29,48
18340633,151,55,96
18340906,37,31,6
18341231,164,43,121
18341382,37,5,32
18341443,55,15,40
18342113,28,2,26
18342210,39,5,34
18342491,3,1,2
18343146,23,1,22
18343641,12,4,8
18343806,276,56,220
18344241,17,4,13
18345030,24,10,14
18345120,99,17,82
18345226,22,6,16
18345374,112,22,90
1834920,7,2,5
18349376,0,0,0
18350327,7,2,5
18350809,5,2,3
18351424,137,33,104
18351452,36,13,23
18351992,80,8,72
18352031,46,20,26
18352363,34,7,27
18352485,32,21,11
18352641,142,24,118
18353035,2,3,-1
18353465,12,4,8
18353519,43,13,30
18353551,158,67,91
18353789,49,10,39
18353853,17,5,12
18354410,3,1,2
18354511,13,5,8
18355866,114,49,65
18356180,1,0,1
18356790,11,1,10
18357112,46,13,33
1835715,21,11,10
18357210,65,21,44
18357255,33,5,28
1835823,57,8,49
18359806,4,0,4
18359844,0,0,0
18360085,1,1,0
1836056,116,61,55
18362397,170,52,118
18362431,16,11,5
1836379,216,73,143
18364593,42,17,25
18365323,124,36,88
18365403,1,1,0
18366050,11,2,9
18366265,109,33,76
18366447,116,42,74
18367219,145,87,58
18367287,10,9,1
18367535,8,0,8
18368204,302,75,227
18368831,78,18,60
18369676,52,14,38
18369994,27,5,22
18370374,154,50,104
18370509,14,5,9
18371504,393,88,305
18371539,114,26,88
18371703,3,0,3
18371856,3,1,2
18372117,3,0,3
18372144,16,12,4
18372507,52,11,41
18372701,2,1,1
18372795,3,2,1
18372801,17,11,6
18373061,161,20,141
18373159,14,3,11
18373174,234,32,202
18373462,0,0,0
18374146,11,11,0
18374293,15,6,9
18374554,15,3,12
18374951,8,3,5
18378888,33,4,29
18379367,9,2,7
1838003,11,1,10
18380085,95,18,77
18380180,22,2,20
18380712,8,8,0
18381232,17,2,15
18381422,61,7,54
18382869,158,14,144
18383020,43,6,37
18383312,16,8,8
1838348,15,3,12
18383561,86,34,52
18383685,11,4,7
1838392,67,25,42
18383952,60,12,48
18383966,63,17,46
18385937,97,61,36
18386347,106,30,76
18386852,1,1,0
18387036,118,29,89
18387039,106,32,74
18387801,1,2,-1
18388146,3,4,-1
18389358,224,47,177
18389948,37,17,20
18390004,140,35,105
18391778,143,35,108
18392262,4,2,2
18392484,55,23,32
18392563,26,9,17
18393105,1,0,1
18393164,7,1,6
18393254,6,0,6
18393351,0,1,-1
18393508,14,1,13
18394048,21,5,16
18394633,46,26,20
18394824,43,12,31
18395132,77,12,65
18398308,8,3,5
18398539,278,31,247
18399789,17,3,14
18400191,67,9,58
18400726,93,51,42
18400859,71,23,48
18400865,31,6,25
18400879,84,25,59
18400883,24,7,17
18400892,40,19,21
18400897,40,18,22
18403109,12,2,10
18403504,2,2,0
18404274,3,0,3
18404449,32,27,5
18404562,104,34,70
18404966,11,0,11
1840547,9,4,5
18405507,96,11,85
18405741,46,10,36
18405803,62,27,35
18405869,93,32,61
18405932,51,18,33
18405978,29,1,28
18406221,15,6,9
18406333,10,1,9
18407066,128,48,80
18408491,51,8,43
18410259,0,0,0
18411496,23,7,16
18412141,41,4,37
18413045,11,4,7
1841324,42,28,14
18416383,71,21,50
18418299,119,48,71
18418321,5,2,3
18419550,2,0,2
18420180,120,32,88
18421453,11,2,9
18421630,8,4,4
18421731,164,49,115
18423140,5,5,0
18423606,20,5,15
18424453,118,21,97
18425294,129,9,120
1842557,259,55,204
18425876,72,16,56
18426406,5,3,2
1842683,72,28,44
18427207,59,20,39
18427969,50,6,44
18428318,43,5,38
18428697,5,2,3
18429405,16,1,15
18430333,17,7,10
18430571,118,25,93
18430862,10,1,9
18431155,31,3,28
18434227,47,20,27
18435856,21,3,18
18436164,27,10,17
18436650,314,46,268
18436771,7,1,6
18436774,43,7,36
18437036,176,64,112
18437122,55,29,26
18438668,15,0,15
18438680,77,28,49
18438890,66,19,47
18439144,488,104,384
18439209,111,45,66
18439473,20,3,17
18439723,153,29,124
18440005,7,1,6
18440529,4,0,4
18440658,9,4,5
18441582,5,10,-5
18441624,55,13,42
18442266,15,11,4
18443308,75,29,46
18445358,242,40,202
18445368,112,40,72
18451375,46,16,30
18452656,207,38,169
18452741,4,0,4
18452953,6,1,5
18453635,0,1,-1
18454917,33,13,20
18455086,38,17,21
18455574,165,23,142
18455754,2,0,2
18456206,33,5,28
18456311,198,48,150
1845634,207,51,156
18456389,65,25,40
18456846,25,8,17
18457244,50,20,30
18457668,8,5,3
18458628,42,12,30
18459550,2,0,2
18459662,28,11,17
1845967,121,31,90
18459868,129,36,93
18460351,2,0,2
18461529,33,14,19
18462174,173,50,123
18462518,75,8,67
18462962,4,4,0
18465825,62,15,47
18466011,19,5,14
18467144,58,15,43
18467278,1,1,0
18467400,10,1,9
18467529,175,55,120
18468167,4,1,3
18468288,9,0,9
18468347,20,5,15
18468606,0,0,0
18468902,7,3,4
18469871,11,3,8
18470183,16,1,15
18470275,60,40,20
18470683,64,28,36
18470994,488,83,405
18471021,111,43,68
18472143,139,21,118
18473275,214,78,136
18473352,11,1,10
18473361,15,2,13
18473444,6,2,4
18473609,5,1,4
18473784,9,2,7
18473823,19,2,17
18473942,68,27,41
18474480,285,60,225
18474957,102,38,64
18475642,24,16,8
18477985,0,1,-1
18478771,410,116,294
18478811,11,6,5
18478842,167,30,137
18479052,11,0,11
18479148,13,5,8
18480160,29,3,26
18480166,37,17,20
18481811,67,30,37
18483090,39,4,35
18485056,36,11,25
18485265,62,24,38
18485456,69,25,44
18485498,38,4,34
18485803,19,1,18
18486287,30,14,16
18486501,27,11,16
18486648,7,1,6
18486834,23,7,16
18486929,1,0,1
1848733,297,117,180
18487684,234,143,91
18488777,42,3,39
18488785,29,8,21
1849158,22,6,16
18493200,57,18,39
18493793,2,0,2
18494317,14,2,12
18494747,19,5,14
18494843,242,33,209
18495994,0,0,0
18496201,17,3,14
18496506,4,3,1
18497170,13,7,6
18497573,116,16,100
18497712,68,11,57
18498462,29,7,22
18501045,172,49,123
18501062,33,11,22
18501216,190,37,153
18501905,27,19,8
18502318,130,59,71
18502500,117,22,95
18502636,90,45,45
18502655,7,3,4
18502713,83,33,50
18503459,8,3,5
18504877,25,4,21
18505296,21,15,6
18506656,15,5,10
18506859,31,14,17
1850723,71,28,43
18507536,73,32,41
1851018,10,0,10
18513709,41,17,24
18514053,24,7,17
18515963,7,1,6
18517695,68,12,56
18517948,2,0,2
18518346,64,24,40
18518480,20,10,10
18519069,4,1,3
18519210,32,14,18
18519310,3,0,3
18519632,62,25,37
18520166,84,24,60
18520986,29,3,26
18522557,58,16,42
18523611,229,44,185
18523912,16,10,6
18524544,55,26,29
1852519,21,0,21
18525245,155,120,35
18525265,79,25,54
18525818,53,8,45
18525876,204,59,145
18529117,65,14,51
1852971,125,54,71
18531057,80,3,77
18531512,26,12,14
18531571,18,4,14
18531870,28,13,15
18532067,200,62,138
18532226,158,39,119
18532541,271,93,178
18532585,6,1,5
18532619,11,1,10
18533390,221,53,168
18535561,103,25,78
18535571,58,24,34
18536086,15,12,3
1853897,168,69,99
18539746,12,2,10
18540453,141,19,122
18540956,138,21,117
18541142,38,2,36
18541264,496,93,403
18541368,29,16,13
18541798,8,1,7
18542284,158,19,139
18543183,27,13,14
18543195,9,3,6
18544489,92,38,54
18545309,18,4,14
18545464,125,37,88
18546649,21,6,15
18546793,2,0,2
18547027,0,0,0
18547532,5,1,4
18553041,0,0,0
18553500,25,13,12
18554103,69,14,55
18556048,32,16,16
18556049,14,2,12
18556385,41,15,26
18556441,17,3,14
18556849,43,11,32
18557594,46,6,40
18558096,38,5,33
18558125,2,0,2
18558499,89,27,62
18558788,83,43,40
18558944,13,2,11
18558950,44,11,33
18559224,79,7,72
18559350,0,0,0
18559602,49,16,33
18559679,2,3,-1
1855992,49,13,36
18560180,55,22,33
18560318,3,1,2
18561228,150,30,120
18561339,6,1,5
18561454,46,3,43
18561596,32,14,18
18561787,6,3,3
18561803,126,32,94
18562031,38,6,32
18562110,123,24,99
18562704,1,0,1
18564480,20,6,14
1856547,23,7,16
18565913,85,16,69
18566141,94,24,70
18566226,20,6,14
18567202,1,0,1
18567356,28,12,16
18569313,34,23,11
18573326,132,29,103
18573381,38,24,14
18573516,254,65,189
18574480,25,6,19
18574485,12,8,4
18574733,10,9,1
18575737,70,16,54
18575783,34,10,24
18576648,1,0,1
18576661,8,4,4
18576845,49,23,26
18576867,174,31,143
18577028,22,3,19
18577118,88,27,61
18577224,2,1,1
18579578,94,33,61
18580077,116,39,77
18580190,77,29,48
18580246,5,1,4
18580279,9,0,9
1858034,71,15,56
18581172,119,9,110
18581492,237,72,165
18581683,7,4,3
18583572,25,7,18
18584555,0,0,0
18589416,63,24,39
18589834,0,0,0
18590227,25,2,23
18590568,76,27,49
18590863,44,7,37
18591303,1,0,1
18591406,61,7,54
18593428,0,0,0
18593809,22,5,17
18593846,15,6,9
18594158,18,3,15
18594773,19,3,16
18595558,48,21,27
18595811,103,36,67
18596554,72,23,49
18596858,165,36,129
18597000,166,43,123
18599052,4,0,4
18600036,49,3,46
18602757,122,43,79
18603018,5,1,4
18603997,57,24,33
18604712,45,15,30
1860483,45,11,34
18606381,58,12,46
18606812,0,0,0
18607125,100,22,78
18607576,9,5,4
18607717,85,18,67
18607913,50,20,30
18608169,18,6,12
18608330,0,0,0
18608405,125,40,85
18608896,1,0,1
18609702,32,4,28
18610807,11,1,10
18610928,48,18,30
18610982,6,0,6
18611085,130,49,81
18611223,43,18,25
18611411,14,4,10
18614094,2,0,2
18614726,109,13,96
18614859,89,20,69
18614915,46,6,40
18615066,5,1,4
18615111,28,5,23
18615269,5,3,2
18615511,8,2,6
18615797,29,10,19
18615810,220,45,175
18615863,26,2,24
18616476,19,2,17
18616497,24,6,18
18617305,130,81,49
18620707,121,69,52
18621475,11,3,8
18621656,65,14,51
18622090,308,106,202
18622591,2,0,2
18622769,32,7,25
18623341,200,66,134
18623679,2,0,2
1862399,22,10,12
18624882,0,0,0
1862498,254,126,128
1862535,70,40,30
18625751,2,3,-1
18626313,21,0,21
18626571,143,37,106
18626769,50,29,21
18627565,90,29,61
18627641,138,26,112
18628505,32,11,21
18628698,1,0,1
1862905,80,39,41
18629234,27,9,18
18629329,87,28,59
18629539,293,115,178
18631428,84,24,60
18631628,1,0,1
18631998,116,34,82
18632095,56,6,50
18633025,215,36,179
18633050,9,2,7
18633538,216,56,160
18633952,24,8,16
18634759,15,2,13
18637464,55,10,45
18638998,0,0,0
18639054,125,52,73
18640160,22,17,5
18640977,73,39,34
18641625,168,33,135
18641867,156,31,125
18641950,33,16,17
18642597,6,3,3
18643340,74,23,51
18643486,75,11,64
18644157,18,10,8
18644305,48,37,11
18644317,0,0,0
18644367,39,14,25
18644871,35,9,26
18644883,38,15,23
18644965,11,3,8
18645311,43,20,23
18645334,1,0,1
18646202,2,0,2
18646343,16,2,14
18646920,14,5,9
18647503,31,10,21
18648215,29,1,28
18648846,97,23,74
18648861,8,0,8
18648981,79,24,55
18649125,27,4,23
18649299,21,4,17
18650039,1,0,1
18650140,18,9,9
18650151,2,0,2
18650418,43,16,27
18650649,32,5,27
18650844,9,2,7
18650883,22,5,17
18651179,133,18,115
18651621,8,0,8
18651955,274,31,243
1865198,577,201,376
18652827,4,1,3
18653127,28,7,21
18653202,7,4,3
18653261,47,26,21
18653322,335,41,294
18653678,3,0,3
18654271,53,21,32
18654639,114,24,90
18655168,27,11,16
18656953,40,14,26
18659629,71,15,56
18659838,48,16,32
18660195,4,1,3
18660226,19,7,12
18660360,62,19,43
18660494,1,1,0
18660511,5,1,4
18660604,4,0,4
18660727,9,0,9
18660944,30,15,15
18661184,157,20,137
18662241,34,9,25
18662427,44,16,28
18662614,15,0,15
18662966,138,25,113
18663326,396,100,296
18663625,3,1,2
18663707,153,27,126
18664058,1,0,1
18664379,29,28,1
18664480,15,10,5
18664871,2,1,1
18665031,9,5,4
18665052,40,13,27
18665595,54,8,46
18665597,33,3,30
18665645,1,0,1
18665952,13,5,8
18666160,4,2,2
18666188,139,34,105
1866723,103,43,60
18667270,10,1,9
18667694,56,13,43
186682,81,33,48
18669329,38,14,24
18669413,8,4,4
18669818,27,11,16
18669849,33,10,23
18669988,41,18,23
18670371,7,9,-2
18670770,113,17,96
18670887,180,37,143
18670962,26,7,19
18671346,119,23,96
18671415,653,108,545
18671462,4,1,3
18671933,36,5,31
18672314,67,24,43
18672343,5,3,2
18672515,3,0,3
18672971,13,0,13
18673073,5,0,5
18673492,15,3,12
1867418,343,59,284
18674887,41,13,28
18676203,25,6,19
18676301,23,4,19
18677560,43,23,20
18678369,432,74,358
18678502,7,2,5
18678803,71,27,44
18678994,123,9,114
18679197,7,2,5
18679593,51,11,40
18679610,3,0,3
18680283,0,0,0
18680328,137,30,107
18680574,315,46,269
18680935,30,19,11
18681897,13,2,11
18681942,47,7,40
18682449,27,7,20
18682547,16,1,15
18682553,86,32,54
18682574,3,0,3
18683094,8,4,4
18683772,22,8,14
18683774,64,20,44
18683777,14,4,10
18683864,76,47,29
18684043,112,33,79
18684517,17,5,12
18685357,8,2,6
18685433,28,3,25
18685730,61,7,54
1868648,22,4,18
18686628,75,9,66
1868679,55,22,33
18686832,115,45,70
18687287,3,0,3
18687485,82,8,74
18687811,45,6,39
18688216,92,25,67
18689517,6,1,5
18690619,33,13,20
18693068,45,8,37
18694817,45,6,39
18695308,22,7,15
18696373,68,16,52
18696477,95,37,58
18696703,7,2,5
18696901,39,9,30
18697277,235,58,177
18697567,46,14,32
18697814,38,13,25
18697976,52,25,27
18698146,27,10,17
18698349,20,11,9
18698994,54,13,41
18699354,44,15,29
18699358,110,22,88
18699627,86,21,65
18699714,71,21,50
18701043,180,54,126
18701523,4,0,4
18702468,60,12,48
18702508,67,16,51
18702784,58,39,19
18703075,80,26,54
1870367,70,17,53
18704157,142,54,88
18704398,4,1,3
1870443,677,416,261
18704519,224,55,169
18704635,35,11,24
18705339,54,7,47
18706081,23,4,19
18707000,93,38,55
18707066,186,103,83
18707173,2,1,1
18707489,69,35,34
1870968,7,2,5
18709875,34,10,24
18710786,0,0,0
18710944,10,0,10
18711615,21,3,18
18712345,23,2,21
18712765,53,24,29
18712999,13,1,12
18713504,20,1,19
1871370,11,1,10
18713945,1,0,1
18714289,40,18,22
18715068,0,0,0
18715389,88,35,53
18715569,1,0,1
18716772,8,1,7
18717715,67,9,58
18717818,5,0,5
18718514,211,55,156
18719193,1,0,1
18720780,66,14,52
18720825,36,7,29
18721919,12,8,4
18722603,18,4,14
18723320,12,2,10
18724370,167,27,140
18724525,67,18,49
18725203,18,7,11
18725432,1,2,-1
18725454,8,1,7
18725547,6,2,4
18725649,3,0,3
18725903,20,4,16
18726010,3,0,3
18726042,34,21,13
18726147,8,4,4
18726366,6,0,6
18726726,137,50,87
18727768,39,11,28
18728171,94,22,72
18728337,1,0,1
18729254,33,3,30
18729550,74,14,60
18729887,45,21,24
18730161,23,9,14
18730447,38,12,26
18731255,0,0,0
18731286,16,4,12
18731400,82,16,66
18732080,38,18,20
18732148,10,4,6
18732299,46,15,31
18732427,5,1,4
18732517,3,0,3
18732642,130,54,76
18732906,43,7,36
18733088,54,10,44
18733327,156,48,108
18733404,20,7,13
18734228,0,0,0
18734424,5,2,3
18734554,58,33,25
18735013,342,64,278
18736673,0,0,0
18738695,30,7,23
18741704,21,1,20
18742426,23,6,17
18742432,2,2,0
18742734,316,85,231
18743006,39,6,33
18743037,6,2,4
18743646,15,4,11
18743874,71,15,56
18744228,31,5,26
18744353,42,13,29
18744588,15,2,13
18745181,118,32,86
18745637,111,23,88
18745992,1,0,1
18746179,49,22,27
18746270,51,6,45
18746406,21,11,10
18746485,42,19,23
18746603,46,17,29
18747546,14,17,-3
18748818,38,16,22
18749173,105,49,56
18749219,38,24,14
18750519,9,5,4
18750752,5,1,4
18750773,17,14,3
18750835,63,24,39
18752103,14,2,12
18752658,17,11,6
18752825,5,4,1
18752915,15,6,9
1875305,40,12,28
18753059,0,0,0
18753275,46,11,35
18754252,43,12,31
18755666,3,0,3
1875937,104,29,75
18759543,5,3,2
1876054,255,100,155
18760878,0,0,0
18761820,74,29,45
18761908,0,0,0
18761913,96,19,77
18762042,246,66,180
18762611,3,4,-1
18762688,108,42,66
18763122,177,48,129
18763384,101,40,61
18763420,20,10,10
18763527,37,12,25
18763897,1,0,1
18763929,86,27,59
18763991,14,4,10
18764554,15,14,1
18764840,20,2,18
18765920,121,18,103
18766188,65,21,44
18766265,113,52,61
18766413,112,33,79
18766603,54,9,45
18766766,9,8,1
18766877,94,27,67
18767046,163,47,116
18767298,97,14,83
18767444,24,11,13
18767618,6,6,0
18767858,83,55,28
18767998,93,10,83
18768270,5,2,3
18768514,5,1,4
1876913,44,14,30
18769950,32,2,30
18770146,10,3,7
18770477,172,65,107
18770641,9,4,5
18770753,60,18,42
18771430,27,12,15
18772209,11,4,7
18772583,15,5,10
18772924,110,25,85
18773022,1,0,1
18773077,11,6,5
18773472,123,18,105
18773665,7,5,2
18775027,177,23,154
18778685,4,1,3
18780040,14,8,6
18780713,129,42,87
18780867,90,17,73
18780965,78,18,60
18781105,4,0,4
18781125,204,45,159
18782280,58,20,38
18782398,22,4,18
18782415,67,25,42
18782543,9,6,3
18782647,65,4,61
18782775,85,23,62
18782939,243,25,218
18784027,10,3,7
18784537,11,3,8
18786004,0,0,0
18786136,5,5,0
18786264,7,0,7
18786308,38,15,23
18786425,84,27,57
18786708,1,0,1
18787075,11,3,8
18787137,77,9,68
18787215,28,10,18
18787290,3,2,1
18787592,6,1,5
18787710,19,8,11
18787938,17,6,11
18788052,21,4,17
18788496,87,24,63
18789292,27,9,18
18789633,222,36,186
18790077,10,2,8
18791220,16,4,12
1879125,121,33,88
18791871,7,4,3
18791907,20,10,10
18793033,334,153,181
18793207,18,5,13
18793364,72,13,59
18793899,3,0,3
18798027,14,5,9
18798576,154,33,121
18798788,79,14,65
18798894,8,0,8
18799183,0,0,0
18799262,8,1,7
18799435,56,15,41
18800375,3,1,2
18801225,100,36,64
18801247,177,36,141
18801875,5,3,2
18801900,27,6,21
18802247,27,3,24
18802545,30,14,16
18802761,183,48,135
1880281,14,3,11
18803268,42,12,30
18803337,48,18,30
18804001,0,2,-2
18804337,106,24,82
18804937,49,10,39
18806197,5,0,5
18806249,9,1,8
18806321,82,14,68
18806632,11,1,10
18807231,59,19,40
18807341,79,18,61
18807379,3,0,3
18807388,9,1,8
18808218,9,4,5
1880925,221,45,176
18809572,6,1,5
18810163,6,1,5
18810209,0,1,-1
18810443,20,1,19
18811467,0,0,0
18814660,39,4,35
18815143,67,30,37
18815165,51,6,45
18816330,13,3,10
18816698,96,16,80
18816742,147,34,113
18817262,4,2,2
18817278,85,21,64
18817792,23,5,18
18817893,11,4,7
18817908,22,0,22
18818079,13,4,9
18818778,156,32,124
18818993,38,8,30
18819048,19,11,8
18819146,29,10,19
18819914,3,2,1
18820100,6,4,2
18820208,2,0,2
18820217,79,17,62
18820747,33,2,31
188214,7,0,7
18821481,64,29,35
18821489,43,15,28
18822152,115,28,87
18823071,128,34,94
18823325,22,2,20
18823432,31,1,30
18823575,30,3,27
18823654,19,1,18
18824788,23,3,20
18825259,140,21,119
18830459,38,19,19
18831088,2,0,2
18832536,44,8,36
18832841,2,3,-1
18833137,5,1,4
18833140,4,1,3
18833990,0,0,0
1883419,243,79,164
18834768,117,24,93
18835017,5,3,2
18836874,7,2,5
1883810,53,4,49
18838317,141,53,88
18838550,10,2,8
18839039,55,37,18
18840998,44,5,39
18841427,36,10,26
18844448,41,9,32
18845766,0,1,-1
18846258,17,4,13
18846669,8,1,7
18846887,11,5,6
18847068,14,3,11
18847175,1,0,1
18847210,139,54,85
18848535,109,27,82
18848845,23,1,22
18848887,47,11,36
18849139,23,14,9
18849257,57,12,45
18849505,128,19,109
18849690,14,10,4
18850187,25,3,22
18850453,95,29,66
18850476,15,5,10
18853243,150,32,118
18853506,110,49,61
18853508,33,10,23
18854052,10,0,10
18854429,46,13,33
18854877,21,10,11
18855064,1,2,-1
18855407,53,15,38
18855527,14,7,7
18855596,2,0,2
18860612,77,21,56
1886226,190,124,66
18862434,2,1,1
18862446,46,11,35
18862864,0,0,0
18862873,253,39,214
18862884,9,1,8
18863129,42,3,39
18863447,14,2,12
18863670,23,5,18
18863815,128,37,91
18864602,8,3,5
18865011,8,3,5
18865154,12,4,8
18865235,2,0,2
18865362,25,10,15
18865414,35,1,34
18865684,12,6,6
18865844,24,11,13
18866072,23,10,13
18867026,85,16,69
1886704,336,165,171
18867904,20,16,4
18868208,182,25,157
18868368,38,13,25
18868722,103,51,52
18869671,79,12,67
18869754,219,39,180
18870165,12,0,12
18871461,55,11,44
18872439,11,5,6
18872789,64,20,44
18873559,7,1,6
18873703,248,61,187
18874541,13,2,11
18874597,115,14,101
18874741,11,1,10
18875110,11,5,6
18875187,40,11,29
18876192,329,157,172
18876305,59,13,46
18876476,225,48,177
18879600,5,1,4
1887965,20,2,18
18879660,67,44,23
18880414,120,14,106
18880607,38,7,31
18880992,3,2,1
18881419,113,25,88
1888143,127,34,93
18881435,6,5,1
18882221,7,4,3
18882222,4,0,4
18882251,7,3,4
18882253,17,7,10
18882471,51,5,46
18882513,27,6,21
18882746,23,6,17
18882747,5,0,5
18883621,144,33,111
18883939,2,0,2
18884051,10,3,7
18884318,50,18,32
18885017,108,46,62
18885073,22,5,17
18885149,43,12,31
18886208,15,2,13
18886340,146,25,121
18888064,100,32,68
18889027,3,2,1
18889208,108,41,67
18890551,1,0,1
18891496,26,9,17
18892742,2,0,2
18892805,165,45,120
18893233,14,2,12
18893469,118,40,78
18893565,184,34,150
18893709,487,82,405
18893725,39,12,27
18893833,15,2,13
18893843,77,19,58
18894176,11,5,6
18894751,17,2,15
18895007,17,8,9
18895252,3,0,3
18895275,6,0,6
18895756,46,7,39
18895766,39,6,33
18895917,1,0,1
18895996,643,110,533
18896061,20,6,14
1889611,21,17,4
189002,9,3,6
18901807,92,29,63
18902926,142,56,86
18903749,24,10,14
18904400,11,9,2
18904716,3,1,2
18904736,23,6,17
18904738,12,5,7
18904868,0,1,-1
18905339,3,0,3
18905340,9,2,7
18905370,30,11,19
18905753,14,4,10
18905761,4,0,4
18906826,56,16,40
18907075,77,35,42
18907353,70,21,49
18907628,21,9,12
18907946,18,7,11
1890820,210,85,125
18908392,6,6,0
18908561,101,32,69
18909340,13,3,10
18911163,11,5,6
18911870,44,12,32
18912004,64,16,48
18912110,9,4,5
18912202,251,71,180
18912402,5,2,3
18912740,1,1,0
18913238,32,9,23
18913377,24,5,19
18913442,181,22,159
18913522,37,13,24
1891362,200,67,133
18913727,36,9,27
18914878,204,49,155
18916003,55,27,28
18916944,24,8,16
18918869,48,25,23
18918975,12,5,7
18919094,1,0,1
18920487,46,28,18
18921182,31,2,29
18921578,1,1,0
18921666,2,0,2
18921898,77,13,64
18921900,64,18,46
18922193,75,23,52
18922362,33,5,28
18922584,97,34,63
18922656,65,22,43
18923244,12,3,9
18923490,0,0,0
18924186,0,0,0
18924627,0,0,0
18925691,3,2,1
18925847,21,6,15
18926090,3,0,3
18926640,79,22,57
18926956,15,5,10
18926981,351,95,256
18927296,6,0,6
18927537,7,0,7
18928375,8,4,4
18929489,4,1,3
18929971,3,0,3
1893028,2,0,2
18930500,58,8,50
18930542,16,3,13
18936527,28,6,22
18937084,5,3,2
18937737,13,9,4
18938039,16,2,14
18938122,2,0,2
18938161,30,17,13
18938488,68,29,39
18939304,34,17,17
18939914,55,9,46
18939977,0,0,0
18940289,9,0,9
18940413,48,27,21
18940471,9,6,3
18940575,6,3,3
18941210,167,50,117
18941626,102,41,61
18941768,8,1,7
18941981,22,8,14
18942202,77,44,33
18942764,44,19,25
18943206,217,38,179
18943289,48,14,34
18943698,94,37,57
18943797,42,20,22
18944651,1,1,0
18944787,43,20,23
18944923,8,0,8
18944949,0,1,-1
18945875,45,13,32
18947159,111,17,94
18947512,12,9,3
18947526,26,9,17
18947755,19,0,19
18947842,8,3,5
18948070,23,14,9
1894904,71,30,41
1894961,68,36,32
18952420,15,3,12
18952694,5,3,2
18953276,5,1,4
18953402,13,3,10
1895354,170,43,127
18953731,1,0,1
18954174,27,7,20
18954752,95,28,67
18955437,151,27,124
18955630,15,12,3
1895586,22,13,9
18956094,78,29,49
18956268,3,0,3
18956611,15,4,11
18957114,3,1,2
18957159,109,27,82
18958068,171,12,159
18958180,26,8,18
18958285,18,8,10
18958379,13,5,8
18958623,0,0,0
18959337,87,23,64
1896017,26,12,14
18961480,15,2,13
18963411,59,16,43
18965042,45,8,37
18965086,228,33,195
18965587,35,7,28
18966168,9,2,7
18967403,6,1,5
18968357,45,12,33
1896856,68,11,57
18969636,125,29,96
18970041,11,1,10
18970430,46,13,33
1897105,179,46,133
18971316,5,5,0
18971487,6,1,5
18972007,111,47,64
18972178,15,14,1
18972441,37,7,30
18972496,2,0,2
1897252,67,31,36
18972579,4,1,3
18972591,53,2,51
18973342,25,1,24
18974065,24,9,15
18974876,24,13,11
1897533,141,41,100
18975788,13,2,11
18976171,5,5,0
18976813,3,2,1
18977064,146,48,98
18977066,25,5,20
18980084,26,12,14
18981474,2,0,2
18982085,13,5,8
18982484,69,11,58
18983109,19,3,16
18984063,41,13,28
18985024,55,10,45
18985430,76,8,68
18985501,56,14,42
18985602,143,37,106
18985722,4,1,3
18985888,67,7,60
18985919,6,0,6
18986600,74,23,51
18987553,69,25,44
18989192,4,0,4
1898982,417,119,298
1898995,5,1,4
18990428,51,11,40
18990944,5,1,4
18991681,118,45,73
18992341,56,18,38
18993017,35,7,28
18993201,20,12,8
18993474,17,5,12
18993621,0,0,0
18994241,1,1,0
18994424,51,16,35
18994607,5,1,4
18995561,6,1,5
18995612,11,4,7
18995860,134,47,87
18997286,2,3,-1
18998364,7,0,7
190015,48,11,37
19002384,7,1,6
190028,59,25,34
19003406,155,24,131
19003430,1,0,1
19003748,2,2,0
19003817,8,6,2
19003878,76,23,53
19004193,71,31,40
19004445,8,2,6
19004510,10,3,7
19004703,50,20,30
19005138,106,14,92
19005423,5,3,2
19005702,13,4,9
19005824,7,7,0
19006219,15,5,10
19006366,6,1,5
19007627,48,16,32
19008057,8,2,6
19008694,3,0,3
19009089,7,3,4
19009631,0,0,0
19009806,52,17,35
19010367,8,1,7
19010423,235,56,179
19010734,5,2,3
19011312,64,12,52
19011328,18,5,13
19011348,173,39,134
19011523,25,5,20
19011705,53,28,25
19011722,2,0,2
19011803,2,0,2
19012699,192,51,141
19012917,93,38,55
19013908,18,7,11
19014522,78,17,61
19015018,6,1,5
19015072,0,1,-1
19015216,6,1,5
19015272,287,125,162
19015446,25,5,20
19015691,1,0,1
19015779,86,11,75
19016046,16,2,14
19016452,14,3,11
19016795,237,34,203
1901717,209,68,141
19017447,66,16,50
19017713,175,17,158
19017872,8,3,5
19018199,202,29,173
19018868,72,22,50
19022198,1,2,-1
19023444,24,9,15
19023555,35,13,22
19023690,54,37,17
19024077,1,0,1
19024524,28,9,19
19024696,7,1,6
19025435,43,6,37
19025694,56,26,30
19025699,57,10,47
19025895,110,31,79
19026028,14,13,1
19026109,96,31,65
19026110,28,8,20
19026345,59,28,31
19026682,135,52,83
19026789,0,0,0
19027168,3,1,2
19027365,11,3,8
19027678,129,51,78
19027943,74,16,58
19028439,145,50,95
19028724,9,0,9
19029336,91,34,57
19029514,32,4,28
19029703,26,3,23
19029924,5,0,5
19030288,7,2,5
19030331,0,2,-2
19030663,7,3,4
19030898,8,0,8
19031144,1,1,0
19031847,16,4,12
19031900,46,16,30
19032035,128,16,112
19032732,2,0,2
19032904,4,0,4
19033328,27,4,23
19033612,141,36,105
19034238,313,41,272
19034690,106,17,89
19035165,66,14,52
19035215,21,6,15
19035632,5,1,4
19035651,16,4,12
19035971,6,2,4
19036191,15,4,11
19036272,111,15,96
19036976,114,33,81
19037031,13,6,7
19037964,0,0,0
1904019,225,68,157
19041605,19,2,17
19041770,44,9,35
19041958,120,30,90
19043340,18,7,11
19043404,15,7,8
19043712,11,4,7
19043978,15,5,10
19044002,1,1,0
1904439,84,32,52
19045221,24,7,17
19047119,9,5,4
1904783,82,48,34
19048256,20,3,17
1904842,96,20,76
19049249,5,1,4
19049343,15,3,12
19050184,44,27,17
19050603,104,21,83
19050721,92,23,69
19051081,15,6,9
19051315,200,48,152
19051337,3,2,1
19051454,12,1,11
19052575,108,23,85
19052976,3,1,2
19053017,25,12,13
19053196,2,3,-1
1905484,154,54,100
19055195,3,0,3
19057371,6,2,4
19059732,24,7,17
19060551,10,4,6
19061147,296,39,257
19061546,147,108,39
19061553,20,15,5
19061559,63,23,40
19061670,156,86,70
19062596,22,6,16
19062871,40,4,36
19063112,27,8,19
19063232,0,0,0
19063511,78,31,47
1906359,273,130,143
19063744,21,2,19
19063750,96,29,67
19064038,140,33,107
19064272,17,0,17
19064360,30,3,27
19064947,212,52,160
19064980,218,36,182
19065363,389,84,305
19065671,0,0,0
19065801,160,44,116
19065834,66,32,34
19066307,55,13,42
19066908,12,2,10
19067101,39,7,32
19067529,10,5,5
1906754,2,0,2
19067956,2,2,0
19068229,0,0,0
19068481,53,12,41
19068725,17,3,14
19069131,40,11,29
19070143,9,0,9
19070505,119,22,97
19070694,181,55,126
19071399,217,39,178
19074601,18,5,13
19074619,126,42,84
19075746,85,20,65
19076472,69,16,53
19076833,0,0,0
19076884,35,13,22
19077214,12,3,9
19077249,2,0,2
19077625,46,20,26
19077836,3,0,3
19078574,4,1,3
19078707,98,26,72
19079818,0,0,0
19080420,2,0,2
19081418,56,7,49
19081525,22,2,20
19081805,45,3,42
19082527,8,2,6
19082745,16,2,14
19082942,241,36,205
19083127,11,2,9
19083306,6,3,3
19083335,2,0,2
19084794,22,8,14
19084889,25,1,24
1908491,6,2,4
19085145,11,2,9
1908604,3,0,3
19088825,1,0,1
19089842,140,35,105
19090095,114,39,75
19090503,3,0,3
1909104,21,8,13
19091074,3,0,3
19091245,21,5,16
19091792,16,6,10
19091794,26,3,23
19092617,81,31,50
19093262,95,18,77
19093817,156,38,118
19094295,119,47,72
19095062,173,41,132
19095114,80,34,46
19095163,1,0,1
19095304,78,27,51
19095530,5,1,4
19096344,112,26,86
19096385,52,18,34
19096449,24,0,24
19096561,151,54,97
19097129,1,2,-1
19097295,23,5,18
19097372,11,12,-1
19097493,3,0,3
19097594,377,92,285
19097912,2,0,2
19098482,110,44,66
19098804,6,0,6
19099079,26,6,20
19099227,34,11,23
19099262,6,2,4
19099345,47,13,34
19099758,36,9,27
19099861,22,9,13
19099900,47,3,44
19100104,25,11,14
19100250,18,3,15
19100348,6,1,5
19100855,24,5,19
19102689,79,22,57
19106556,38,10,28
1910688,152,58,94
19107112,53,19,34
19107561,386,119,267
19107684,11,1,10
19108810,5,1,4
19108901,15,8,7
19109055,0,0,0
19109568,10,7,3
19110136,4,1,3
19110285,9,1,8
19110288,5,4,1
19110696,97,17,80
19111123,56,11,45
19111137,91,22,69
19111238,29,3,26
19111319,13,4,9
19111409,95,31,64
19112030,6,1,5
19112191,85,34,51
19112772,15,5,10
1911327,30,22,8
19113673,9,1,8
19113706,17,1,16
19114026,33,10,23
19114093,109,24,85
19115110,1,0,1
19115652,6,0,6
19115827,28,7,21
19116737,119,18,101
19116830,14,6,8
19117175,55,19,36
19117439,30,12,18
19117491,129,21,108
19117784,79,31,48
19117797,122,26,96
19117975,25,4,21
19118455,1,2,-1
19118471,4,1,3
19119014,108,38,70
19120519,144,24,120
19121032,26,11,15
19121116,88,41,47
19124709,23,9,14
19124784,28,6,22
19124833,61,10,51
19124948,5,2,3
19125250,20,8,12
19125629,6,2,4
19126407,291,106,185
19126468,93,24,69
19126969,75,20,55
19127624,177,23,154
19127698,396,61,335
19127955,48,12,36
19128242,3,1,2
19128716,2,1,1
19128756,7,5,2
19130066,6,1,5
19130115,38,11,27
19130370,4,0,4
19130438,40,13,27
19130859,159,18,141
19130863,129,16,113
19131349,9,2,7
19131528,95,27,68
19131562,118,67,51
19131730,195,29,166
1913181,32,11,21
19132058,236,40,196
19132101,8,2,6
19132451,3,0,3
19132509,141,57,84
19133108,118,27,91
19133115,7,0,7
19133344,93,24,69
19133700,4,0,4
19133786,99,19,80
19133992,218,100,118
19134561,25,9,16
19134591,36,7,29
19134730,2,2,0
19135003,7,0,7
19135171,22,7,15
19135227,20,2,18
19136052,402,106,296
19136740,94,43,51
19136747,29,6,23
19136801,64,14,50
19137000,1,2,-1
19139494,24,1,23
19139541,37,3,34
19139806,26,9,17
19140247,8,2,6
19140746,13,3,10
19142624,1,1,0
19143250,8,6,2
19148032,77,15,62
19148466,3,7,-4
19148619,15,2,13
19148876,82,23,59
19148905,17,14,3
19149513,0,2,-2
19149551,65,12,53
19149764,32,13,19
19149904,17,0,17
19150879,8,3,5
19150960,4,4,0
19151150,58,25,33
19151276,59,22,37
19151313,9,1,8
19151536,0,0,0
19151633,29,10,19
19152094,2,0,2
19152936,11,3,8
19153667,36,14,22
19153954,61,15,46
19154075,9,0,9
19154134,38,17,21
19154224,191,41,150
19154464,34,13,21
19154618,22,11,11
19154987,0,1,-1
19155156,216,49,167
19155267,154,48,106
19155268,145,23,122
19155401,54,11,43
19155443,6,3,3
19155492,51,15,36
19155551,197,79,118
19155619,12,2,10
19155827,179,45,134
19155870,18,13,5
19155975,82,15,67
19156500,89,29,60
19158320,19,11,8
19158543,231,46,185
19158799,14,0,14
19158945,46,25,21
19159014,240,75,165
19159065,9,4,5
19160053,3,3,0
19160223,9,2,7
19160603,0,0,0
19160669,2,1,1
19160995,63,22,41
19161088,5,2,3
19164325,50,28,22
1916436,11,5,6
1916597,3,2,1
19166135,70,14,56
19166428,222,38,184
19166698,8,0,8
19167389,17,9,8
19167833,8,2,6
19168245,108,42,66
19168788,19,6,13
19169211,54,7,47
19169275,41,23,18
1916940,27,13,14
19169557,2,1,1
19169708,14,6,8
19169770,27,3,24
19170692,1,1,0
19171269,240,37,203
19171335,17,5,12
19171388,18,1,17
19171455,148,31,117
19171469,242,56,186
19171690,24,3,21
19172044,12,6,6
19172133,68,13,55
19172241,192,41,151
19172599,75,53,22
19172785,62,26,36
19172973,149,33,116
19173126,19,3,16
19173157,44,9,35
19173255,7,8,-1
19173488,77,24,53
19173689,7,0,7
19174088,10,3,7
19174728,4,0,4
19175105,170,81,89
19176756,135,42,93
19177518,3,0,3
19177612,93,8,85
19177732,2,4,-2
19179163,6,1,5
19180521,53,9,44
19180590,106,23,83
19180952,48,8,40
19181048,68,16,52
19181097,49,11,38
19181151,23,21,2
19184381,251,95,156
19184968,32,16,16
19186373,65,10,55
19186515,1,0,1
19187297,13,5,8
19187475,5,0,5
1918751,97,21,76
19188325,211,83,128
1918833,11,0,11
19188903,2,0,2
19189045,17,1,16
19190142,176,18,158
19190157,22,1,21
19190373,71,22,49
19190444,97,49,48
19190685,3,1,2
19191112,15,11,4
19191132,200,71,129
19191875,1,1,0
19192055,76,15,61
19192340,11,0,11
1919337,306,100,206
19193468,68,29,39
19193606,11,5,6
19194397,57,28,29
19194494,27,19,8
19194652,1,0,1
19194830,1,0,1
19194962,127,32,95
19195802,296,47,249
19196368,53,15,38
19201732,4,2,2
19201778,15,7,8
19201857,18,4,14
19202073,29,6,23
19202742,2,3,-1
19202859,76,24,52
19202941,35,7,28
19203046,0,0,0
19203718,32,5,27
19203875,16,6,10
19203923,2,0,2
19204005,4,1,3
19204097,0,0,0
19204495,10,0,10
19205158,44,8,36
19205371,151,37,114
19205992,7,1,6
19206664,48,21,27
19206917,16,5,11
19207272,17,6,11
19207873,45,8,37
19207927,66,19,47
19208401,92,12,80
19208692,1,1,0
1920905,3,0,3
19209844,107,21,86
19209902,71,35,36
19210549,106,50,56
19210572,6,1,5
19211046,21,8,13
19211676,0,0,0
19211886,4,1,3
19213942,37,12,25
19215552,405,68,337
19216082,8,1,7
19216291,16,5,11
19216710,4,0,4
19217398,0,0,0
19217762,4,1,3
19218269,8,4,4
19218552,80,26,54
1921897,70,11,59
19219896,9,4,5
19221375,87,8,79
19221724,6,4,2
19222293,16,0,16
19222450,79,23,56
19222995,5,6,-1
19223089,86,11,75
19223424,122,20,102
19223543,51,19,32
19223664,21,8,13
19223848,2,2,0
19223957,0,0,0
19224051,2,0,2
19224413,9,2,7
19224635,91,45,46
19225081,0,1,-1
1922510,4,1,3
1922546,50,9,41
19225481,37,7,30
19225506,6,0,6
19225693,6,1,5
19225847,25,2,23
19226137,11,2,9
19226187,22,2,20
19226552,364,50,314
19227459,32,3,29
19230618,115,10,105
19234218,29,6,23
19234291,191,62,129
19234675,20,9,11
19234939,149,37,112
19234950,9,5,4
19235065,3,0,3
19235095,32,19,13
19235208,21,7,14
19235266,179,59,120
19235621,44,14,30
19235760,16,3,13
19236609,39,15,24
19237010,26,6,20
19237186,3,0,3
19237309,190,82,108
19238001,2,0,2
19238033,3,0,3
19238311,3,1,2
19238362,2,0,2
19238369,11,7,4
19238756,0,0,0
19238802,24,4,20
19240231,22,7,15
19240268,437,57,380
19240745,63,22,41
19241069,1,0,1
19241205,12,2,10
19241215,364,77,287
19241241,8,1,7
19241476,34,6,28
19241737,21,6,15
19241945,104,31,73
19242710,5,1,4
19243430,38,15,23
19243646,1,2,-1
19243680,6,1,5
19244010,12,0,12
19244251,13,0,13
19244799,69,34,35
19244861,5,0,5
19245009,9,1,8
19245069,22,8,14
19245265,30,7,23
19245332,127,76,51
19245353,13,4,9
19245572,5,1,4
19245649,79,38,41
19245764,276,75,201
19246134,39,24,15
19246262,7,3,4
19246280,155,71,84
19246390,9,1,8
19246652,3,2,1
19246653,37,20,17
19246674,0,0,0
19246995,14,1,13
19247644,3,1,2
19247803,33,5,28
19248219,205,42,163
19248360,21,6,15
19251389,7,6,1
19253001,72,22,50
19255332,101,22,79
19255639,134,46,88
19256315,2,0,2
19256335,52,5,47
19256875,76,6,70
19257327,13,2,11
19257348,43,9,34
19258508,6,0,6
19258620,18,5,13
19259311,12,2,10
19260518,12,1,11
19261259,7,0,7
19261471,54,36,18
1926208,443,174,269
19262114,38,9,29
19262158,77,24,53
19262983,2,0,2
19263163,50,19,31
19263449,24,11,13
19263738,153,51,102
19265008,3,0,3
19265009,6,4,2
19265710,92,17,75
19267044,43,14,29
19267106,97,22,75
19267452,3,0,3
19267597,44,5,39
19267975,1,1,0
19268356,78,22,56
19268587,32,9,23
1926865,229,85,144
19269105,11,1,10
19269203,301,79,222
19269270,0,0,0
19269680,8,1,7
19271013,139,33,106
19271996,13,8,5
1927444,23,5,18
1927450,464,108,356
1927518,77,36,41
19275749,128,30,98
19276513,30,14,16
1927706,156,57,99
19278085,9,5,4
19278252,127,35,92
19278407,60,19,41
19278445,50,18,32
19278449,609,92,517
19278974,0,0,0
19279749,146,47,99
19280126,45,4,41
19281210,43,16,27
19281370,160,60,100
19281703,1,1,0
19281800,34,14,20
19282493,8,1,7
19282562,52,22,30
19283280,4,0,4
19283905,80,17,63
19285150,135,40,95
19288364,33,11,22
19288680,40,11,29
19290023,22,9,13
19290725,6,0,6
19291250,63,27,36
19292091,57,11,46
19292571,5,2,3
19293756,8,0,8
19295409,0,0,0
19295457,141,47,94
1929995,140,41,99
19300789,4,1,3
19300941,1,0,1
19301761,5,1,4
19302342,59,31,28
19302436,28,8,20
19302783,69,39,30
19303277,234,46,188
19303733,68,31,37
19303751,81,51,30
19304752,142,52,90
19305750,63,12,51
19306397,12,0,12
19306570,132,36,96
19306957,114,11,103
19307641,38,6,32
19308474,24,5,19
1931057,58,15,43
1931088,10,11,-1
19310889,9,2,7
19310957,1,0,1
19311084,18,19,-1
19311423,49,32,17
19312219,8,4,4
19312346,63,9,54
19313648,3,2,1
19315129,129,32,97
1931582,52,6,46
19317076,0,1,-1
19320041,49,8,41
19320263,91,38,53
19320534,40,1,39
19323039,32,7,25
19323164,33,4,29
19324339,29,10,19
1932468,109,46,63
19325018,0,0,0
19325101,62,8,54
19325359,28,8,20
19325598,34,9,25
19325947,16,4,12
1932599,22,9,13
19326308,17,0,17
19326328,12,1,11
19327202,5,3,2
19327962,80,40,40
19327970,14,3,11
19328149,1,0,1
19328189,118,14,104
19329820,7,0,7
19329929,3,1,2
19330782,3,5,-2
19330936,15,4,11
19331642,33,10,23
19331692,13,4,9
19335963,2,1,1
19336718,1,1,0
19336767,20,4,16
19338992,68,5,63
19339099,3,0,3
19339388,58,11,47
19339389,0,0,0
19340234,30,6,24
19340518,46,13,33
19340557,2,0,2
19340643,24,1,23
1934083,297,77,220
19341661,5,2,3
19341842,42,11,31
19342257,8,1,7
19342537,49,9,40
19342945,22,8,14
19343040,66,31,35
19343815,9,5,4
19344435,559,89,470
19344615,60,11,49
19344915,3,2,1
19345123,92,21,71
19345239,27,2,25
19345266,435,99,336
19346484,11,1,10
19346735,14,1,13
19347203,0,0,0
1934780,242,48,194
19349560,7,8,-1
19350748,3,1,2
19351472,19,3,16
19352056,39,6,33
19352145,122,21,101
19352471,34,3,31
19353227,141,38,103
19353307,1,0,1
19353524,3,0,3
19353881,82,26,56
19353883,151,38,113
19354042,114,34,80
19354218,157,39,118
19354299,396,64,332
19355593,19,7,12
19355635,97,18,79
19355676,24,9,15
19355915,5,1,4
19357023,41,11,30
19357738,9,4,5
1935784,4,0,4
19358619,20,5,15
1935885,305,96,209
19359198,27,6,21
19359611,0,0,0
19361301,16,2,14
19361785,5,0,5
19362011,45,14,31
19362218,15,8,7
19362273,78,25,53
19362336,29,15,14
19363622,13,1,12
1936538,65,24,41
19367480,6,0,6
19368293,14,6,8
19368884,17,3,14
19368961,14,2,12
19369013,2,3,-1
19369067,21,6,15
19369931,25,8,17
19370148,76,26,50
19370774,84,25,59
19370825,30,15,15
19371757,258,62,196
19371920,3,0,3
19372189,3,5,-2
19372326,3,0,3
19372467,154,28,126
19372599,113,34,79
19372693,10,0,10
19372981,0,0,0
19373287,10,0,10
19373513,1,1,0
19374064,150,38,112
19374813,11,2,9
19374916,12,5,7
19374991,13,2,11
19375727,6,0,6
19375749,4,1,3
19375823,88,32,56
19375906,19,9,10
19376157,19,6,13
19376231,10,7,3
19377609,22,4,18
19378182,78,31,47
19378230,43,14,29
19378263,60,13,47
19378474,40,8,32
193794,478,117,361
19379504,86,47,39
19379529,186,43,143
19379737,8,3,5
19380016,23,3,20
19380178,66,32,34
19380484,89,8,81
19381482,24,3,21
19382356,89,20,69
19382732,56,20,36
19382749,39,14,25
19383406,65,11,54
19383824,16,2,14
19384687,44,14,30
19384860,89,32,57
19385352,114,59,55
19385459,260,61,199
19385627,14,0,14
19386009,8,0,8
19386093,14,6,8
19386100,16,7,9
19386750,22,4,18
19388219,11,2,9
19390793,5,1,4
19391073,29,9,20
19393578,109,19,90
19394389,3,1,2
19395866,41,4,37
19396155,8,0,8
19396713,8,1,7
19397242,75,33,42
19397576,25,4,21
19397763,40,24,16
19398410,47,14,33
19398961,19,9,10
19399623,103,35,68
19399848,1,0,1
19400296,3,2,1
1940177,19,0,19
1940243,30,13,17
1940310,80,11,69
19403660,6,1,5
19404009,17,5,12
19404114,149,60,89
19404126,4,2,2
19404693,112,39,73
19404708,153,47,106
19404854,162,56,106
19405265,124,33,91
19405328,22,10,12
19405682,143,73,70
19405858,84,26,58
19405975,110,39,71
19406084,0,0,0
1940824,29,9,20
19409046,7,1,6
19409482,0,1,-1
19409491,19,5,14
19409735,22,7,15
19410687,45,20,25
19410944,83,37,46
19411521,103,57,46
19411801,121,49,72
19412449,114,94,20
19412873,2,1,1
19413985,0,0,0
19414455,6,7,-1
1941845,108,39,69
19418508,4,0,4
19418817,10,2,8
19419343,33,26,7
19420413,98,44,54
19421092,1,1,0
19421514,8,3,5
19421600,15,3,12
19421692,32,10,22
19421795,27,12,15
19422091,12,0,12
19422218,34,27,7
19422605,5,2,3
19423680,63,19,44
19424407,3,0,3
19425255,205,34,171
19425722,7,0,7
19427516,12,1,11
19428516,24,9,15
19428912,39,17,22
19429596,24,15,9
19429911,16,1,15
19429955,66,22,44
19430698,5,0,5
19430737,292,50,242
19430959,9,1,8
19431211,29,4,25
19432525,53,22,31
19433434,40,8,32
19434515,7,7,0
19435774,6,3,3
19435845,2,0,2
19436122,8,3,5
19436164,72,20,52
19436284,49,20,29
19436522,107,27,80
19436549,36,11,25
19437013,117,35,82
19437644,17,4,13
19438190,142,21,121
1944067,110,41,69
19441596,17,3,14
19443194,5,2,3
19443484,18,10,8
19443601,101,13,88
19444422,7,7,0
19444729,94,26,68
19446226,7,1,6
19446259,26,7,19
19446504,14,4,10
19446881,140,58,82
19446933,7,5,2
19447850,4,0,4
19448004,5,5,0
19448330,9,1,8
19448502,135,27,108
19448808,4,0,4
19448866,8,3,5
19448868,12,1,11
19449930,4,0,4
19451959,55,5,50
19452425,16,3,13
19453247,49,12,37
19454189,5,2,3
19454442,7,2,5
19455376,107,30,77
19455388,706,97,609
19455677,0,0,0
19456046,58,26,32
19456221,82,57,25
19456538,44,5,39
19456826,1,0,1
19457307,60,20,40
19457447,28,8,20
19458358,141,39,102
19461478,98,39,59
19462166,14,5,9
19463164,497,78,419
19463372,60,13,47
19464176,152,26,126
19464345,3,2,1
19464451,18,6,12
19464569,48,15,33
19464965,7,1,6
19465153,187,61,126
19465608,95,34,61
19465690,17,3,14
19465875,146,51,95
19465916,69,34,35
19465946,2,1,1
19465986,86,32,54
19466039,6,1,5
19466142,153,68,85
194664,40,20,20
19466624,61,13,48
19467124,176,51,125
19467173,15,3,12
19467531,20,4,16
19467653,56,15,41
19467911,20,1,19
19468080,110,15,95
19468123,29,16,13
19469147,114,23,91
19470215,24,18,6
19470417,0,0,0
19470730,59,12,47
19470872,1,0,1
19471010,6,2,4
19471031,111,37,74
19471215,7,3,4
19471310,2,0,2
19471494,50,24,26
19471974,6,5,1
19472116,376,50,326
19472324,1,0,1
19472343,74,28,46
19472475,5,1,4
19474047,48,17,31
19474352,87,20,67
19474577,82,14,68
19474702,83,13,70
19474912,70,19,51
19476226,12,3,9
19476336,25,7,18
19478862,10,7,3
19479122,13,6,7
19479914,17,2,15
19481001,29,3,26
1948157,2,4,-2
19481925,79,9,70
1948199,174,46,128
19482049,0,0,0
19482183,112,49,63
19482779,19,17,2
19482789,119,54,65
19482882,34,7,27
19482891,78,43,35
19483092,48,14,34
19483383,9,8,1
19483596,77,21,56
19483907,152,26,126
19484080,117,24,93
19484084,83,20,63
19484161,18,7,11
19484251,1,0,1
19484658,3,1,2
19485300,47,7,40
19485482,143,30,113
19485644,9,3,6
19485798,1,0,1
19487174,11,1,10
19487200,148,27,121
19487372,1,0,1
1948750,329,81,248
19487572,48,6,42
19487707,42,18,24
19487921,64,20,44
19487983,59,12,47
19488286,40,1,39
19488783,9,7,2
1948905,50,12,38
19489308,0,0,0
19489352,6,1,5
19489517,12,0,12
19492726,45,5,40
19492969,4,0,4
19493887,13,4,9
19494545,26,5,21
19494578,17,1,16
19494835,135,24,111
19495011,45,6,39
19495033,18,2,16
19495394,8,3,5
19495460,68,11,57
19495539,2,1,1
19495686,286,52,234
19495963,2,0,2
19496152,114,16,98
19496211,34,6,28
19496625,1,2,-1
19496636,6,0,6
19496836,50,20,30
19497078,27,13,14
19497080,3,0,3
1949764,146,36,110
19498744,14,3,11
19498985,56,16,40
19499015,18,11,7
19499068,71,16,55
19499082,5,1,4
19499527,2,0,2
19499582,37,1,36
19499751,12,2,10
19499918,2,0,2
19500070,33,8,25
19500855,8,5,3
19501143,6,1,5
19501445,58,19,39
19501448,80,13,67
19502645,2,0,2
19502673,52,9,43
19502721,182,48,134
19502751,1,2,-1
19502951,23,5,18
19503311,450,55,395
19503696,99,22,77
19503878,3,1,2
19503944,5,1,4
19503967,311,39,272
19504325,11,2,9
19504798,83,14,69
19505479,63,26,37
19505554,11,3,8
19505605,93,28,65
19505749,8,2,6
19508985,10,1,9
19509515,198,37,161
19512471,20,3,17
19512819,16,8,8
19512961,41,7,34
19513004,2,0,2
19513454,78,32,46
19513521,35,15,20
19513588,178,29,149
19513680,39,9,30
19514147,97,36,61
19514278,6,4,2
19514378,5,4,1
19514475,58,23,35
19514679,75,41,34
19514735,40,19,21
19514844,10,6,4
19514905,3,0,3
19515110,18,7,11
19515743,17,1,16
19515802,69,20,49
19515814,20,1,19
19516454,42,6,36
19516459,2,0,2
19517238,5,0,5
19517736,1,0,1
19517899,55,20,35
19517961,5,1,4
1951947,258,79,179
19520842,4,1,3
1952145,313,70,243
19521965,8,1,7
19522443,53,17,36
1952245,47,10,37
19522550,71,29,42
19522589,86,22,64
19522940,126,35,91
19523139,5,2,3
19523211,4,0,4
1952348,25,17,8
19523870,225,29,196
1952445,58,20,38
19524469,2,1,1
19527248,0,1,-1
19527603,17,0,17
19527762,0,0,0
19527978,1,1,0
19528472,33,18,15
19528682,25,2,23
19528999,4,0,4
19529104,34,9,25
19529386,12,1,11
19530509,5,0,5
19531398,7,1,6
1953174,48,27,21
19535158,434,124,310
19537620,27,14,13
19537797,46,20,26
19537994,0,0,0
19538254,5,4,1
19538761,186,47,139
19538770,61,6,55
19538828,109,38,71
19538941,5,3,2
19539080,116,39,77
19539685,130,65,65
19539760,16,8,8
19540398,294,60,234
19540532,4,2,2
19540696,8,2,6
19540727,30,2,28
19540986,15,1,14
19542119,2,0,2
19542143,14,2,12
19542737,0,0,0
19544099,28,13,15
19544145,134,25,109
19544944,11,1,10
19545867,1,1,0
19545959,6,1,5
19546104,3,0,3
19546419,121,38,83
19547117,41,5,36
1954732,22,4,18
19548179,13,4,9
19548701,101,23,78
19548788,1,5,-4
19549111,5,0,5
19549550,64,16,48
19550487,76,51,25
19550494,63,22,41
19550861,3,0,3
19551071,38,8,30
19551455,15,4,11
19551508,13,0,13
19551555,69,23,46
19551778,0,0,0
19551781,17,0,17
19552326,7,2,5
19552858,36,12,24
19553000,156,75,81
19554002,2,0,2
19556201,8,1,7
19556740,3,1,2
19557335,74,8,66
19557712,8,4,4
19559332,64,19,45
19559445,10,3,7
19559579,29,13,16
19559828,21,7,14
19560055,3,0,3
19560214,44,21,23
19560506,31,6,25
19560554,5,0,5
19560669,179,25,154
19560889,403,116,287
19561182,10,4,6
19561993,135,58,77
19562176,65,13,52
19562388,60,13,47
19562745,27,5,22
19563268,11,2,9
19563400,31,15,16
19563417,4,1,3
19563442,6,0,6
19564017,81,59,22
19565688,87,19,68
19566394,75,27,48
19567227,53,11,42
19567860,108,10,98
19568465,0,0,0
19568546,14,3,11
19568921,2,1,1
19568980,27,8,19
19569244,8,5,3
19569694,6,1,5
19569856,12,7,5
19570268,117,40,77
19570363,2,1,1
19570638,0,0,0
19570903,6,1,5
19570973,211,79,132
19571071,10,3,7
19571410,79,41,38
19571442,42,10,32
19572042,59,6,53
19572609,1,0,1
19572962,60,17,43
19573125,0,0,0
19573212,16,2,14
19574335,2,0,2
19575755,11,3,8
19577005,86,29,57
19577729,4,6,-2
19578571,66,43,23
19578652,143,19,124
1957936,90,31,59
19579562,131,31,100
19579709,9,5,4
19580078,16,6,10
1958031,168,104,64
19580559,12,1,11
19580697,2,0,2
1958094,36,18,18
19581556,9,1,8
19581616,6,2,4
19582335,41,6,35
19582919,11,2,9
19582940,41,16,25
1958336,0,0,0
19583458,6,2,4
19583600,72,18,54
19583725,8,2,6
19583915,34,5,29
19584129,62,7,55
19585391,44,12,32
19585527,153,26,127
19586365,45,1,44
19586785,94,24,70
19586923,29,8,21
19587660,23,1,22
19587987,1,1,0
19588048,7,2,5
19588417,103,29,74
19588621,12,0,12
19588790,133,14,119
19588853,29,8,21
19589126,4,3,1
19589522,9,0,9
19589810,19,7,12
19589852,7,6,1
19590081,7,0,7
19590853,3,2,1
19591169,3,2,1
19591177,39,9,30
19591234,95,20,75
19591238,94,15,79
19591249,11,6,5
19592069,57,22,35
19592144,2,0,2
19594046,66,27,39
19596278,139,38,101
19596540,9,0,9
19597643,8,3,5
19598017,100,42,58
19599179,1,0,1
19599239,79,8,71
19599895,23,0,23
19600012,56,41,15
19600549,124,47,77
19600672,153,129,24
19600945,88,15,73
19601243,139,23,116
19601473,56,12,44
19602017,14,2,12
1960215,67,26,41
19602383,134,35,99
19602513,29,4,25
19602548,2,1,1
19603875,7,3,4
19604415,31,15,16
19604592,19,2,17
19604608,71,23,48
19604639,43,23,20
19604674,5,0,5
19605217,68,25,43
19605658,142,21,121
19606972,0,0,0
19607400,12,3,9
19607900,264,80,184
19608206,1,0,1
19608684,63,20,43
19609432,108,12,96
19609814,11,0,11
1961118,16,3,13
19612548,2,0,2
19613619,24,8,16
19613777,10,5,5
19614336,66,19,47
19614540,420,206,214
19614614,7,2,5
19614865,5,0,5
19615710,7,1,6
19615898,0,0,0
19616389,271,61,210
19617002,11,1,10
19617358,115,34,81
19617772,3,0,3
19617790,16,2,14
19618656,20,6,14
19618795,27,4,23
19618877,21,2,19
19619019,20,7,13
19619782,20,6,14
19619996,8,2,6
19620197,2,0,2
19620826,47,14,33
19620841,5,0,5
19621182,23,11,12
19621252,4,1,3
19621657,3,3,0
19621720,5,0,5
19622414,252,67,185
19623034,0,0,0
19623157,9,2,7
19623160,2,3,-1
19623708,1,1,0
19623880,124,15,109
19624310,46,11,35
19625155,63,16,47
19629140,75,36,39
19629632,22,2,20
19630341,61,8,53
19630722,42,6,36
19631200,7,6,1
19631245,1,0,1
19631384,188,45,143
19631654,0,1,-1
19631998,54,22,32
19632252,3,0,3
19632306,5,1,4
19633040,1,2,-1
19633229,40,14,26
19633355,0,0,0
19633473,95,20,75
19634775,84,18,66
19634788,103,11,92
19635028,50,9,41
19635078,41,9,32
19635277,114,53,61
19635293,16,2,14
19635447,6,0,6
19635648,26,5,21
19635767,17,6,11
19637468,4,0,4
19637575,129,25,104
19637638,52,34,18
19637667,22,4,18
19637910,44,10,34
19638097,40,23,17
19638442,1,0,1
19638483,244,40,204
19638545,98,36,62
19639389,8,5,3
19639756,242,43,199
19639965,35,11,24
19640131,16,2,14
19640492,1,1,0
1964074,144,67,77
19640817,106,48,58
19641114,67,17,50
19641606,1,1,0
19643688,0,0,0
19644480,76,23,53
19644552,236,39,197
19645515,182,37,145
19645736,6,3,3
19646354,2,0,2
19647088,84,37,47
19647158,204,112,92
19647199,6,1,5
19649122,0,0,0
19649161,53,30,23
19649256,2,1,1
19649515,15,1,14
19649527,78,32,46
19650095,0,0,0
19650420,47,18,29
19651321,1,0,1
19651406,15,1,14
19652040,1,0,1
19652132,74,7,67
19652161,20,3,17
19652721,38,8,30
19652836,141,38,103
19653208,20,7,13
19653373,6,2,4
19653793,34,6,28
19653882,11,0,11
19654324,16,8,8
19654572,0,1,-1
19654598,12,4,8
19654630,50,20,30
19654684,12,1,11
19654773,14,3,11
19655039,7,5,2
19655253,128,37,91
19655324,8,0,8
19655335,68,13,55
19655428,14,4,10
19655718,4,1,3
19655896,91,18,73
19655955,40,5,35
19656260,30,5,25
19656461,38,5,33
19656541,24,4,20
19656670,105,20,85
19656840,2,2,0
19657064,46,18,28
19657454,52,12,40
19657865,32,12,20
19657995,39,9,30
19658029,59,20,39
19658366,1,0,1
19658500,5,2,3
19659052,0,0,0
19659218,14,1,13
19659243,0,1,-1
19659293,89,27,62
19659714,2,1,1
19659895,14,5,9
19659907,106,9,97
19659966,5,2,3
1966044,12,9,3
19660535,0,0,0
19660777,44,19,25
19661170,7,0,7
19661992,79,48,31
19663272,12,2,10
19663408,5,1,4
19664482,52,7,45
19664619,13,2,11
19666582,47,3,44
19667767,3,1,2
19668058,68,37,31
19668364,82,34,48
19668500,6,2,4
19668662,12,3,9
19668724,71,26,45
19668839,3,2,1
19669218,26,5,21
19669356,112,53,59
19669617,2,1,1
19669677,24,4,20
19669681,270,44,226
19670002,62,11,51
19670135,18,2,16
19670656,43,11,32
19670926,131,15,116
1967132,8,10,-2
19671320,64,14,50
19672963,2,0,2
19673104,64,21,43
19673198,61,50,11
19673488,85,45,40
19674041,118,35,83
19674109,16,0,16
19674691,7,0,7
19674991,25,0,25
19675229,54,26,28
19675256,8,3,5
19675518,15,2,13
19675931,5,1,4
19676381,29,6,23
19676603,1,2,-1
19677043,13,3,10
19677796,2,1,1
19678615,8,1,7
19678801,18,10,8
19679441,33,10,23
19679586,1,3,-2
19679970,3,1,2
19680095,69,24,45
19680174,0,0,0
19680355,62,13,49
19680949,2,0,2
19681552,48,6,42
19681637,27,4,23
19683641,22,6,16
19685412,289,105,184
19685866,18,3,15
19685977,105,14,91
19686394,70,16,54
19686592,15,5,10
19686925,24,6,18
19687779,5,0,5
19688370,208,49,159
19688420,196,69,127
19688754,271,106,165
19689063,17,4,13
19689248,228,77,151
19689453,3,2,1
19689835,2,1,1
19690096,249,45,204
19690415,195,61,134
19691139,0,0,0
19691244,36,6,30
19691854,2,1,1
19691900,93,38,55
19692156,17,7,10
19692717,117,54,63
19693610,0,0,0
19693671,65,28,37
19693681,120,22,98
19693876,34,9,25
19694014,27,17,10
19694428,44,13,31
19695144,10,2,8
19696863,3,2,1
19697200,109,31,78
19697430,41,23,18
19697583,14,8,6
19698203,3,3,0
19698750,0,0,0
19699489,90,9,81
19699490,3,1,2
19699621,5,0,5
19699919,126,43,83
19700703,3,1,2
1970167,423,136,287
1970255,47,14,33
19703674,1,0,1
19705429,49,23,26
19705995,105,26,79
19706077,46,12,34
19706411,6,0,6
19706604,5,1,4
19706732,27,9,18
19707005,43,18,25
19707241,58,16,42
19707526,74,19,55
19708007,9,2,7
19708293,224,34,190
19708962,375,114,261
19709006,22,4,18
19709190,3,0,3
19709313,11,0,11
19710229,94,19,75
19710270,67,25,42
19710644,2,0,2
19711481,12,3,9
19711842,138,44,94
19712330,12,0,12
19712609,4,0,4
19713060,6,3,3
19713339,73,10,63
19713352,275,100,175
19713778,49,7,42
19713966,28,10,18
19714327,16,0,16
19714422,36,6,30
19714627,1,0,1
19714793,18,5,13
19714821,6,4,2
19714844,48,37,11
19715748,14,2,12
19716534,5,3,2
19716769,12,1,11
19716804,3,1,2
19717348,155,27,128
19717899,33,1,32
19718216,61,36,25
19718335,30,2,28
19719325,224,84,140
19722292,7,6,1
19723096,101,16,85
19723162,12,2,10
19723674,4,1,3
19724019,0,0,0
19724329,47,9,38
19724636,167,125,42
19725136,143,26,117
19725198,4,4,0
19725280,1,0,1
19725428,13,6,7
19726171,6,2,4
19726259,94,23,71
19726643,4,0,4
19726660,110,29,81
19727170,56,19,37
19727618,0,0,0
19727771,49,17,32
19727904,75,25,50
19728048,63,9,54
19728220,0,1,-1
19728761,77,18,59
19728771,0,0,0
19728894,14,5,9
19728976,71,15,56
19728997,0,0,0
19729428,35,6,29
1972966,17,1,16
19729661,54,27,27
19730074,3,1,2
19730342,16,5,11
19730607,3,0,3
19730636,45,17,28
19731511,66,16,50
19731677,28,9,19
19731706,3,2,1
19732319,35,13,22
19732798,108,39,69
19734074,73,22,51
19734308,3,0,3
19734540,2,0,2
19735040,4,0,4
1973506,430,109,321
1973625,18,9,9
19736341,165,36,129
1973901,304,44,260
19739903,22,9,13
19740774,44,12,32
19741774,2,3,-1
19742344,7,1,6
19742846,23,4,19
19743298,16,0,16
19743599,2,0,2
19744121,2,0,2
1974530,3,11,-8
19745502,21,8,13
19745662,6,1,5
19746010,3,0,3
19746655,2,0,2
1974688,53,20,33
19746884,12,3,9
19747291,208,20,188
19747323,0,0,0
19747405,1,1,0
19748025,2,2,0
19748627,8,0,8
19748745,34,13,21
19749006,4,4,0
19749360,112,29,83
19749694,3,1,2
19750028,82,53,29
19750530,101,22,79
19753589,45,10,35
19753893,289,41,248
19753982,38,3,35
19754115,13,3,10
19754542,1,1,0
19754647,24,17,7
19755480,49,27,22
19755562,7,2,5
19756375,278,72,206
19756453,0,0,0
19756770,22,0,22
19756792,136,48,88
19757247,43,2,41
19758792,4,0,4
19758801,14,1,13
19758841,0,0,0
1975892,38,20,18
19759408,68,15,53
19759452,5,2,3
19759654,14,1,13
19759929,3,0,3
19760441,20,5,15
19761474,17,7,10
19762869,4,0,4
19762978,0,0,0
19763087,301,45,256
19763432,34,11,23
19763551,3,0,3
19764006,7,1,6
19764214,135,27,108
19764845,3,1,2
19764869,32,10,22
19765727,12,3,9
19765793,34,4,30
19766123,4,1,3
19766177,13,10,3
19766381,49,14,35
19766454,4,2,2
19766595,35,8,27
1976670,49,24,25
19766841,6,2,4
19767050,36,4,32
19767471,4,2,2
19768043,5,2,3
19768673,59,19,40
19772234,55,17,38
19772381,93,30,63
19772859,95,52,43
19772896,11,1,10
19772999,1,0,1
19773143,10,4,6
19773176,67,10,57
19773656,6,2,4
19773717,20,1,19
19773891,5,0,5
19773941,6,4,2
19774033,79,13,66
19774260,62,24,38
19774851,184,35,149
19775661,103,50,53
19775854,362,91,271
19776668,77,27,50
19776912,25,13,12
19776924,3,0,3
19777253,104,29,75
19777270,169,65,104
19777405,305,32,273
19777434,102,31,71
19777928,33,15,18
19777974,72,35,37
19779524,3,3,0
19779847,44,11,33
19781065,155,46,109
19782236,5,0,5
19782297,290,100,190
19782781,40,14,26
19783357,0,0,0
19784441,21,2,19
19784760,68,22,46
19784945,3,2,1
19785707,52,12,40
19785823,21,5,16
19785896,24,10,14
19786181,4,0,4
19786322,36,18,18
19786527,2,0,2
19786739,6,3,3
19786909,29,13,16
19787421,49,8,41
19787438,0,0,0
1978773,246,90,156
19787992,22,3,19
19791933,4,2,2
1979307,14,6,8
19793076,53,19,34
19793593,12,0,12
19793812,1,1,0
19793926,12,2,10
19794021,22,6,16
19794638,1,2,-1
19794757,181,33,148
19794816,66,30,36
19794986,128,58,70
19795056,42,19,23
19795285,374,51,323
19795300,44,7,37
19795420,49,10,39
19795584,65,29,36
19795586,41,12,29
19795652,531,110,421
19795695,7,0,7
19796136,17,8,9
19796145,4,1,3
19796268,25,4,21
19796354,9,2,7
19796473,48,11,37
19796644,16,7,9
19796688,97,12,85
19796764,43,10,33
19796836,2,1,1
19797397,6,1,5
19798019,82,28,54
19798220,27,2,25
19798915,106,28,78
19799466,3,2,1
19799585,7,4,3
19799615,16,9,7
19799792,24,5,19
19800165,106,45,61
19800636,28,6,22
19800673,103,56,47
19800888,85,38,47
19801163,95,45,50
19801897,19,7,12
19802153,47,16,31
19802338,11,8,3
19802379,1,0,1
19802623,0,0,0
19803073,72,42,30
19803548,80,7,73
19803976,0,0,0
19804197,41,19,22
19804289,2,0,2
19804480,127,17,110
19804959,13,9,4
19805153,0,0,0
19805249,28,7,21
19805441,4,0,4
19805531,39,16,23
19805550,1,1,0
19805738,13,5,8
19806260,56,21,35
19806370,246,73,173
1980662,156,53,103
19806752,10,5,5
1980730,3,2,1
19807529,13,3,10
19808016,39,3,36
19808553,4,0,4
19809090,189,73,116
19809692,49,10,39
19810379,251,73,178
1981198,268,142,126
19812838,2,2,0
19813307,47,12,35
19814956,211,38,173
19815370,1,1,0
19815447,24,1,23
19815622,6,2,4
19815871,96,39,57
1981589,302,191,111
19815959,8,3,5
19816606,2,4,-2
19817010,95,41,54
19817235,110,51,59
19817397,149,24,125
19817588,102,34,68
19817699,0,1,-1
19817742,22,5,17
19817933,84,33,51
19818432,91,31,60
19818711,10,3,7
19818773,66,31,35
19818863,6,0,6
19819129,283,70,213
19819233,8,3,5
19819423,14,3,11
19819548,31,1,30
19819730,240,47,193
19819790,14,5,9
19820433,85,54,31
19820870,34,21,13
19821097,250,48,202
19821242,0,0,0
19821781,10,2,8
19822779,5,0,5
19823348,6,0,6
19823827,2,0,2
19823917,2,0,2
19824217,7,0,7
19825201,6,2,4
198258,89,19,70
19825807,1,0,1
19826726,153,37,116
1982733,26,9,17
198279,547,123,424
19828167,16,7,9
19828274,0,0,0
19828335,2,0,2
19829014,225,30,195
19829851,237,51,186
1983179,1,0,1
1983382,13,0,13
19833866,61,17,44
19833894,117,40,77
19834669,109,31,78
19835443,50,13,37
19835554,172,46,126
19835568,36,12,24
19835664,1,0,1
19835683,76,12,64
19835704,6,0,6
19836842,6,1,5
19837205,21,4,17
19837384,3,0,3
19837486,14,2,12
19837518,41,5,36
19837529,0,0,0
19837673,5,0,5
19837905,1,2,-1
19838138,31,19,12
19838271,13,11,2
19838649,8,5,3
19839056,27,15,12
19839070,2,0,2
19839492,36,5,31
19839502,127,46,81
19839783,136,41,95
19840074,39,30,9
19840316,29,5,24
19840402,103,13,90
19840543,63,22,41
19840680,12,2,10
19840848,41,16,25
19841056,5,1,4
1984141,25,19,6
19841428,13,3,10
19841650,5,1,4
19841820,17,2,15
19842222,203,47,156
19842231,95,18,77
19842403,180,60,120
19842638,452,96,356
19842778,116,19,97
19843104,7,1,6
19843185,46,31,15
19843631,0,0,0
19843638,9,5,4
19843876,55,19,36
19843901,6,1,5
1984492,19,8,11
19845906,350,88,262
19845946,115,32,83
19845949,16,2,14
19847309,11,5,6
19849314,1,1,0
19849993,9,3,6
19850186,57,21,36
19850306,6,3,3
19851126,43,11,32
19851253,31,6,25
19851801,58,30,28
19852061,26,11,15
19852221,127,36,91
19853027,1,0,1
19853119,20,5,15
19853187,0,0,0
19853597,48,16,32
19854394,6,5,1
19854833,11,12,-1
19855331,4,1,3
19855563,0,1,-1
19855878,190,102,88
1985591,13,4,9
19855912,3,0,3
1985593,1001,280,721
19856209,13,0,13
19856366,25,7,18
19856507,98,28,70
19856657,94,28,66
19857074,91,19,72
19857283,7,2,5
19857331,19,5,14
19857447,156,95,61
19857956,18,3,15
19858314,3,0,3
19858970,56,24,32
19859361,0,0,0
19859500,3,3,0
19859548,64,11,53
19859641,9,9,0
19860247,7,3,4
19861314,80,15,65
19861435,132,24,108
19861623,63,12,51
19861649,29,5,24
19861813,83,49,34
19861866,4,1,3
19862316,20,5,15
19862596,8,1,7
19862800,2,1,1
19863158,105,37,68
19863787,68,20,48
19865487,6,3,3
19866721,15,0,15
19866893,2,0,2
19867001,10,0,10
1986728,181,95,86
19868239,15,5,10
19868542,31,7,24
19868702,86,38,48
19869493,1,0,1
19870122,10,0,10
19870311,18,3,15
19870915,33,10,23
19871102,5,0,5
19871142,15,3,12
19871215,6,2,4
19871457,10,3,7
19871584,40,5,35
19872024,93,41,52
19872741,6,6,0
19873381,358,69,289
19875078,35,12,23
19875148,29,19,10
19875199,1,0,1
19875556,47,22,25
1987573,7,7,0
19875913,100,31,69
19876225,1,0,1
19876374,13,1,12
19876507,14,8,6
19876637,19,5,14
198771,291,92,199
1987856,33,8,25
19881100,288,66,222
19881285,73,22,51
19881491,24,5,19
19881646,8,1,7
19881743,83,26,57
19881825,22,4,18
19882062,0,0,0
1988211,2,1,1
19882152,0,0,0
19882795,59,7,52
19882839,0,0,0
19883754,44,10,34
19883804,66,19,47
19883973,49,15,34
19884435,133,18,115
19884687,8,1,7
19884863,85,30,55
19884874,70,19,51
1988499,310,139,171
19885222,16,4,12
19885227,65,9,56
19885714,90,70,20
19886569,33,11,22
19886585,183,23,160
19886621,5,2,3
19887063,4,3,1
19887397,27,10,17
19888627,40,8,32
19888637,100,31,69
19889129,31,3,28
19889586,27,9,18
19889648,8,1,7
19890182,20,5,15
19890503,6,2,4
19890863,15,5,10
19891066,15,3,12
19891078,30,3,27
19891152,76,13,63
19891522,22,3,19
19891626,92,6,86
19891832,21,8,13
19895633,133,20,113
19895685,20,5,15
19896186,0,0,0
19897648,71,20,51
1989781,465,124,341
19897924,3,2,1
19897952,29,13,16
19898002,15,3,12
19898311,3,1,2
19898691,46,13,33
19898802,3,1,2
19898911,19,7,12
19899014,27,8,19
19899092,17,5,12
19899204,0,0,0
19899573,4,0,4
19899579,47,16,31
19899764,5,0,5
19899928,90,30,60
19900509,21,17,4
19900537,17,4,13
19900871,52,11,41
19901592,98,17,81
19901992,1,0,1
19902160,1,1,0
19902711,1,0,1
19903006,4,2,2
19903629,82,22,60
19904714,15,7,8
19904949,57,13,44
19905132,35,12,23
1990616,287,47,240
19907314,33,15,18
19907382,146,42,104
19907457,120,15,105
19907832,6,0,6
19908059,111,21,90
19908114,54,19,35
19908139,14,5,9
19908874,19,5,14
19909112,3,0,3
19909198,8,2,6
19909404,104,19,85
19909410,6,4,2
19909509,5,4,1
19910039,65,7,58
19910477,9,3,6
19910575,271,88,183
19910761,47,4,43
19911911,60,34,26
19917028,101,30,71
19917159,1,0,1
19917181,10,2,8
19919111,5,0,5
19919307,54,34,20
19919348,6,0,6
19919431,8,1,7
19919528,12,3,9
19919631,39,11,28
19919634,117,66,51
19919733,16,8,8
19919758,91,28,63
19920068,82,42,40
19920402,18,6,12
19920441,282,55,227
19920688,83,23,60
19921183,113,52,61
19921356,99,32,67
19921358,5,2,3
19921760,6,1,5
19922619,102,21,81
19922851,63,24,39
19923679,6,0,6
19923731,2,0,2
19923993,19,9,10
19924043,102,36,66
1992428,4,3,1
19924551,0,0,0
19924697,1,0,1
19924757,1,0,1
19925171,66,24,42
19925702,110,20,90
19925960,5,3,2
19926109,31,10,21
19927408,29,14,15
19927950,40,6,34
19928099,102,35,67
19928133,5,2,3
19928722,8,0,8
19928998,355,62,293
19929111,3,0,3
19929150,77,23,54
19929154,3,1,2
19929424,84,18,66
19930294,43,18,25
19930773,3,0,3
19930859,62,14,48
1993118,30,7,23
19934678,178,32,146
1993505,52,24,28
19935201,77,31,46
19935527,1,0,1
19935788,96,15,81
19937138,37,15,22
19937587,5,0,5
19937910,32,9,23
1993830,46,16,30
19938428,11,2,9
19938485,0,0,0
19938503,44,10,34
19938782,22,0,22
19938800,35,9,26
19938815,41,11,30
19939212,3,0,3
19939284,28,6,22
19939639,118,27,91
19940420,11,3,8
19940423,39,17,22
19940475,22,13,9
19940517,19,5,14
19940572,5,7,-2
19940808,1,1,0
19941061,2,1,1
19941110,111,9,102
19941478,19,13,6
19941510,4,5,-1
19941522,121,22,99
1994211,34,12,22
19942303,9,5,4
19942502,70,27,43
19942549,1,0,1
19942811,0,1,-1
19943416,6,2,4
19943880,176,80,96
19944005,6,0,6
19944520,1,0,1
19944551,32,8,24
19945064,23,1,22
19945065,18,5,13
19945067,27,14,13
19945068,14,1,13
19945070,2,0,2
19945938,42,10,32
19946554,279,56,223
19947542,4,1,3
19949010,4,4,0
19949707,61,13,48
19950102,108,19,89
19950116,4,0,4
19950535,1,0,1
19950764,0,0,0
1995220,4,1,3
19952693,6,2,4
19954433,21,2,19
19954803,75,28,47
19955016,6,0,6
19955089,90,38,52
19955292,28,7,21
19955870,12,16,-4
19956373,102,18,84
19956407,2,0,2
19956474,113,8,105
19957218,8,3,5
19957669,1,2,-1
19957686,15,2,13
19958040,22,5,17
19958211,28,6,22
19958362,91,22,69
19958395,9,2,7
19958419,48,6,42
19958734,19,4,15
19958749,100,30,70
19958812,27,8,19
19958899,31,0,31
19958948,91,32,59
19959045,221,48,173
19959081,4,0,4
19959480,101,46,55
19959668,29,9,20
19959677,92,25,67
19959749,27,13,14
19960038,58,25,33
19960084,83,15,68
19960102,0,0,0
19960296,4,0,4
19960317,85,20,65
19960458,42,21,21
19960601,44,9,35
19960646,2,0,2
19961436,58,14,44
19962547,238,52,186
19963254,3,1,2
19963416,38,23,15
19963810,8,6,2
19964089,5,1,4
19964297,33,20,13
19965084,231,56,175
19965230,50,9,41
19965357,0,0,0
199658,665,273,392
19966424,59,14,45
19966860,20,12,8
19966904,64,11,53
19967239,3,0,3
19967408,3,0,3
19967910,36,8,28
19968178,5,0,5
19968492,0,0,0
19968548,13,4,9
19968804,304,98,206
19969874,26,7,19
19972426,14,5,9
19972992,13,1,12
19974060,117,65,52
19974077,7,0,7
19974293,84,28,56
19974387,0,0,0
19974657,89,20,69
19974658,86,20,66
19974812,90,45,45
19974877,4,0,4
19975755,125,36,89
19975895,3,0,3
19976660,139,39,100
19976712,0,0,0
19976882,9,0,9
19976913,6,1,5
19976936,1,1,0
19976993,98,20,78
19977107,12,0,12
19977412,17,4,13
19977500,100,32,68
19977611,33,13,20
19977938,226,89,137
19978372,122,44,78
19978691,105,50,55
19978748,108,49,59
19978952,112,37,75
19979266,20,5,15
19979838,13,0,13
19980720,30,7,23
19980752,101,42,59
19981197,62,12,50
19981313,32,8,24
19981367,119,47,72
19982120,31,11,20
19982173,11,2,9
19982634,12,1,11
19983480,103,34,69
19983499,27,5,22
19984048,4,1,3
19984380,2,1,1
19984441,197,61,136
19984723,128,35,93
19985034,11,0,11
19985082,3,3,0
19985736,4,0,4
19986265,6,0,6
19988523,3,1,2
19988948,0,0,0
19989161,55,15,40
19989383,27,11,16
19989910,101,48,53
19990194,8,1,7
19990315,103,34,69
19990443,7,0,7
19990510,133,64,69
19990520,77,39,38
19990581,9,0,9
19990822,132,40,92
19990874,145,28,117
19990983,145,25,120
19991049,3,5,-2
19991137,60,22,38
19991301,1,0,1
19991333,127,67,60
19991477,1,0,1
19991610,4,1,3
19991673,17,10,7
19991748,29,6,23
19991934,131,55,76
19991959,0,0,0
19992328,1,0,1
19992595,109,39,70
19993351,23,6,17
19993381,24,9,15
19993459,5,3,2
19993832,132,44,88
19994175,18,8,10
19994696,13,2,11
19994703,3,0,3
19994745,58,21,37
19994874,211,96,115
19994892,11,0,11
19995193,172,52,120
19995339,109,46,63
19995526,120,56,64
19996010,128,40,88
19996269,1,1,0
19997070,0,0,0
19999217,118,29,89
19999537,4,1,3
20000188,1,0,1
2000196,50,34,16
20002844,20,11,9
20002988,3,5,-2
20003094,128,59,69
20003848,32,18,14
20004076,2,0,2
20004091,81,32,49
20004265,0,0,0
20004298,2,1,1
20004380,4,1,3
20004509,1,2,-1
20005121,4,0,4
20005418,5,0,5
20005481,30,7,23
20005636,1,1,0
20005957,7,2,5
20005991,3,1,2
20006237,4,0,4
20006299,28,7,21
20007502,7,4,3
20007509,98,29,69
20008046,59,8,51
20008065,24,11,13
20008315,0,0,0
20008440,11,8,3
20008739,69,22,47
20008862,117,45,72
20009078,5,0,5
20009388,3,1,2
20009431,58,24,34
20009714,3,0,3
20010311,36,27,9
20010577,124,47,77
20010779,139,66,73
20010959,91,49,42
20011161,97,44,53
20011347,108,65,43
20012388,127,24,103
20012724,54,13,41
20012733,136,55,81
20012808,2,1,1
20014287,1,1,0
20014623,2,0,2
20014961,1,0,1
20014976,0,0,0
2001690,12,4,8
20017665,1,0,1
20017884,1,0,1
20019048,87,28,59
20019163,2,1,1
20020170,24,3,21
20021350,3,0,3
20021454,22,14,8
20022376,21,10,11
20022481,4,1,3
20023255,36,7,29
20023349,7,0,7
20023909,4,0,4
20024016,2,1,1
20024189,11,4,7
20024244,14,4,10
20024436,17,3,14
20024447,60,22,38
20025319,4,2,2
20025409,6,4,2
20026517,13,2,11
20026766,120,68,52
20026819,111,51,60
20026860,14,2,12
20026877,10,2,8
2002712,222,62,160
20027397,163,54,109
20027551,9,2,7
20027638,313,70,243
20027962,12,1,11
20028030,19,11,8
20028178,1,0,1
2002837,10,4,6
20029439,3,0,3
2003011,197,84,113
20031771,7,1,6
20032080,16,3,13
20032194,13,3,10
20033480,10,4,6
20033773,2,1,1
20034032,66,28,38
20034557,73,28,45
20035996,2,1,1
20039064,5,0,5
20039295,43,14,29
20041471,0,1,-1
20041491,1,1,0
2004214,58,26,32
20042320,51,10,41
20042358,5,2,3
20042366,32,13,19
20042485,124,33,91
20042782,8,1,7
20043249,61,13,48
20044262,8,2,6
20044316,20,7,13
20044440,125,13,112
20044900,4,0,4
20045259,6,2,4
20045645,1,0,1
20045928,86,30,56
20045932,153,10,143
20046121,99,48,51
20046541,8,2,6
20046551,5,2,3
20046581,64,13,51
20047200,0,0,0
20047912,3,1,2
20048266,95,50,45
20048930,1,0,1
20048961,18,4,14
20049690,42,8,34
20050199,3,0,3
20050585,17,5,12
20051583,22,4,18
20051612,64,5,59
20051987,14,0,14
20052257,61,23,38
20052583,44,14,30
20052737,7,1,6
20053087,66,14,52
20053465,65,17,48
20053655,75,16,59
20053834,6,1,5
20054075,28,9,19
20054208,0,1,-1
20054230,24,4,20
20054632,49,8,41
20055108,6,1,5
20055132,0,1,-1
20055441,7,0,7
20055681,7,8,-1
20056033,4,1,3
20058881,62,13,49
2005979,14,4,10
20060021,3,1,2
20060385,17,4,13
20060630,6,1,5
20060758,80,34,46
20060811,51,34,17
20061267,62,16,46
20061367,214,79,135
20061578,33,12,21
20062100,11,1,10
2006215,59,10,49
20062767,35,12,23
20063296,2,0,2
20063303,42,12,30
20064323,27,6,21
20064368,3,2,1
20065097,162,48,114
20065227,105,34,71
20065337,8,2,6
20065535,2,6,-4
20066052,30,5,25
20066736,8,5,3
20067005,79,16,63
20067319,26,8,18
20067371,18,7,11
20067691,416,78,338
20067949,4,2,2
20068060,1,2,-1
20068331,94,21,73
20068402,12,5,7
20068866,6,1,5
20069189,11,4,7
20069501,6,3,3
20069801,4,3,1
2007051,337,118,219
2007059,10,2,8
20070870,0,0,0
20071306,74,22,52
20071653,126,49,77
20071920,23,10,13
20072172,213,52,161
20073099,4,0,4
20073737,4,0,4
20076229,21,6,15
20076237,8,1,7
20076727,3,0,3
20076729,12,4,8
20076735,13,5,8
20076738,38,8,30
20076744,56,17,39
20076749,19,21,-2
20076757,14,2,12
20076762,46,7,39
20076766,58,12,46
20076769,5,1,4
20076775,9,1,8
20077640,15,2,13
20079695,0,0,0
20080395,33,3,30
20080564,47,14,33
20080795,277,66,211
20080857,12,0,12
20080892,9,2,7
20081194,52,17,35
20081340,69,12,57
20081741,5,0,5
20081827,34,17,17
20082161,65,6,59
20082847,171,68,103
20083940,45,12,33
20085073,20,3,17
20085704,4,3,1
20086530,4,1,3
20086608,0,3,-3
20086624,14,6,8
20087344,11,6,5
20087692,12,6,6
20087779,2,1,1
20087870,42,17,25
20088154,0,0,0
20088156,13,2,11
20088532,97,36,61
20088635,5,1,4
20088644,12,2,10
20089531,20,2,18
20089953,5,1,4
20090101,11,1,10
20090931,37,14,23
20091009,6,2,4
20091093,65,24,41
20091249,217,49,168
20091820,17,5,12
20093488,31,5,26
20093628,31,14,17
2009513,43,33,10
20096578,7,0,7
2009703,91,25,66
20097189,0,0,0
20097760,39,13,26
20097815,106,37,69
20098244,7,0,7
2009846,2,0,2
20101452,43,21,22
20102494,16,8,8
20104023,234,80,154
20108420,27,15,12
2010984,1003,302,701
20110218,9,1,8
20110920,4,1,3
20111050,5,1,4
20111144,1,0,1
20111234,88,44,44
20111327,5,0,5
2011165,11,0,11
2011231,14,4,10
20113749,13,2,11
2011406,159,52,107
20114640,5,1,4
20115333,43,14,29
20115554,14,7,7
20115693,9,1,8
2011575,17,2,15
20115795,20,2,18
20116086,1,0,1
20116261,4,0,4
20116804,0,0,0
20117895,0,0,0
20117945,9,0,9
20118168,2,0,2
20118626,0,1,-1
20119101,7,1,6
20119883,176,34,142
20120155,60,35,25
20120250,2,3,-1
20120653,29,12,17
20121772,18,1,17
20124269,29,14,15
20124760,0,0,0
20126333,60,16,44
20127772,0,0,0
20127799,133,71,62
20128457,82,19,63
20128700,48,17,31
20128875,6,2,4
20129292,9,2,7
20130031,139,29,110
20131486,31,14,17
20131684,8,5,3
20132396,167,56,111
20132933,0,0,0
20132946,5,1,4
20133145,2,1,1
20133183,0,0,0
20133412,7,2,5
20133552,19,9,10
20133829,336,159,177
2013415,17,7,10
20134594,23,2,21
20135116,21,15,6
20135134,1,2,-1
20135435,30,7,23
20135475,7,0,7
20135563,28,2,26
20135600,36,6,30
20135999,3,0,3
20136054,20,8,12
20136396,10,1,9
20136660,14,4,10
20136946,11,3,8
20137265,17,8,9
20137408,0,0,0
20137584,4,1,3
2014118,21,13,8
20141595,4,1,3
20141691,15,8,7
20142042,139,44,95
20142261,10,14,-4
20142740,7,2,5
20142800,6,0,6
20142976,35,5,30
20143479,160,23,137
20143649,6,1,5
20144462,3,1,2
20144539,28,8,20
20144603,35,15,20
20144799,47,7,40
20145334,12,1,11
20145683,78,28,50
20145904,140,21,119
20146150,12,2,10
20146692,106,8,98
20147864,50,17,33
20148021,5,1,4
20148074,0,0,0
20149152,101,33,68
20149297,86,12,74
20149495,594,88,506
20149555,182,23,159
20149891,111,16,95
20150508,2,0,2
20150516,31,4,27
20150896,30,19,11
20151161,71,38,33
20151538,44,17,27
20151561,4,2,2
20151752,35,20,15
20152189,2,0,2
20152339,134,36,98
20152391,173,40,133
20152440,13,6,7
20152662,9,2,7
20152693,26,6,20
20153026,221,52,169
20153274,177,55,122
20153445,203,49,154
20153579,188,69,119
20154843,85,19,66
20157423,39,5,34
20157585,100,20,80
20159243,2,0,2
20159886,7,1,6
20160973,22,7,15
20161044,216,78,138
20161363,167,53,114
2016138,372,137,235
20161391,27,14,13
20162226,37,3,34
20162405,0,0,0
20162681,1,3,-2
20163410,19,2,17
20163731,155,18,137
20163843,26,16,10
20163887,14,2,12
20164098,17,8,9
20164185,50,11,39
20164432,162,18,144
20164531,85,15,70
20164603,199,26,173
20164768,44,4,40
20165248,281,50,231
20165415,6,4,2
20165915,2,2,0
20166129,12,3,9
20166965,102,23,79
20167376,6,0,6
20167589,5,0,5
20167835,16,6,10
20168071,101,27,74
20168141,2,0,2
20168402,3,0,3
20168685,63,20,43
20168797,2,1,1
20169067,2,1,1
20170230,2,0,2
20170351,11,7,4
20170556,5,1,4
20170858,21,1,20
20171748,48,11,37
20172013,9,4,5
20172221,4,2,2
20172672,25,8,17
20173041,3,1,2
20173484,115,16,99
20174549,102,49,53
20176682,9,1,8
20178280,1,4,-3
20178900,22,17,5
20179737,14,10,4
20179921,74,24,50
20180270,40,12,28
20180858,44,9,35
20180970,9,2,7
20181198,94,21,73
20181331,78,31,47
20181368,154,110,44
20181592,10,8,2
20181986,15,3,12
20182493,67,18,49
20182609,125,39,86
20183784,109,43,66
20183800,50,12,38
2018382,34,8,26
20185825,7,3,4
20186317,0,1,-1
20186982,6,2,4
20187197,5,3,2
20187599,6,1,5
20188595,4,3,1
20189327,1,0,1
2018980,5,2,3
20190088,123,21,102
20190333,4,2,2
20190869,42,11,31
20191319,104,20,84
20191340,17,1,16
20191474,21,12,9
20192341,5,1,4
20192357,60,12,48
20192551,3,2,1
20192929,25,2,23
20193174,0,0,0
20194118,7,2,5
2019637,9,0,9
20198640,2,1,1
20198737,71,25,46
20198949,10,6,4
20198956,1,1,0
20199726,57,15,42
20200053,7,5,2
20200196,9,6,3
20200877,95,30,65
20200923,13,3,10
20201072,16,7,9
20201683,2,1,1
20201731,116,22,94
20201798,96,36,60
20202099,136,24,112
20202106,50,9,41
20202370,25,7,18
20202909,41,19,22
2020293,62,21,41
20203164,5,4,1
20203166,13,2,11
20203476,34,6,28
2020348,227,109,118
20203625,16,3,13
20203889,47,17,30
20203962,2,0,2
20204138,91,9,82
20204242,93,32,61
20204251,46,5,41
20204383,210,42,168
20204547,96,26,70
20205190,84,34,50
20205360,16,3,13
20205786,47,20,27
20205810,153,27,126
20205993,41,11,30
20206393,101,7,94
20206427,4,1,3
20206437,38,10,28
20206871,22,4,18
20206937,14,1,13
20207137,10,2,8
20207512,4,4,0
20207785,14,3,11
20208002,4,0,4
20208210,41,16,25
20208721,52,15,37
20209231,0,0,0
20209326,13,10,3
2021039,27,8,19
20211095,1,1,0
20211672,19,5,14
20211772,23,3,20
20212324,7,0,7
20212480,16,8,8
20212948,5,2,3
2021361,362,114,248
20214645,2,0,2
2021621,16,1,15
20219197,16,3,13
20219571,0,0,0
20219907,0,1,-1
20220281,330,56,274
20220509,1,1,0
20220567,12,5,7
20220665,0,0,0
20220775,47,25,22
20221682,23,4,19
20221961,9,10,-1
20221996,2,2,0
20222019,13,11,2
20222059,13,8,5
20222361,16,1,15
20222896,321,47,274
20223333,22,4,18
20223438,93,8,85
20223450,3,0,3
20224015,168,69,99
20224583,92,23,69
20224806,113,27,86
20225171,26,4,22
20225320,173,26,147
20225817,58,9,49
20225828,11,0,11
20226660,79,44,35
20226864,48,19,29
20227313,6,2,4
20227662,159,84,75
20227725,111,44,67
20228958,97,22,75
20229073,51,17,34
20229919,22,8,14
20230132,129,41,88
20230215,160,62,98
20230398,78,10,68
20231170,0,0,0
20231217,138,35,103
20231859,28,7,21
20232056,53,11,42
20232084,102,19,83
20232177,196,71,125
20232216,77,21,56
20232282,73,39,34
20232757,3,1,2
20232866,2,1,1
20232873,67,23,44
20233067,26,10,16
20233132,5,2,3
20235509,8,5,3
20237473,188,101,87
20237727,10,1,9
20237750,148,57,91
20237895,13,3,10
20238605,43,16,27
20238612,43,9,34
20239522,82,25,57
20240088,123,20,103
20240334,3,0,3
2024046,314,154,160
20240547,2,2,0
20241180,16,3,13
20241421,22,8,14
20242192,18,2,16
202422,132,42,90
20242348,43,12,31
20242710,43,7,36
20243731,110,12,98
20244125,87,20,67
20244146,1,0,1
20244881,48,6,42
20245474,2,0,2
20247064,21,3,18
20249633,36,8,28
20249913,142,49,93
20250839,40,10,30
20252673,18,3,15
20253432,6,0,6
20253589,1,1,0
20253625,80,40,40
20254197,101,11,90
20254436,89,36,53
20254596,73,25,48
20254611,1,1,0
20256005,2,0,2
20256185,82,27,55
20256465,64,7,57
20258214,75,14,61
20258223,95,11,84
2025844,1190,477,713
20258933,2,0,2
20259446,69,16,53
20260153,268,38,230
20261498,12,4,8
20261680,67,19,48
20261963,9,1,8
20262554,1,0,1
20263614,6,1,5
20263713,9,2,7
20263852,111,17,94
20264394,14,4,10
20264430,497,73,424
20264866,7,2,5
20265049,14,4,10
20265411,4,1,3
20265773,35,12,23
20266570,64,15,49
20266687,190,65,125
20266962,31,7,24
20267456,90,28,62
20268548,32,9,23
20268888,3,1,2
20268936,65,18,47
20269134,64,19,45
20269870,10,7,3
2027129,64,18,46
20273465,8,3,5
20273711,4,1,3
20273921,1,2,-1
20274104,2,0,2
20274234,2,2,0
20274270,57,18,39
20274393,21,3,18
20274418,27,2,25
20274559,29,7,22
20274591,139,61,78
2027478,38,3,35
20274787,3,2,1
20274822,310,77,233
20276564,6,0,6
20277285,77,21,56
20277752,21,3,18
20277755,15,3,12
20277942,3,0,3
20277958,91,43,48
20278161,106,17,89
20278695,0,0,0
20278738,76,19,57
20278888,21,14,7
20278899,80,44,36
20280011,29,5,24
20280064,7,2,5
20280754,3,2,1
20281251,71,22,49
20281608,37,12,25
20282053,168,53,115
20282069,221,34,187
20282255,16,3,13
20283424,2,1,1
20289688,7,0,7
20290154,69,17,52
20291692,5,1,4
20292314,8,1,7
20292421,12,2,10
20292623,4,3,1
20293186,481,78,403
20293297,10,4,6
20293481,70,17,53
20294138,20,7,13
20294265,36,19,17
20294299,18,18,0
20295069,37,5,32
20296600,33,14,19
20296839,3,2,1
20298066,88,31,57
20298321,32,15,17
20298323,58,22,36
20298795,35,3,32
20300921,23,8,15
20301087,69,31,38
20301718,10,0,10
20302378,0,0,0
20302598,96,14,82
20302763,161,24,137
20303230,252,37,215
20303301,87,29,58
20304259,188,23,165
20304928,19,5,14
20305717,17,0,17
20305791,5,1,4
20305863,31,7,24
20306150,2,1,1
20306313,13,1,12
20308011,51,15,36
20308178,15,4,11
20310559,7,4,3
20311806,6,1,5
20312571,23,4,19
20313341,125,19,106
20314069,124,29,95
20314426,20,0,20
20314490,1,0,1
20314696,63,23,40
20314699,4,0,4
20314706,199,46,153
20314812,1,0,1
20315507,112,27,85
20315533,205,101,104
20316218,7,5,2
203163,273,78,195
20317606,8,2,6
20317648,19,5,14
20317718,58,29,29
20318066,3,0,3
20318104,33,1,32
20319116,0,0,0
20319449,18,5,13
20319576,95,32,63
20319795,184,25,159
20319896,139,99,40
20321690,25,9,16
20321709,5,0,5
20322391,51,22,29
20322521,3,0,3
20324723,44,19,25
20324996,2,2,0
20325254,31,10,21
20325976,82,19,63
20326270,1,1,0
20327644,12,3,9
20327663,5,0,5
20327905,20,3,17
20328953,91,20,71
20329078,2,3,-1
20329256,77,19,58
20329634,32,4,28
20333832,57,18,39
2033384,3,2,1
20344922,7,4,3
20345826,6,0,6
20345870,15,10,5
20346238,72,32,40
20346684,9,0,9
20346829,54,22,32
20347478,62,18,44
20347684,19,11,8
20347748,400,125,275
2034808,72,11,61
20348404,0,0,0
20348437,4,2,2
20348651,342,125,217
20348666,2,3,-1
20348779,8,3,5
20348925,183,29,154
20348935,161,73,88
20349067,5,4,1
20349097,2,0,2
20349487,2,1,1
20349781,129,48,81
20349927,3,1,2
20350035,5,0,5
20350135,99,30,69
20351165,40,10,30
20354027,8,2,6
20354286,23,7,16
20354428,63,23,40
2035532,10,2,8
20355424,9,7,2
20355575,3,2,1
20355607,4,1,3
20355976,6,2,4
20356385,2,0,2
20357543,3,5,-2
20357698,2,0,2
20358251,13,3,10
20358370,0,0,0
20358736,3,0,3
20358817,62,30,32
20359399,137,32,105
20359948,68,38,30
2036125,60,11,49
20362814,93,31,62
20366341,18,5,13
20368135,12,1,11
20369091,0,0,0
20369993,5,0,5
20371157,57,13,44
20372714,13,10,3
20373985,82,20,62
20374010,10,4,6
20374520,52,12,40
20376017,11,0,11
20376165,2,0,2
20378055,1,0,1
2037815,5,1,4
20378990,88,36,52
20379708,0,0,0
20379818,4,1,3
20379851,32,13,19
20384315,5,0,5
20387336,4,5,-1
20387451,62,13,49
20387780,1,0,1
20389670,35,4,31
20390408,211,26,185
20390463,0,0,0
20390534,33,9,24
20391824,1,1,0
20393727,0,0,0
20395788,23,9,14
20397845,4,0,4
20398284,0,0,0
20398383,52,8,44
20398664,5,3,2
20398675,1,1,0
20399622,11,2,9
20399678,7,1,6
2039984,13,4,9
20399917,244,81,163
2040019,87,35,52
20400252,2,0,2
20400463,1,0,1
20401120,53,10,43
20401411,141,21,120
20401497,0,0,0
20401759,14,9,5
20401853,103,44,59
20402786,5,3,2
20403423,17,1,16
20403460,10,1,9
20404330,39,6,33
20404363,3,0,3
20404736,146,64,82
20404991,110,33,77
2040502,19,2,17
20405309,154,51,103
20405480,104,41,63
20405481,51,17,34
2040676,31,13,18
20407036,0,0,0
20407282,340,85,255
20408088,48,5,43
20408837,56,17,39
20409088,14,4,10
20410075,5,2,3
20410343,0,1,-1
20410813,6,1,5
2041096,10,3,7
20413535,1,0,1
20413769,46,13,33
20415047,28,4,24
20417008,152,27,125
20417035,321,208,113
20417399,20,1,19
20417472,2,3,-1
20417940,44,6,38
20418286,16,6,10
20418379,8,5,3
2041840,4,2,2
20418567,3,3,0
20418905,78,44,34
20419076,12,6,6
20419268,93,26,67
20419554,3,0,3
20419999,39,6,33
20420685,53,8,45
20420765,51,4,47
20421373,38,9,29
20421594,14,2,12
20421688,108,19,89
20421719,36,20,16
20422142,38,0,38
20422952,26,7,19
20422966,18,2,16
20423197,27,11,16
20423411,0,0,0
20423510,27,6,21
20423857,39,11,28
20423980,12,3,9
20424183,91,38,53
20424427,22,7,15
20424604,24,5,19
20424659,18,6,12
20424674,12,2,10
20425578,20,2,18
20427313,12,2,10
20429068,18,6,12
20429528,54,8,46
20430261,10,0,10
20430275,7,1,6
20430524,44,4,40
20430662,143,37,106
20430943,2,0,2
20431068,13,3,10
20431438,89,24,65
20431479,1,0,1
20431811,26,7,19
20431921,80,33,47
20432693,12,0,12
20433492,6,0,6
20433512,132,63,69
20433801,4,0,4
20433882,98,30,68
20434251,0,2,-2
20434528,77,27,50
20434565,16,1,15
20435685,0,0,0
20435879,31,10,21
20436421,3,0,3
20436735,13,3,10
20436895,1,1,0
20437035,645,123,522
20437038,25,12,13
20437534,2,1,1
20437590,4,0,4
20437922,56,14,42
20438025,122,46,76
20438410,18,3,15
20438423,46,24,22
20438541,6,1,5
20438698,279,110,169
20438998,11,3,8
2043985,58,19,39
2044224,20,12,8
2044274,102,52,50
20442748,8,0,8
20444209,3,3,0
20444271,2,0,2
20444307,5,0,5
20445255,71,21,50
20445776,1,1,0
20445849,79,25,54
20445960,42,12,30
20446009,19,2,17
20446188,71,29,42
20446389,42,18,24
20446416,30,12,18
20447028,142,56,86
20447147,9,1,8
20447334,2,0,2
20447715,69,14,55
20447773,11,5,6
20447779,180,42,138
20447810,45,15,30
20448601,34,5,29
20448621,110,32,78
20448746,17,6,11
20449252,12,2,10
20449507,14,1,13
20449914,194,55,139
20450065,42,14,28
20450245,31,6,25
20450374,38,6,32
20450839,25,14,11
20451306,99,21,78
20451332,0,0,0
20451621,13,9,4
20451741,110,50,60
20451938,107,33,74
20452251,45,16,29
20452263,0,0,0
20452350,7,2,5
2045254,22,13,9
20452943,2,0,2
20453870,65,32,33
20454932,27,6,21
20455156,87,16,71
20455369,113,34,79
20455534,61,37,24
20456119,8,4,4
20456402,30,11,19
20456671,72,13,59
2045673,38,16,22
20457481,105,39,66
2045942,8,1,7
20460765,15,0,15
20461806,313,60,253
20462260,14,2,12
20463046,6,1,5
20463080,66,31,35
20463651,33,17,16
20463755,279,50,229
20463821,11,3,8
20464016,21,11,10
2046402,105,60,45
20464168,2,0,2
20464259,45,17,28
20464263,74,30,44
20464655,23,4,19
20465166,66,16,50
20465288,144,52,92
20465451,20,10,10
20465699,0,0,0
20465886,16,7,9
20465938,1,0,1
20465942,0,0,0
20466127,15,3,12
20466177,40,9,31
20466269,94,18,76
20466405,49,6,43
20467767,16,9,7
20467986,19,4,15
20468239,2,1,1
20468660,58,23,35
20468763,2,4,-2
20468770,1,0,1
20469468,203,84,119
20469611,44,29,15
20473955,1,2,-1
20475210,91,33,58
20477955,59,17,42
20478045,10,2,8
20478077,2,1,1
20478659,10,1,9
20478885,18,7,11
20479140,14,2,12
2047951,108,29,79
20479659,0,0,0
20479676,20,8,12
20481382,115,41,74
20482847,93,24,69
20485944,1,2,-1
20486930,226,86,140
20487249,0,0,0
20488191,19,3,16
20488360,2,0,2
20488485,32,10,22
20489347,39,19,20
20489399,59,8,51
20491277,19,1,18
2049159,2,1,1
20491921,0,0,0
2049204,22,3,19
20492455,36,8,28
20492497,70,11,59
20493433,1,0,1
20493487,63,19,44
20494422,52,14,38
20494622,28,11,17
20494700,37,9,28
20496558,12,1,11
20497137,24,6,18
20498226,4,2,2
20498999,12,3,9
20500760,13,3,10
20500906,2,0,2
20500974,154,52,102
20501118,27,11,16
20501173,2,0,2
20501606,76,20,56
20501622,8,0,8
20501731,57,13,44
20502230,19,4,15
20502291,81,26,55
20502469,61,14,47
20503247,187,65,122
2050492,462,154,308
20508902,115,32,83
2050900,28,9,19
20509038,79,18,61
20509724,113,19,94
20509757,21,8,13
20511296,3,0,3
20511353,34,13,21
20511372,1,1,0
2051141,674,187,487
20511544,2,0,2
20511650,40,16,24
20511903,6,1,5
20511979,31,7,24
20512042,77,10,67
20512829,10,3,7
20512992,6,1,5
20513044,14,3,11
20513280,2,0,2
20514154,65,13,52
20514564,11,3,8
20515060,52,30,22
20515086,17,16,1
20515941,1,0,1
20516419,0,0,0
20516823,0,1,-1
20518431,328,107,221
20518676,12,4,8
20518771,133,57,76
20520267,17,12,5
20520579,16,8,8
20520797,39,13,26
20521137,23,8,15
20521616,40,7,33
20521652,79,24,55
20522034,20,4,16
20522035,47,22,25
2052284,42,8,34
20522846,118,39,79
2052795,62,33,29
20529186,35,18,17
20529476,170,33,137
20529679,61,17,44
20530025,62,20,42
2053048,11,6,5
20530556,32,2,30
20530994,9,1,8
20531069,21,5,16
20531223,19,4,15
20531244,19,8,11
20531354,3,0,3
20531382,64,12,52
20531621,37,22,15
20531683,2,1,1
20531755,0,0,0
2053193,276,29,247
20532459,72,33,39
20532808,5,0,5
20533079,109,40,69
20533514,22,7,15
20533518,34,13,21
20534151,100,21,79
20534656,2,0,2
20534674,13,21,-8
20534697,20,3,17
20535040,40,17,23
20535164,122,55,67
20535498,5,0,5
20535509,2,0,2
20536523,9,7,2
20536691,437,82,355
20536955,9,6,3
20537299,7,1,6
20537388,22,14,8
20538711,359,68,291
20539545,47,11,36
20539858,9,3,6
20539899,7,2,5
20540014,19,12,7
20540503,233,36,197
20540810,150,39,111
20542023,6,1,5
20545506,240,26,214
20545736,11,5,6
2054614,0,0,0
20546274,57,10,47
20546357,3,1,2
20546394,154,28,126
20546597,2,0,2
20546662,87,18,69
20547256,30,8,22
20547368,23,9,14
2054767,162,33,129
20548641,195,42,153
20549796,46,22,24
20550001,21,2,19
20550268,25,12,13
20550400,28,8,20
20551147,95,27,68
20551416,14,3,11
20551558,0,0,0
20551720,20,7,13
20551793,78,17,61
20552083,37,8,29
20552433,67,55,12
20552439,26,3,23
20552841,32,5,27
20553022,0,0,0
20553644,66,17,49
20553908,17,7,10
20554677,3,0,3
20555245,150,33,117
20555723,0,0,0
20556380,0,0,0
20558951,191,36,155
20559079,166,43,123
20560823,50,14,36
20561219,120,23,97
20561754,67,27,40
20562066,16,4,12
20562501,21,7,14
20563339,4,0,4
20563759,0,0,0
2056454,48,12,36
20564622,20,7,13
20564672,3,0,3
20565709,75,13,62
20565868,75,70,5
20566695,62,18,44
20566748,17,1,16
20566905,41,5,36
20567077,103,15,88
20567231,3,0,3
20567265,135,51,84
20567802,2,0,2
20568208,2,0,2
20568406,6,9,-3
20568492,8,2,6
20568794,24,19,5
20568830,13,8,5
20568862,39,12,27
2056927,73,29,44
20569349,242,54,188
20569487,65,12,53
20569560,45,22,23
20569667,0,0,0
20569766,372,134,238
20569818,22,2,20
20569926,138,63,75
20570054,65,13,52
20570061,225,34,191
20570219,0,0,0
20570654,439,133,306
20571470,9,12,-3
20574169,62,23,39
20575884,56,30,26
20576075,72,20,52
20576721,54,6,48
20578001,9,1,8
20578320,1,0,1
20579117,29,27,2
20579171,97,25,72
20579222,16,4,12
20579349,53,15,38
20579528,2,1,1
20579611,19,12,7
20579653,47,4,43
20579898,38,22,16
20580787,26,13,13
20581158,62,18,44
20581463,9,2,7
20581623,46,24,22
20581960,38,16,22
20582102,68,26,42
20582437,45,15,30
20582559,103,20,83
20583080,2,0,2
20583171,62,31,31
20583509,10,2,8
20583799,29,7,22
20584155,90,22,68
20584370,27,15,12
20584548,20,5,15
20584648,16,11,5
20584657,19,6,13
20585232,6,6,0
20585239,91,23,68
20585463,11,2,9
20586972,43,11,32
20586975,3,0,3
20587161,0,0,0
20587883,21,3,18
20589156,22,0,22
20589772,58,10,48
20589812,21,9,12
2059153,119,46,73
20593111,7,0,7
20593711,16,1,15
20593748,69,47,22
20594689,23,4,19
20594928,146,68,78
20595927,120,28,92
20596017,183,22,161
20596150,17,2,15
20596237,19,7,12
20596405,106,30,76
20596496,3,1,2
20596896,90,12,78
20597476,85,31,54
20600136,0,0,0
20600669,8,2,6
20601165,61,15,46
20601309,20,10,10
20601806,81,38,43
20603244,8,0,8
20603670,4,0,4
20604050,34,17,17
20604797,70,23,47
2060485,566,135,431
20605018,6,6,0
20605024,10,1,9
20605040,9,5,4
20605145,290,65,225
20605550,50,15,35
20605806,454,169,285
20606819,26,15,11
20607270,22,2,20
2060820,0,0,0
20608347,38,5,33
20610471,9,0,9
20610953,7,1,6
20611009,335,54,281
20611705,0,0,0
20612223,1,0,1
20612490,73,22,51
2061259,1,2,-1
20612608,209,29,180
20612679,38,17,21
20612987,70,18,52
20613163,57,19,38
20613230,28,5,23
20613468,0,0,0
20613603,54,14,40
20614186,142,36,106
20614310,27,10,17
20614467,79,16,63
20614989,0,0,0
20615319,3,0,3
20615893,12,6,6
20615908,101,23,78
20616160,45,19,26
20616190,146,60,86
20616333,4,0,4
20617156,30,10,20
20617297,125,64,61
20617368,1,0,1
20617404,33,9,24
20617408,13,8,5
20617428,0,2,-2
20617735,3,0,3
20617997,7,2,5
20618276,74,11,63
20619066,3,2,1
20620967,37,18,19
20621166,10,0,10
20621791,74,19,55
20621852,61,35,26
20622084,6,2,4
20622640,108,53,55
2062323,12,10,2
20626288,89,12,77
20627444,32,8,24
20627897,137,45,92
20628506,21,9,12
20628771,105,144,-39
20628786,72,25,47
20628977,13,6,7
20629094,44,11,33
20629162,10,2,8
20629637,10,3,7
20630118,38,7,31
20631005,6,2,4
20632192,80,35,45
20632910,195,29,166
20633146,133,21,112
20633199,22,1,21
20635213,64,33,31
20635355,23,5,18
20636078,36,12,24
20636088,59,25,34
20636274,68,16,52
20636652,13,4,9
20637048,25,6,19
20637490,2,0,2
20638085,15,2,13
20642509,51,10,41
20643633,7,5,2
20643673,2,0,2
20644020,20,3,17
20644910,167,104,63
20645103,30,6,24
20645626,2,0,2
2064574,130,81,49
20645937,0,0,0
20646484,13,1,12
20646758,155,28,127
20647001,2,0,2
20647015,0,0,0
20647110,128,28,100
20647436,4,0,4
20647652,93,36,57
20648472,73,38,35
20648599,10,3,7
20649660,52,13,39
20649748,56,32,24
20649775,432,96,336
20650300,2,0,2
20652429,92,26,66
20653171,3,2,1
20654550,128,55,73
2065458,132,58,74
20657788,13,0,13
20658370,87,30,57
20658527,63,13,50
20658611,18,0,18
20658760,17,3,14
20659007,78,36,42
20659522,8,5,3
20659535,92,42,50
20659683,56,12,44
20659988,16,5,11
20660068,75,22,53
20660382,203,46,157
20661389,34,9,25
20661511,82,26,56
20661944,87,32,55
20662910,21,5,16
20663035,210,49,161
20663543,19,7,12
20664260,35,15,20
20665236,12,3,9
20669258,10,1,9
20669802,80,36,44
20670150,116,33,83
20670272,5,0,5
20671070,15,5,10
20671268,320,109,211
20671287,140,40,100
20671424,22,11,11
20671560,353,73,280
20672426,56,15,41
20672855,42,5,37
20673055,519,90,429
20673692,61,16,45
20673852,19,4,15
20674027,31,12,19
20675479,23,3,20
20675626,92,26,66
20675873,38,9,29
20675889,0,0,0
20678050,60,29,31
20678128,6,2,4
20678279,22,10,12
20678465,0,0,0
20682420,53,23,30
20683022,83,24,59
20683107,26,0,26
20683501,0,0,0
20683616,1,0,1
2068365,13,7,6
20683660,24,6,18
20684289,3,1,2
20684536,0,1,-1
20684880,72,23,49
20685138,63,28,35
20685574,12,6,6
20685752,47,2,45
20685829,39,19,20
20685915,25,6,19
20686157,23,3,20
20686294,41,9,32
20686544,40,8,32
20686911,13,1,12
20687462,12,3,9
20687624,48,31,17
20687665,44,13,31
2068791,12,3,9
20688277,23,5,18
20688436,28,8,20
20689256,74,12,62
20691654,7,2,5
20691682,49,8,41
20692365,9,5,4
20692382,7,1,6
20693280,12,2,10
20693959,105,47,58
2069488,119,53,66
20694941,68,43,25
20695313,34,18,16
2069589,33,17,16
2069899,69,24,45
20700352,1,0,1
20701088,49,26,23
20701474,88,43,45
20701603,13,3,10
20702307,29,13,16
20702315,30,9,21
20702633,92,37,55
20702856,2,0,2
20703121,43,16,27
20703584,6,0,6
20704057,84,37,47
20704116,622,92,530
20704248,0,0,0
20704325,32,14,18
20705009,43,30,13
20705142,54,10,44
20705196,61,24,37
20705497,0,1,-1
20707204,5,0,5
20708040,24,5,19
20709545,19,2,17
20709673,8,3,5
20711143,132,25,107
20711329,0,0,0
2071134,25,10,15
20712453,1,1,0
20712674,83,11,72
20712916,4,5,-1
20713330,1,0,1
20715309,154,26,128
20715868,0,2,-2
20716129,169,26,143
20717859,0,0,0
20718299,2,0,2
20718413,14,2,12
20718629,13,4,9
20719846,20,14,6
20720544,17,2,15
20721169,16,5,11
20721383,42,11,31
20721405,33,28,5
20721484,67,9,58
20721928,12,3,9
20721937,114,24,90
20722219,26,11,15
20722481,74,22,52
20723066,2,2,0
20723692,55,16,39
20724396,99,37,62
20725322,37,17,20
20725435,17,10,7
20725713,13,0,13
20726005,93,22,71
20726447,230,60,170
20726979,3,1,2
20727466,5,2,3
20727495,4,0,4
20727644,9,0,9
20727997,7,0,7
20728420,35,4,31
2073179,26,14,12
20731862,22,2,20
20733838,22,15,7
20734186,3,1,2
20734647,68,18,50
2073478,123,25,98
20735362,3,2,1
20735933,5,2,3
20736097,6,2,4
20736114,7,1,6
20736451,53,5,48
2073647,4,1,3
20736549,2,1,1
20737259,17,5,12
20739024,133,54,79
20740349,58,13,45
20740594,32,11,21
20740619,1,0,1
20740739,44,14,30
20740994,35,13,22
20741019,50,18,32
20741204,12,1,11
20741266,81,16,65
20741539,11,1,10
20741699,25,15,10
20741759,24,9,15
20742543,23,9,14
20743077,28,4,24
20744646,6,0,6
20745465,0,0,0
20746431,11,1,10
20747764,2,1,1
20750897,1,1,0
20751213,182,30,152
20751516,12,7,5
20751521,141,31,110
20751613,56,5,51
20752993,93,43,50
20753267,16,10,6
20753435,26,3,23
20753473,85,17,68
20754139,8,5,3
20755853,130,23,107
20755866,1,0,1
20756079,73,30,43
20756475,67,45,22
20757007,34,6,28
20757368,122,49,73
20757954,6,2,4
20758007,39,10,29
20758494,57,13,44
20759386,37,7,30
20760561,31,9,22
20760815,7,3,4
20760933,34,7,27
20761403,21,8,13
20761564,3,5,-2
20763734,31,12,19
20766386,0,0,0
20766574,1,1,0
20766928,45,18,27
20767083,24,2,22
20767379,70,7,63
20767568,56,33,23
20767753,5,6,-1
20767774,8,5,3
20767913,23,6,17
20767939,19,2,17
20767994,5,2,3
20769291,38,16,22
20769932,106,16,90
20769972,8,5,3
20769973,69,29,40
20770544,56,38,18
20770625,18,5,13
20770717,9,0,9
2077094,110,36,74
20770995,176,42,134
20771415,2,1,1
20771979,68,19,49
20772740,6,2,4
20773425,6,2,4
20773538,64,26,38
20773720,6,0,6
20775729,34,20,14
20777411,35,7,28
20777598,56,21,35
20778123,159,57,102
207784,44,45,-1
20778592,0,0,0
20778719,24,3,21
20778833,26,9,17
20778843,5,0,5
20779149,2,3,-1
20779195,0,0,0
20779291,18,13,5
20779647,2,0,2
20779749,4,0,4
20780119,63,15,48
20781041,77,15,62
20781314,130,58,72
20781396,94,41,53
20781442,2,1,1
20781539,83,31,52
20781609,84,27,57
20781649,43,2,41
20782311,7,1,6
20782502,21,10,11
20782742,2,1,1
20782798,31,6,25
20783241,3,1,2
20783328,0,1,-1
20783378,109,12,97
20783507,3,4,-1
20783557,30,13,17
20783786,75,17,58
2078422,146,52,94
20784583,149,18,131
20784977,0,1,-1
20785003,15,2,13
20785126,69,13,56
20785169,46,20,26
20785521,117,8,109
20785996,16,1,15
20786422,158,51,107
20787032,117,16,101
20787605,219,85,134
20788377,39,15,24
20790781,112,29,83
20790823,279,52,227
20790833,65,22,43
20791092,110,17,93
207912,171,32,139
20791481,0,1,-1
20792223,91,12,79
20792781,26,6,20
20792802,91,65,26
20792993,24,2,22
20793023,43,10,33
20793292,110,26,84
20793478,6,1,5
20793487,37,17,20
20794877,69,22,47
20794931,27,7,20
20795023,3,0,3
20795084,8,2,6
20795120,76,30,46
20795649,103,30,73
20796196,94,12,82
20796254,76,19,57
20796305,107,24,83
20797280,19,3,16
20797415,13,8,5
20797707,21,3,18
20797939,175,45,130
20797949,6,2,4
20797952,52,17,35
20798048,3,0,3
20798934,54,7,47
20799756,0,0,0
20800724,312,43,269
20800843,3,0,3
20800910,35,11,24
20801514,17,3,14
20801543,123,27,96
20801711,3,0,3
20801762,3,1,2
20805640,123,28,95
20806169,11,2,9
20806726,20,8,12
20806918,62,9,53
20807633,25,7,18
20807788,12,0,12
20808015,6,0,6
20808156,20,15,5
20808688,164,27,137
20808713,30,5,25
20808841,9,1,8
20808936,17,5,12
20809010,10,6,4
20809160,1,0,1
20810325,109,43,66
20810469,2,0,2
20811230,163,74,89
20811263,41,13,28
20811286,1,0,1
20811445,3,0,3
20811789,3,0,3
20812476,22,9,13
20812875,0,0,0
20813263,7,5,2
20813917,8,2,6
20813986,2,0,2
20814015,112,17,95
20815141,5,1,4
20815382,28,3,25
20815439,2,1,1
20815667,22,14,8
20816004,64,18,46
20816212,111,36,75
20816357,36,12,24
20816723,31,4,27
20816756,252,83,169
20816805,146,13,133
20817104,72,11,61
20817109,6,5,1
20817303,2,1,1
20817387,5,1,4
20821143,142,40,102
20822022,26,5,21
20822399,8,4,4
20822465,2,0,2
20822824,7,3,4
20823488,0,0,0
20823593,21,6,15
20824432,2,1,1
20824511,142,44,98
20824633,73,14,59
20824822,154,51,103
20825037,23,14,9
20825059,62,19,43
20825120,3,0,3
20825487,89,27,62
20825558,26,9,17
20825594,41,10,31
20825619,4,1,3
20825692,51,15,36
20825707,5,0,5
20825972,5,1,4
20826049,10,2,8
2082626,14,0,14
20826404,14,2,12
20826475,89,26,63
20826849,9,0,9
20827008,5,1,4
20827529,221,74,147
20828341,9,5,4
20828447,109,33,76
20828769,64,13,51
20828831,53,19,34
20828959,2,0,2
20829147,29,7,22
20829395,273,134,139
20829956,114,16,98
20829969,0,0,0
20830566,90,18,72
20831375,105,15,90
20831814,18,5,13
20831894,20,4,16
20832220,85,10,75
20832712,13,2,11
20832778,26,11,15
20833245,192,20,172
20834001,20,6,14
2083410,37,14,23
20837246,5,0,5
20838493,67,34,33
20838635,50,10,40
20839376,55,21,34
20839429,24,5,19
20840152,21,6,15
20840635,16,3,13
20840812,24,7,17
20840873,60,29,31
20840930,109,26,83
20841105,1,2,-1
20841846,7,0,7
20841951,31,10,21
20842046,4,1,3
20842401,8,2,6
20842535,15,9,6
20843333,7,7,0
20843538,30,10,20
20843981,5,2,3
20843996,12,3,9
20844051,150,34,116
20844101,47,4,43
20844176,90,13,77
20844415,13,10,3
20844516,60,6,54
20846456,1,0,1
20847429,34,5,29
2084765,8,3,5
20847708,36,11,25
20847826,5,5,0
20849429,62,19,43
20853058,0,0,0
20853554,17,3,14
20854266,28,7,21
20854356,12,4,8
20854800,27,11,16
20855733,70,46,24
20855770,26,4,22
20855885,171,59,112
20855940,5,5,0
20856100,1,1,0
20856115,41,5,36
20856595,8,7,1
20856765,17,15,2
20857067,2,0,2
20857118,18,0,18
20857119,119,37,82
20857184,31,18,13
20857286,138,79,59
20857457,83,34,49
20857675,13,1,12
20857781,37,9,28
20857860,14,1,13
20859439,40,21,19
20860544,7,2,5
20861155,15,1,14
20861773,36,7,29
20862151,253,43,210
20866185,15,5,10
20866226,22,10,12
20866475,48,7,41
20866893,13,4,9
20866964,38,26,12
20867138,22,3,19
20867143,14,4,10
20868060,1,1,0
20868075,125,22,103
20868596,75,20,55
20868795,65,10,55
20869127,99,14,85
20869505,92,18,74
20869991,99,18,81
20870081,5,0,5
20870301,51,15,36
20870551,4,1,3
20870620,81,7,74
20870759,3,0,3
20870995,68,22,46
20871097,3,0,3
20871115,108,19,89
20871481,33,1,32
20871542,1,1,0
20873787,69,51,18
2087417,2,0,2
20876832,175,38,137
20877074,3,4,-1
20877461,90,10,80
2087782,213,100,113
20877837,4,1,3
20878240,33,10,23
20879099,1,0,1
20879328,2,0,2
20880039,0,0,0
20880355,0,0,0
20880377,3,0,3
20880883,29,4,25
20880978,110,19,91
20882760,113,24,89
20882840,1,0,1
20882950,288,67,221
20883736,0,0,0
20883993,52,12,40
20884043,24,1,23
20884161,12,5,7
20884239,7,1,6
20884254,57,12,45
20884644,4,2,2
20884729,45,12,33
20885649,138,40,98
20885695,471,106,365
20886339,155,31,124
20886434,121,28,93
20886515,110,20,90
20889401,5,0,5
20891074,23,13,10
20891508,0,0,0
20892161,17,12,5
20892431,31,22,9
20892513,79,27,52
20892978,447,109,338
20893322,3,1,2
20893344,30,20,10
20893572,126,11,115
20893587,191,20,171
20893637,1,1,0
20893789,285,53,232
20893890,13,11,2
20893974,170,78,92
20894099,14,4,10
20894615,4,3,1
20894814,45,14,31
20895347,35,15,20
20895629,3,0,3
20895963,7,9,-2
20896188,35,6,29
20896680,2,0,2
20896931,66,26,40
20896932,341,83,258
20897131,273,48,225
20897269,32,6,26
20898228,5,5,0
20899025,0,0,0
20899090,10,5,5
20899525,9,0,9
20899855,39,10,29
20900089,43,2,41
20900449,6,0,6
20900549,7,1,6
20900651,78,32,46
20900821,20,4,16
20901204,11,3,8
20901364,120,37,83
20901531,14,18,-4
20901586,133,38,95
20902066,11,2,9
20902353,6,3,3
20902827,0,0,0
20904780,0,0,0
20907179,28,10,18
20907259,10,4,6
20907343,24,5,19
20908266,9,6,3
20908716,16,4,12
20908761,17,2,15
20909157,2,2,0
20909387,13,1,12
20910011,1,0,1
20910518,29,10,19
20910725,62,32,30
20910822,13,5,8
20910934,4,2,2
20911008,41,12,29
20911184,44,34,10
20911237,334,122,212
20911589,21,5,16
20911856,17,2,15
20912187,10,1,9
20912202,0,0,0
20912220,23,6,17
20913103,75,15,60
20913115,214,63,151
20913396,0,0,0
20913824,55,7,48
20914662,15,7,8
20914831,0,0,0
20914935,155,20,135
20915300,40,13,27
20915555,7,4,3
20915625,6,0,6
20915674,42,7,35
20915723,13,5,8
20915750,0,0,0
20915763,0,0,0
20915888,0,0,0
20916248,0,1,-1
20916272,10,0,10
20916990,110,15,95
20917081,11,0,11
20918668,29,5,24
20920174,31,7,24
20921870,4,1,3
20922473,1,1,0
20922828,27,8,19
20922888,70,15,55
20922936,43,18,25
20923080,33,7,26
20923247,5,0,5
20923268,1,0,1
20923531,32,8,24
20923892,9,8,1
20924085,53,33,20
20924255,29,6,23
20925059,42,22,20
20926147,3,1,2
20926434,37,17,20
2092660,14,3,11
20926976,2,0,2
20927010,6,0,6
20928262,0,1,-1
20928438,78,14,64
20929241,94,27,67
20929825,35,4,31
20930026,276,88,188
20930347,34,4,30
20931366,58,27,31
20931763,85,16,69
20931893,184,62,122
20932130,2,0,2
20932169,4,0,4
20932450,46,12,34
20932606,7,2,5
20932827,4,0,4
20933424,6,6,0
20933873,41,11,30
2093422,216,97,119
20936960,17,4,13
20937107,96,20,76
20937250,15,3,12
20937497,12,3,9
20938915,66,20,46
20939139,35,7,28
20939692,57,15,42
20940598,12,2,10
20940613,124,31,93
20940866,4,4,0
20941537,13,5,8
20942315,13,0,13
20942384,1,2,-1
20942405,20,10,10
20942600,44,12,32
20942615,0,0,0
20943120,49,33,16
20943280,2,0,2
20943603,95,19,76
20943721,14,7,7
20945217,241,73,168
20945438,50,17,33
20945809,7,1,6
20945885,143,28,115
20945947,3,0,3
20947361,6,6,0
20947537,3,0,3
20947570,0,0,0
20948342,5,1,4
20948912,5,5,0
20949343,1,0,1
2094957,318,114,204
20950020,2,3,-1
20950129,67,16,51
20950587,6,1,5
20950961,2,2,0
20951064,1,0,1
20951273,63,19,44
20951701,3,0,3
20951864,67,5,62
20952162,87,22,65
20952184,134,45,89
20952360,30,8,22
20952504,103,24,79
2095257,354,74,280
20952615,48,9,39
20952725,116,50,66
20952930,103,48,55
20953594,21,5,16
20954371,3,0,3
20954689,37,14,23
20954883,13,1,12
20955332,330,61,269
20955462,60,15,45
20955766,25,6,19
20955916,76,27,49
20956278,11,3,8
20957390,31,8,23
2095744,120,34,86
20957764,19,8,11
20957888,350,239,111
20958013,101,29,72
20959044,50,27,23
20959115,37,21,16
20959157,236,95,141
20959280,14,5,9
20959643,293,40,253
20962393,54,27,27
20963556,40,3,37
20963715,11,7,4
20964858,1,0,1
20965145,36,11,25
20965836,3,7,-4
2096676,122,43,79
20966785,39,5,34
20967588,131,16,115
2096800,123,37,86
20968960,87,12,75
20969584,16,2,14
20969803,2,1,1
20969869,5,1,4
20969872,0,0,0
20970227,3,0,3
20970985,54,16,38
20972794,92,19,73
20973165,23,7,16
20973293,29,7,22
20973312,93,10,83
20973650,98,38,60
20974357,61,8,53
20974909,2,2,0
20976546,84,18,66
20976770,1,0,1
20976983,5,2,3
20977032,41,8,33
20977050,117,26,91
20977165,0,0,0
20977248,54,12,42
20978249,28,7,21
20979095,0,0,0
20979464,23,10,13
20980308,2,1,1
20985728,31,11,20
20986008,0,2,-2
20986477,86,38,48
20987440,59,14,45
20987614,120,23,97
20987777,10,1,9
20987783,12,7,5
20987786,22,7,15
20987787,5,2,3
20987859,1,0,1
20987961,72,6,66
20988026,51,0,51
20988312,112,38,74
20988667,88,5,83
20988762,51,13,38
20988870,27,7,20
20989479,9,7,2
2098983,72,31,41
20990136,26,3,23
20990825,23,3,20
20991151,415,85,330
20992591,17,9,8
20993067,0,0,0
20993522,6,1,5
20994790,54,22,32
20995029,1,0,1
20995988,55,5,50
20996012,22,8,14
2099688,163,59,104
2100042,10,1,9
210010,57,17,40
21001259,46,16,30
21001331,12,0,12
21001764,36,17,19
21001872,67,41,26
21002087,4,0,4
21002302,29,14,15
21002555,23,14,9
21002916,71,27,44
21004072,8,1,7
21004301,10,3,7
21004815,31,10,21
21004819,26,19,7
21004825,9,4,5
21004842,42,16,26
21005178,2,0,2
21005484,57,26,31
21005793,18,3,15
21005841,86,27,59
21006432,108,48,60
21007250,1,1,0
21007760,6,0,6
21007791,16,7,9
21008036,61,20,41
21008102,7,1,6
21008279,19,3,16
21009412,96,11,85
21010946,8,2,6
21011236,161,34,127
21011576,88,41,47
21011809,5,1,4
21012278,23,4,19
21014668,1,0,1
21016956,11,1,10
21017387,0,0,0
21017640,2,3,-1
21017740,14,3,11
21017870,100,36,64
21017880,21,3,18
21017910,1,0,1
21018011,34,8,26
21018261,87,13,74
21018283,41,7,34
21018783,0,0,0
21018789,61,20,41
21019340,13,3,10
21020498,27,1,26
21020683,3,1,2
21021342,49,13,36
21021728,6,0,6
21021751,76,35,41
21022011,2,1,1
21022148,134,49,85
21022407,52,22,30
21022883,2,0,2
21023287,125,34,91
21024868,9,2,7
21024910,24,18,6
21024918,271,73,198
21025471,0,0,0
21025540,66,15,51
21025579,87,21,66
21025634,14,2,12
21026370,17,5,12
21026474,53,17,36
21027519,2,0,2
21027587,48,17,31
21027782,6,1,5
21027966,5,0,5
21028024,1,0,1
21030771,26,8,18
21031322,17,6,11
21031977,46,8,38
2103237,682,182,500
21032419,56,16,40
21033070,60,11,49
21033839,146,43,103
21033903,15,4,11
21034296,236,48,188
21034709,13,3,10
21034975,21,4,17
21035356,14,4,10
21035387,25,13,12
21035528,27,13,14
21035583,0,0,0
21035872,175,28,147
21036105,5,1,4
21036590,35,12,23
21036609,0,0,0
21037335,11,0,11
21037793,27,7,20
21038811,36,18,18
21039048,4,4,0
21039368,1,2,-1
21039664,132,34,98
21039763,120,58,62
21039846,1,1,0
21039884,99,20,79
21040338,1,6,-5
21040830,66,22,44
21040842,0,0,0
21041609,31,11,20
21041884,16,4,12
21041925,22,3,19
21042244,4,1,3
21042340,6,0,6
21042377,19,7,12
21042492,4,3,1
21044231,67,22,45
21047380,7,5,2
21047492,4,0,4
21047592,57,9,48
21048058,132,30,102
21048701,42,13,29
21048912,24,5,19
21051286,44,18,26
21052469,28,4,24
21052658,59,23,36
21052791,5,1,4
21053002,66,8,58
21053808,11,2,9
21053900,232,45,187
21055107,15,2,13
21055227,263,51,212
21055480,28,15,13
21056184,287,57,230
21056313,45,5,40
21057662,4,1,3
21057728,28,4,24
21057742,53,9,44
21059641,70,11,59
21060175,47,8,39
21061204,0,0,0
21061758,290,38,252
21062153,67,13,54
21062299,17,8,9
21063089,72,13,59
21063559,66,13,53
21064924,104,16,88
21065110,58,8,50
21065408,15,5,10
21065444,155,22,133
21065584,6,3,3
21066349,76,14,62
21066657,18,7,11
21066814,8,1,7
21067501,39,3,36
21067600,142,65,77
21068222,39,7,32
21071475,60,14,46
21071883,6,1,5
21072527,6,3,3
21072858,2,0,2
21073079,9,1,8
21073349,2,0,2
21073867,19,6,13
21075115,3,1,2
21075132,76,20,56
21075925,39,16,23
21076026,32,7,25
21076317,170,26,144
21076538,21,16,5
21076551,79,20,59
21076623,64,21,43
21076862,39,13,26
21076980,60,3,57
21077049,1,2,-1
21077216,10,3,7
21077569,4,4,0
21078371,16,4,12
21078433,155,17,138
21078554,93,23,70
21078591,13,1,12
21078844,64,9,55
21078964,267,63,204
21078993,22,2,20
21079201,244,60,184
21079218,240,54,186
21079366,340,78,262
21079370,278,71,207
21079527,41,14,27
21079652,7,3,4
21079719,6,0,6
21079828,22,8,14
21084258,4,0,4
21084489,2,0,2
21085494,6,7,-1
21085711,16,10,6
21085765,319,48,271
21085944,5,1,4
21085955,2,1,1
21086170,24,13,11
21087514,12,2,10
21087621,113,31,82
21087662,17,6,11
21088028,2,0,2
21088442,4,1,3
21088454,13,3,10
21088843,4,2,2
21088862,39,8,31
21089639,34,21,13
21089741,2,0,2
21089925,0,0,0
21090448,89,25,64
21090613,0,1,-1
21090656,0,0,0
21091050,74,20,54
21091262,2,1,1
21091935,202,44,158
2109252,5,0,5
21093164,40,7,33
21094658,28,8,20
21095088,0,0,0
21095479,7,2,5
21097693,6,3,3
21101447,15,11,4
21101788,9,3,6
21101982,4,0,4
21102044,38,13,25
21102078,17,5,12
21102120,35,8,27
21102381,32,18,14
21102455,1,0,1
21102538,0,0,0
21102624,70,17,53
21102659,158,67,91
21102667,0,0,0
21102988,153,55,98
21103070,4,0,4
21103168,7,0,7
21103825,27,7,20
21104003,2,0,2
21104953,8,2,6
21105108,130,70,60
21105318,59,31,28
21105433,44,9,35
21105732,8,2,6
21105805,49,16,33
21106018,47,14,33
21106739,1,0,1
21107001,26,1,25
21108020,570,178,392
21108118,26,16,10
21108227,7,0,7
21108465,58,15,43
21108820,37,13,24
21109608,49,4,45
21109672,3,0,3
21109729,0,0,0
21110140,72,12,60
2111026,14,4,10
21110519,64,25,39
2111182,29,9,20
21112468,47,12,35
21115611,35,14,21
21115877,43,11,32
21116139,116,16,100
21116174,29,20,9
21116332,13,2,11
21116334,199,50,149
21116528,39,10,29
21116605,51,17,34
21116617,48,18,30
21116791,129,49,80
21116967,1,2,-1
21117066,126,45,81
21117209,131,46,85
21117310,26,4,22
21117780,23,8,15
21118123,170,32,138
21118268,95,40,55
21118492,15,5,10
21119042,9,1,8
21119363,54,20,34
21119389,119,36,83
21119550,13,7,6
21120162,24,12,12
21120741,81,27,54
21120880,19,4,15
21122186,10,3,7
21122856,288,82,206
21123054,50,8,42
21123147,80,13,67
21123259,570,118,452
21124157,0,0,0
21124940,12,3,9
21125071,24,6,18
2112759,254,62,192
21128937,33,18,15
21129104,16,7,9
21129347,17,4,13
21129423,42,19,23
21130241,142,42,100
21130410,2,0,2
21131185,43,22,21
21131268,77,36,41
21131274,5,0,5
21131443,3,5,-2
21131581,3,1,2
21131694,147,26,121
21131721,88,18,70
21131822,29,9,20
21132407,164,52,112
21132684,145,51,94
21132796,9,3,6
21133103,59,31,28
21133211,3,0,3
21133245,6,2,4
21133306,63,19,44
21133324,17,5,12
21133349,0,0,0
21133659,15,9,6
21134106,167,62,105
21134338,8,0,8
21134593,30,19,11
21134600,5,0,5
21135208,89,32,57
2113530,16,4,12
21135559,68,40,28
21135573,303,57,246
21135581,63,14,49
21135769,27,5,22
2113600,15,1,14
21136586,54,4,50
21136749,156,52,104
21136890,120,53,67
21138294,16,3,13
21139683,23,11,12
21139824,113,14,99
21139904,1,0,1
21140766,10,8,2
21141766,56,36,20
21143035,268,46,222
21143765,0,0,0
21144035,17,12,5
21144405,7,2,5
21144830,1,2,-1
21144985,70,14,56
21145030,72,21,51
21145150,3,1,2
21145393,1,3,-2
21145626,100,46,54
21145732,30,21,9
21145784,58,24,34
21145995,3,0,3
21146087,27,7,20
21146226,105,51,54
21146302,104,52,52
21146342,3,1,2
21146487,6,1,5
21147593,0,0,0
21147657,14,4,10
21147783,15,1,14
21147956,29,6,23
21148140,8,0,8
21148483,133,44,89
21149110,60,18,42
21149147,16,2,14
21149910,136,31,105
21150455,24,11,13
21150478,13,2,11
21151160,20,5,15
21151487,50,18,32
21155072,46,19,27
21155455,23,7,16
21156329,131,22,109
21156420,8,1,7
21156752,15,1,14
21157409,58,9,49
21157907,11,6,5
21158071,13,6,7
21158431,59,15,44
21158479,0,0,0
21159272,29,10,19
21159417,4,0,4
21159932,45,25,20
21160023,19,10,9
21160416,3,0,3
21160697,61,12,49
21160737,103,48,55
21160874,14,5,9
21161394,24,3,21
21161562,11,5,6
21163509,3,0,3
21164879,0,0,0
21167345,2,0,2
21167468,11,2,9
21167850,9,4,5
21168338,4,3,1
21168777,0,0,0
21169290,6,1,5
21169399,24,15,9
21169752,99,6,93
21169979,66,8,58
21170699,44,17,27
21171085,6,1,5
21171584,74,21,53
21171972,23,6,17
21172080,233,30,203
21172191,15,5,10
21172763,6,1,5
21173443,127,31,96
21173468,35,12,23
21173881,2,1,1
21174193,1,0,1
21174239,65,22,43
21174564,19,2,17
21175119,1,0,1
21175204,26,4,22
21175319,45,8,37
21175492,195,55,140
21176827,42,9,33
21179208,1,0,1
21179502,48,5,43
21180792,35,12,23
21180877,0,0,0
21180903,5,0,5
21181474,6,1,5
21181527,55,19,36
21181896,39,10,29
21182375,48,16,32
21182439,6,0,6
21182807,65,33,32
21182918,11,5,6
21183519,10,1,9
21184137,40,21,19
21184622,46,12,34
21184827,25,12,13
21185641,242,30,212
21186128,1,1,0
21187475,49,6,43
21187596,37,3,34
21187737,2,1,1
21187755,74,24,50
21188130,235,60,175
21188508,0,0,0
21188623,329,102,227
21188737,39,16,23
21188779,45,14,31
21189339,48,16,32
21189346,1,2,-1
21189952,0,0,0
2119021,8,2,6
21192332,46,5,41
21192360,108,10,98
2119319,59,15,44
21193862,64,11,53
21193967,0,0,0
21194720,48,13,35
21195568,22,11,11
21195822,91,18,73
21195853,45,14,31
21196491,1,2,-1
21196651,5,1,4
21196973,248,58,190
21197014,8,10,-2
21197032,88,29,59
21197129,39,19,20
21197155,52,10,42
21197258,28,5,23
21197647,27,14,13
21197883,84,16,68
21197927,28,1,27
21198172,4,2,2
21198278,34,1,33
21198500,7,3,4
21198941,5,0,5
21198945,46,15,31
21199092,4,3,1
2119937,314,31,283
21199678,155,53,102
21200020,23,6,17
21200574,48,7,41
21200976,5,1,4
21201040,73,24,49
21201738,3,0,3
21201914,87,11,76
21202064,9,1,8
21202209,95,42,53
21202238,0,0,0
21202711,15,0,15
21202760,29,10,19
21202763,101,29,72
21202837,16,7,9
21203376,4,1,3
21203511,4,1,3
2120417,13,0,13
21204199,4,3,1
21204322,3,0,3
21204703,3,1,2
21204869,300,54,246
21204967,193,35,158
21206910,81,27,54
21207422,11,4,7
21208207,191,37,154
21208865,30,5,25
21208897,3,3,0
21208909,13,4,9
21209348,216,53,163
21209594,31,9,22
21209880,42,17,25
21209910,16,2,14
21210289,62,15,47
21210409,7,4,3
21210759,13,2,11
21211038,11,1,10
21211159,64,30,34
21211840,7,4,3
21212847,7,2,5
21212990,12,5,7
21213013,3,2,1
21213160,177,52,125
21213331,3,1,2
21213503,103,30,73
21214642,29,7,22
21215639,18,3,15
21215728,73,4,69
21215894,64,16,48
21216601,22,8,14
21216602,83,16,67
21216619,57,19,38
21216643,18,8,10
21217040,70,15,55
21217572,6,2,4
21217699,2,0,2
21221578,46,10,36
21222049,24,3,21
21222266,5,0,5
21222474,7,1,6
21222869,1,1,0
21223023,45,6,39
21223065,9,6,3
2122337,22,7,15
21223417,197,38,159
21224247,111,63,48
21225374,13,6,7
21225523,1,2,-1
21225832,17,4,13
21225842,54,13,41
21226517,21,11,10
21226537,263,50,213
21226877,3,1,2
21227183,114,38,76
21227283,2,4,-2
21227342,19,2,17
21227404,1,0,1
21227439,4,1,3
21229160,10,2,8
21229357,61,17,44
21229794,146,22,124
21230060,2,0,2
21230643,12,7,5
21230792,23,2,21
21231077,52,19,33
21231294,85,43,42
21231464,4,1,3
21232196,14,3,11
21235292,15,4,11
21235368,1,1,0
21235573,310,47,263
21235839,288,98,190
21236228,123,49,74
21236289,145,54,91
21236347,119,51,68
21236431,3,2,1
21236668,4,7,-3
21237632,8,2,6
21237703,13,2,11
21238533,130,63,67
21238833,54,17,37
21239131,60,11,49
21239380,46,12,34
21239608,20,2,18
21240087,16,5,11
21240105,1,0,1
21240878,51,7,44
21241365,0,1,-1
21241554,50,16,34
21241884,74,15,59
21242026,57,9,48
21242225,184,62,122
21242453,26,5,21
21243560,0,0,0
21243988,8,11,-3
21246008,37,10,27
21246562,65,21,44
21246624,119,40,79
21247200,9,0,9
21247580,16,3,13
21247712,55,6,49
21247853,50,16,34
21248278,71,40,31
21249429,11,4,7
21249930,33,10,23
21250330,1,1,0
21250509,11,0,11
21251369,7,1,6
21251740,1,1,0
21252079,12,1,11
21253119,127,34,93
21255126,83,25,58
21256402,87,34,53
2125705,16,12,4
21257339,64,16,48
21257874,10,0,10
21257940,24,2,22
21258262,42,8,34
21258288,23,3,20
21258362,10,2,8
21258714,7,4,3
21258800,232,32,200
21259106,104,22,82
21259107,12,3,9
2125974,85,13,72
21260186,23,9,14
21260270,16,6,10
21260483,20,7,13
21260535,91,14,77
21261016,39,16,23
21261274,6,2,4
21261303,92,11,81
21261517,59,19,40
21261578,28,6,22
21261658,2,0,2
21261911,318,52,266
21262044,4,4,0
21262096,9,0,9
21262115,41,17,24
21262172,6,2,4
21262270,9,1,8
21262539,94,18,76
21262554,97,28,69
21262781,111,43,68
21262896,71,17,54
21263251,24,11,13
21263414,15,9,6
21263450,52,23,29
21263533,21,3,18
21263625,29,11,18
21263732,33,4,29
21264009,21,7,14
21264348,43,21,22
21264704,3,0,3
21264715,42,7,35
21264965,30,5,25
21265514,20,7,13
21265827,0,0,0
21266052,86,23,63
21266082,41,17,24
21266215,66,14,52
21267063,58,12,46
2126708,1620,492,1128
21268566,2,0,2
21268822,30,9,21
21268981,25,1,24
21269257,54,23,31
21269338,58,9,49
21269547,2,0,2
21269986,74,16,58
21270130,108,37,71
21270419,57,11,46
21270972,71,19,52
21271130,27,13,14
21271285,31,5,26
21271361,234,63,171
21271507,307,62,245
21271531,1,0,1
21271839,8,2,6
21272031,81,14,67
21272315,42,29,13
21272469,344,67,277
21272602,63,10,53
21272798,34,12,22
21273096,7,2,5
21273445,46,14,32
21273660,6,3,3
21273938,12,8,4
21274780,302,34,268
21275007,24,13,11
21275117,59,40,19
21275942,31,3,28
21275983,65,16,49
21277033,8,2,6
21277371,16,2,14
2127739,185,56,129
21277502,0,0,0
21277580,7,2,5
21277891,27,5,22
21277913,51,22,29
21278605,4,0,4
21279490,51,27,24
21280353,0,0,0
21285031,4,0,4
21285349,8,5,3
21285907,15,0,15
21286674,29,10,19
21287764,16,3,13
21287771,282,38,244
21288550,80,4,76
21289272,26,6,20
21289333,72,28,44
21289438,14,2,12
21289746,81,23,58
21290054,234,51,183
21290278,0,0,0
21290299,22,11,11
21290468,3,1,2
21290820,13,4,9
21290915,56,21,35
21291136,17,7,10
2129138,296,52,244
21291397,188,42,146
21291780,60,18,42
21292283,3,0,3
21292336,4,0,4
21292452,2,0,2
21293493,38,10,28
21293639,24,5,19
21294054,61,14,47
21294074,133,19,114
21294155,10,4,6
21294388,7,0,7
21294445,5,0,5
21294760,2,0,2
21294978,2,1,1
21295189,134,19,115
21295299,236,89,147
2129700,43,42,1
21297633,9,4,5
2129922,43,27,16
21299832,71,12,59
21300718,119,23,96
21300745,101,34,67
21301304,101,51,50
21301315,0,0,0
21301779,208,33,175
21302074,0,0,0
213024,43,20,23
21302658,5,4,1
21303537,3,0,3
21303571,36,12,24
21303771,38,8,30
21303934,75,59,16
21304398,34,10,24
21304907,50,26,24
21304969,85,28,57
21305070,3,1,2
21305119,88,10,78
21305255,35,12,23
21305260,9,7,2
21305486,15,4,11
21305766,9,3,6
21306266,33,3,30
21306287,9,1,8
21306735,26,4,22
21306986,1,0,1
21307512,24,2,22
21308407,0,0,0
21309973,22,2,20
21310501,182,17,165
21314499,16,20,-4
21315952,112,20,92
21316211,29,10,19
21316494,45,22,23
21316604,107,23,84
21317111,22,4,18
21317226,0,0,0
21317276,0,0,0
21317512,15,6,9
21317673,237,63,174
21317696,62,17,45
21317930,24,2,22
21318488,25,13,12
21318654,47,25,22
21318709,0,1,-1
21319067,1,0,1
21319188,28,12,16
21319429,10,1,9
21319792,42,14,28
21320206,43,11,32
21320306,4,3,1
21321183,25,3,22
21322544,37,10,27
21322815,12,9,3
21322957,8,1,7
21323033,16,2,14
21324618,26,13,13
21324949,16,13,3
21325130,28,10,18
2132725,358,130,228
21329004,133,39,94
21329338,104,47,57
21329373,55,21,34
21329539,85,25,60
21330071,36,10,26
21330605,12,4,8
21330705,56,20,36
21330852,0,0,0
21330878,30,15,15
21331084,4,1,3
21331289,2,0,2
21331478,7,1,6
21331696,48,14,34
21331853,72,19,53
21331971,5,1,4
21331982,1,0,1
21332350,2,0,2
21332475,4,5,-1
2133313,69,46,23
21333317,10,3,7
21333717,62,11,51
21333903,60,23,37
21333923,6,0,6
21334566,1,1,0
21336839,39,6,33
2133721,51,27,24
21338581,14,7,7
21340107,49,14,35
21343974,38,15,23
21344237,64,18,46
21344641,17,8,9
2134467,16,8,8
21344803,210,80,130
21344916,16,8,8
21346513,174,31,143
21348192,58,20,38
21348750,10,1,9
21348772,186,60,126
2134928,26,5,21
21349754,21,0,21
21349987,141,28,113
21350090,1,0,1
21350254,137,55,82
21351133,75,7,68
21351305,6,3,3
21351681,61,25,36
21351862,191,82,109
2135205,56,35,21
21352532,9,0,9
21352596,328,45,283
21352725,85,32,53
21352797,6,1,5
21353018,43,15,28
21353221,70,19,51
21353791,2,0,2
21354257,164,20,144
21354853,5,2,3
21354856,328,45,283
21355143,117,18,99
21355559,34,9,25
21355934,12,2,10
21356629,66,7,59
21357102,210,28,182
21357282,19,8,11
21357500,87,42,45
21357573,64,29,35
21359969,33,12,21
21360007,158,38,120
21360316,1,1,0
21360884,12,4,8
21361011,18,18,0
21361039,0,1,-1
21361739,85,16,69
21361799,40,17,23
21362153,7,2,5
21362262,0,0,0
21362387,0,2,-2
21362819,7,1,6
21363089,87,26,61
21363667,96,10,86
21364202,0,0,0
21364220,18,3,15
21364701,277,135,142
21364778,61,16,45
21364867,11,1,10
21364904,204,48,156
21364967,31,9,22
21365013,24,5,19
21365158,3,0,3
21366872,10,1,9
21367228,10,1,9
21367440,0,0,0
21368633,1,1,0
21370766,1,1,0
21372574,65,16,49
21373712,1,1,0
21373848,18,1,17
21374556,4,0,4
21374581,16,1,15
21374831,58,9,49
21375064,73,20,53
21375131,79,15,64
21375152,3,2,1
21375490,13,0,13
21375763,60,24,36
21376006,14,2,12
21376314,32,16,16
21376908,3,0,3
21376959,32,11,21
21377186,11,2,9
21377810,6,3,3
21378041,20,7,13
21378271,52,23,29
21378395,58,39,19
21379805,0,1,-1
21380195,17,1,16
21380281,70,29,41
21380644,78,16,62
21381123,416,78,338
21381229,156,30,126
21381545,42,11,31
21382000,8,3,5
21382349,47,17,30
21382522,65,32,33
21382570,56,13,43
21382940,104,11,93
21383265,59,8,51
21383350,56,25,31
21383805,5,1,4
21387187,92,14,78
21387798,1,0,1
21387943,6,3,3
21388019,0,0,0
21388147,38,7,31
21388608,6,4,2
21388688,198,48,150
21389186,69,20,49
21389664,10,0,10
21389960,11,4,7
21390275,0,0,0
21390721,12,4,8
21390787,31,18,13
21390924,146,30,116
21391143,1,0,1
21391167,4,2,2
21391184,7,1,6
21391200,11,9,2
21391335,43,11,32
21391449,15,8,7
21391504,904,150,754
21392064,278,87,191
21392086,36,20,16
21392491,43,23,20
21392871,33,7,26
21393480,40,3,37
21394345,69,25,44
21395308,54,11,43
21395854,56,3,53
21395959,3,0,3
21396344,11,4,7
21397367,13,2,11
21397627,5,0,5
2139772,788,226,562
21397830,18,10,8
21397938,0,0,0
21398491,99,12,87
21399616,44,14,30
21401838,24,10,14
21402388,30,10,20
21402735,111,25,86
21402831,75,30,45
21403035,81,25,56
21403544,5,0,5
21403684,46,11,35
21403810,32,4,28
21404125,162,32,130
21404671,29,6,23
21406845,39,9,30
21408212,221,62,159
21408427,53,23,30
21408509,77,46,31
21408942,2,0,2
21409099,45,14,31
21409152,31,12,19
21409763,6,0,6
21409785,24,2,22
21410073,45,15,30
21410152,32,1,31
21410243,100,33,67
21410669,30,8,22
21412469,26,5,21
21412689,11,3,8
21413231,13,4,9
21416334,5,1,4
21416585,2,1,1
21417562,13,1,12
21417973,15,2,13
21418344,39,13,26
21418518,6,2,4
21418947,139,65,74
21419865,92,16,76
21420041,46,20,26
21420352,88,7,81
21420557,16,8,8
21420772,39,18,21
21420773,134,42,92
21420833,122,32,90
21421526,31,9,22
21421816,42,13,29
21421825,2,0,2
21421951,16,7,9
21422472,47,7,40
21422808,219,78,141
21422924,27,3,24
21422943,64,19,45
21423212,4,4,0
21423754,280,52,228
21424260,0,0,0
21424468,5,2,3
21424695,149,64,85
21424737,17,2,15
21425107,116,53,63
21425459,136,46,90
21425533,5,4,1
21425587,6,0,6
21425596,141,57,84
21425710,110,42,68
21425721,51,13,38
21425945,0,0,0
21426203,27,6,21
21426331,81,43,38
21431091,358,192,166
21431316,22,12,10
21431510,322,82,240
21431991,3,0,3
21432007,67,28,39
21432497,38,0,38
21432632,7,3,4
21433290,2,0,2
21433588,81,31,50
21433794,0,0,0
21434132,50,10,40
21434187,11,1,10
21434266,5,0,5
2143544,279,117,162
21435473,3,1,2
21436086,66,21,45
21436250,19,10,9
21438070,111,43,68
21438105,19,11,8
21438138,818,109,709
21439370,22,3,19
21439449,204,81,123
21441508,171,70,101
21441793,3,1,2
21442174,50,8,42
21443042,13,3,10
21443663,3,1,2
21443937,90,29,61
21443996,74,20,54
21444286,9,4,5
21444439,28,2,26
21444629,10,4,6
21444715,18,8,10
21444826,61,7,54
21445270,67,11,56
21445754,58,9,49
21445984,7,0,7
21446267,15,3,12
21447670,21,6,15
21447688,101,28,73
21447865,229,52,177
21447880,8,1,7
21448170,25,4,21
2144822,129,38,91
21448427,0,0,0
21448636,15,8,7
21449444,0,1,-1
2145108,703,142,561
21451774,42,3,39
21451782,25,2,23
21452805,13,5,8
21453715,19,4,15
21453778,0,0,0
21454129,35,8,27
21454136,10,0,10
21454605,27,11,16
21455346,6,1,5
21455348,23,13,10
21455447,70,12,58
21456784,33,9,24
21457057,17,5,12
21457216,8,0,8
21457669,163,82,81
21457870,183,50,133
21457924,0,0,0
21458225,24,9,15
21458727,18,7,11
21458886,11,1,10
21459102,46,32,14
21459884,2,0,2
2145993,413,219,194
21460600,5,1,4
21460716,0,0,0
21464415,3,1,2
21465153,26,2,24
21465244,49,14,35
21465638,27,7,20
21466093,72,31,41
21466194,28,8,20
21466523,10,3,7
21466626,30,11,19
21466837,43,13,30
21467466,69,11,58
21467502,40,17,23
21467527,4,1,3
21467536,1,1,0
21467984,37,13,24
21468017,38,12,26
21468121,4,0,4
21468388,24,5,19
21468789,229,55,174
21468810,441,90,351
21468973,16,2,14
21468992,82,39,43
21469079,0,0,0
21469378,2,0,2
21470333,120,57,63
21470571,54,13,41
21471534,84,18,66
21472048,46,5,41
21472500,53,10,43
21473021,222,51,171
21473371,1,0,1
2147356,51,15,36
21473860,29,12,17
21475119,48,15,33
21475262,13,10,3
214755,38,30,8
21475561,4,1,3
21475789,42,10,32
21478232,31,6,25
21479870,196,103,93
21480112,87,36,51
21480628,21,4,17
21480805,5,2,3
21481088,154,50,104
2148154,421,81,340
21481734,87,13,74
21481783,3,1,2
2148200,148,82,66
21482313,23,6,17
21482578,27,8,19
21483054,274,49,225
21483068,63,6,57
21483437,289,102,187
21483616,4,2,2
21483747,14,1,13
21484084,137,32,105
21484186,1,1,0
21484595,30,3,27
21485027,69,18,51
21485249,0,0,0
21485316,25,4,21
21485440,72,22,50
21485633,20,5,15
21486488,9,1,8
21486774,37,8,29
21486911,4,1,3
21487334,4,2,2
21487625,142,30,112
21487687,105,43,62
21487732,156,44,112
21487887,82,23,59
21487930,122,67,55
21487948,81,36,45
21487965,113,47,66
21488057,36,6,30
21488571,38,13,25
21488870,55,32,23
21489306,0,0,0
21489773,12,5,7
21492859,4,1,3
21493119,187,16,171
21493518,20,6,14
21493722,50,24,26
21494107,3,0,3
21494253,9,8,1
21494315,35,9,26
21494687,34,10,24
21495882,91,19,72
21496076,2,0,2
21496520,10,4,6
21496612,11,4,7
21497109,15,3,12
21497776,30,4,26
21498300,3,1,2
21498669,6,0,6
21498968,26,10,16
21499083,30,6,24
214995,1185,258,927
21499718,4,1,3
21499899,183,25,158
21500787,115,29,86
21500843,32,8,24
21501546,2,1,1
21502017,0,2,-2
2150265,54,18,36
21502886,235,65,170
21503657,13,4,9
21504027,43,3,40
21504087,61,18,43
21507447,9,1,8
21508510,74,12,62
21508530,10,1,9
21508725,65,42,23
21509087,47,23,24
21509393,17,4,13
21509719,41,10,31
21510000,39,28,11
21512344,15,1,14
21512772,80,13,67
21513047,94,50,44
21513195,9,1,8
21514168,37,14,23
21515944,57,12,45
21516056,5,1,4
21516222,4,0,4
21517108,19,13,6
21518253,82,18,64
21520331,12,0,12
21521250,64,15,49
21521674,54,9,45
21521741,11,6,5
21521806,88,30,58
21521897,19,9,10
21521913,17,6,11
21522002,13,8,5
21522548,20,7,13
21522590,47,18,29
21522817,18,1,17
21523011,25,3,22
21523015,13,0,13
21523217,6,3,3
21523290,39,20,19
21523502,15,18,-3
21524300,36,7,29
21524500,35,5,30
21524919,78,33,45
21524989,72,23,49
21525215,0,1,-1
21525346,11,5,6
21525698,42,15,27
21525706,5,0,5
21525807,10,3,7
21525824,95,44,51
21525837,152,58,94
21526034,2,4,-2
21526134,9,1,8
21526162,4,2,2
21526220,112,23,89
21526264,17,6,11
21526265,19,9,10
21526739,28,8,20
21526805,3,3,0
21527234,41,36,5
21527531,332,30,302
21528451,17,1,16
21528713,17,0,17
21528714,37,7,30
21528956,77,19,58
21528971,0,0,0
21529139,16,10,6
21529662,56,11,45
21529678,0,2,-2
21530356,46,11,35
21533321,1,1,0
21533363,29,3,26
21533397,24,5,19
21533751,13,1,12
21534184,10,1,9
21534745,96,13,83
21534888,50,19,31
21535019,8,2,6
21535678,77,24,53
21535868,1,1,0
21535887,2,0,2
21536062,2,0,2
21536975,19,4,15
21537137,1,0,1
2153716,222,92,130
21537316,20,5,15
21537768,68,32,36
2153806,41,24,17
21538206,46,8,38
21538695,19,2,17
21538702,18,6,12
21539574,12,3,9
21539638,9,0,9
21539931,52,24,28
21542158,11,1,10
21542187,1,0,1
21542443,134,17,117
21543053,56,17,39
21543204,5,2,3
21544019,74,11,63
21544318,24,10,14
21544348,10,5,5
21544525,1,1,0
21546246,6,3,3
21547535,5,0,5
21547789,129,33,96
21548064,81,13,68
21548231,14,2,12
21548305,57,14,43
21548650,22,21,1
21548873,34,8,26
21548875,9,6,3
21549379,56,19,37
21550018,15,7,8
21550080,18,17,1
21550107,9,1,8
21550383,11,3,8
21551463,30,8,22
21555965,60,2,58
21556610,35,7,28
21557054,104,29,75
21557069,3,0,3
21557303,227,24,203
21557342,0,0,0
21557614,56,13,43
21557916,190,47,143
21558275,1,0,1
21558416,7,0,7
21558448,71,5,66
21558534,20,3,17
21558553,68,16,52
21559143,49,7,42
21559902,36,3,33
21560124,35,15,20
21560224,154,23,131
21560389,3,0,3
21560687,10,5,5
21561212,20,12,8
21561999,144,34,110
21563009,10,4,6
21563245,1,0,1
21563456,184,45,139
21564151,1,0,1
21564181,309,61,248
21564698,36,3,33
21565468,10,4,6
21565970,87,16,71
21566366,1,2,-1
21569558,1,0,1
21571036,19,3,16
21571206,39,7,32
21571987,215,89,126
21572467,52,16,36
21572479,4,1,3
21572665,0,0,0
21572705,27,6,21
21573619,2,1,1
21573664,2,2,0
21573937,0,1,-1
21573994,4,2,2
21574087,7,5,2
21574205,1,1,0
21574416,0,0,0
21574550,16,8,8
21574572,14,3,11
21574665,1,0,1
21575093,4,0,4
21575196,1,0,1
21575399,11,2,9
21575700,48,8,40
21575734,6,2,4
21575909,1,0,1
21576015,5,1,4
21576059,0,0,0
21576083,84,25,59
21576269,1,0,1
21576559,2,0,2
21576770,30,6,24
21576806,17,3,14
21576812,101,35,66
21577851,0,0,0
21577907,65,34,31
21578261,26,4,22
2157833,99,42,57
2157875,87,44,43
2157890,45,11,34
21579786,163,47,116
21580482,18,1,17
21580567,11,0,11
21580611,110,41,69
21580771,1,1,0
21580789,2,0,2
21580987,13,5,8
21581103,95,16,79
21581183,83,15,68
21581426,45,8,37
21583271,3,1,2
2158479,13,4,9
21585578,6,2,4
21585758,81,26,55
21586279,1,0,1
21586607,2,0,2
21586751,31,12,19
21586992,5,1,4
21587154,55,16,39
21587218,7,1,6
21587542,5,1,4
21587575,133,29,104
21587602,5,1,4
21587710,1,0,1
21587789,127,30,97
21587891,3,0,3
2158844,312,131,181
21588742,6,1,5
21588833,56,17,39
21589341,49,18,31
2158939,0,1,-1
21589916,28,2,26
21590433,45,8,37
21590602,4,2,2
21590815,224,32,192
21591470,79,35,44
21591510,22,5,17
21592190,190,83,107
21592520,125,38,87
21594298,118,57,61
21595106,47,7,40
21595150,1,1,0
21595257,21,2,19
21595736,188,52,136
21595748,49,22,27
21596032,13,3,10
21599111,3,0,3
21599417,7,2,5
21599440,14,2,12
21599893,44,18,26
21600354,40,4,36
21600523,25,2,23
21601150,40,10,30
21601390,77,29,48
21602021,7,1,6
21602561,94,12,82
21603145,7,4,3
21603265,8,3,5
21603683,37,6,31
21604001,6,1,5
21604020,45,15,30
21604251,0,0,0
21604297,76,21,55
21604369,63,14,49
21604499,40,7,33
21604542,29,6,23
21605252,23,7,16
21605313,64,33,31
21605399,30,1,29
21605414,1,1,0
21605546,8,4,4
21605575,4,1,3
21605609,7,3,4
21606261,146,65,81
21606351,33,19,14
21606723,6,4,2
21606955,37,13,24
21607117,8,3,5
21607682,10,0,10
21607891,0,0,0
21607993,45,20,25
21608077,81,22,59
21608115,8,0,8
21608457,11,3,8
21608781,28,7,21
21609297,18,4,14
21609374,4,1,3
21609541,37,15,22
21610002,36,14,22
21610416,37,6,31
21613901,0,0,0
21614707,32,19,13
21615337,0,0,0
21615484,18,2,16
21615775,25,2,23
21616339,36,18,18
21616697,3,4,-1
21616769,92,26,66
21617107,106,24,82
21617504,82,25,57
21617650,327,54,273
21618097,2,1,1
21618163,24,8,16
21618182,143,40,103
21618325,67,20,47
21618450,12,2,10
21618529,99,42,57
21618536,164,32,132
21618584,2,5,-3
21618907,71,28,43
21618944,25,15,10
21618989,27,5,22
21619023,33,10,23
21619121,32,8,24
21619224,4,2,2
21619266,133,64,69
21619399,24,6,18
21619428,9,3,6
21619554,34,10,24
21619948,4,1,3
21620651,92,42,50
21620991,139,77,62
2162173,61,21,40
21622428,70,17,53
21622429,77,19,58
21623060,8,1,7
21623633,149,50,99
2162431,2,1,1
21624568,7,2,5
21624574,60,14,46
21626734,37,6,31
21627210,9,3,6
21627220,245,57,188
21627583,8,2,6
21627691,10,0,10
21627992,2,0,2
21628288,17,3,14
21628342,9,6,3
21628501,10,1,9
21628635,34,6,28
21628638,20,4,16
21628988,11,1,10
21629132,58,25,33
21630699,90,17,73
21630715,74,13,61
21631019,4,4,0
21631062,69,12,57
21632670,0,1,-1
21633574,51,14,37
21634374,297,123,174
21634455,26,4,22
21634855,37,7,30
216350,589,95,494
21638174,231,53,178
21638257,17,2,15
21639013,126,35,91
21639076,328,72,256
2163914,450,193,257
21639405,0,0,0
21639860,18,2,16
21640133,115,30,85
21640226,30,7,23
21640641,6,3,3
21640876,189,54,135
21640879,249,57,192
21641065,193,17,176
21641104,266,36,230
21641433,11,4,7
21641694,22,6,16
21641740,51,13,38
21641975,10,1,9
2164202,1,0,1
21642135,21,3,18
21642159,121,25,96
21642381,31,15,16
21642436,4,0,4
21642806,42,9,33
21642807,29,12,17
21643581,9,2,7
21643963,55,10,45
21644221,102,51,51
21644222,74,16,58
21644400,0,0,0
21644477,24,13,11
21644518,8,5,3
21644551,148,55,93
21644605,5,4,1
21644613,24,6,18
2164512,11,1,10
21645288,328,54,274
21645654,5,2,3
21646167,0,0,0
21646453,54,20,34
21646603,19,5,14
21647114,26,9,17
21647126,2,0,2
21647137,1,0,1
21648409,25,13,12
21650198,19,17,2
21652429,35,6,29
21652873,37,13,24
21652894,127,14,113
21653024,23,16,7
21653264,11,8,3
21653367,4,0,4
21653456,100,26,74
21656079,18,6,12
21656572,10,4,6
21656832,6,1,5
21657840,5,2,3
21659199,19,7,12
21659386,62,13,49
21660872,62,26,36
21661656,16,9,7
21662213,67,16,51
21662404,21,2,19
21662694,0,0,0
21663496,95,24,71
21663546,16,6,10
21664022,15,6,9
21664517,35,15,20
21664767,7,4,3
21665334,35,16,19
21665385,2,0,2
21665950,37,19,18
21667435,73,10,63
21669758,12,10,2
21670220,5,2,3
21670418,11,6,5
21670579,127,12,115
21670687,303,67,236
21670724,31,3,28
21670905,3,2,1
21671297,12,5,7
21671588,5,1,4
21671593,18,10,8
21671814,11,3,8
21671872,24,20,4
21671904,2,1,1
21671933,110,36,74
21672226,12,2,10
21672279,15,2,13
21672296,7,2,5
21672454,14,5,9
21672460,194,53,141
21672601,12,3,9
21672618,3,0,3
21672706,106,22,84
21672715,2,0,2
21673431,27,9,18
21673573,16,3,13
2167361,0,0,0
21674049,0,0,0
21674080,48,7,41
21674311,6,1,5
21674628,243,51,192
21674931,3,0,3
21674955,24,12,12
2167502,158,31,127
21675413,0,0,0
21675503,24,0,24
21675954,219,58,161
21676088,30,8,22
21676224,41,12,29
21676258,85,14,71
21676398,47,19,28
21676489,27,5,22
21676581,40,23,17
21676864,0,0,0
21677012,17,11,6
21677132,113,16,97
21677155,35,6,29
21677460,8,1,7
21677826,15,6,9
21678294,4,1,3
21678354,35,11,24
21678554,20,3,17
21678672,19,4,15
21678749,4,1,3
21679081,5,1,4
21679090,22,4,18
21679119,10,3,7
2167982,74,21,53
21680316,1,0,1
21680529,24,7,17
21681010,89,23,66
21681055,1,0,1
21681213,62,6,56
21681286,78,18,60
21681298,24,4,20
21681332,53,22,31
21681438,23,8,15
21681483,0,0,0
21682075,93,16,77
21682338,1,2,-1
21682378,168,36,132
21682742,108,21,87
21682946,21,3,18
21683124,4,3,1
21685542,17,4,13
21685799,1,0,1
21686948,15,6,9
21687051,4,0,4
21687177,81,40,41
21687518,41,15,26
21687743,0,0,0
21687806,21,6,15
21688000,38,15,23
21688218,3,0,3
21688537,36,7,29
21688562,74,21,53
21688646,9,3,6
21688692,68,30,38
21688893,71,10,61
21688964,49,21,28
21689006,43,19,24
21689633,0,0,0
21689655,9,1,8
21689895,30,13,17
21689988,0,0,0
21690070,32,3,29
21690106,103,21,82
21690170,17,10,7
21690488,1,1,0
21690684,2,1,1
21690852,6,1,5
21691633,10,4,6
21692343,12,8,4
21692501,126,51,75
21692919,17,4,13
21693385,2,0,2
21693865,3,0,3
21694671,12,3,9
21694722,4,1,3
21696252,0,0,0
21696336,27,9,18
21697235,8,7,1
21697551,31,10,21
21697609,13,4,9
21698524,17,2,15
21698710,7,4,3
21698742,2,1,1
2169902,60,18,42
2169916,326,99,227
2169970,28,10,18
21700003,10,2,8
21700265,214,65,149
21702472,9,3,6
21702978,3,6,-3
21703432,31,10,21
21704201,69,16,53
21704321,120,13,107
21704492,15,0,15
21704626,32,15,17
21705313,0,0,0
21705531,0,0,0
21705540,1,0,1
21705708,15,4,11
21705745,20,7,13
21705960,1,0,1
21706030,57,17,40
21706194,27,5,22
21706258,38,12,26
21706682,95,44,51
21706695,6,2,4
21707490,4,3,1
21707825,65,18,47
21707907,19,9,10
21708467,84,27,57
21709000,64,9,55
2170907,88,51,37
21709108,11,3,8
21709109,39,9,30
21709559,0,1,-1
21709711,132,24,108
21709791,25,6,19
21710505,0,0,0
21710620,20,3,17
21711238,24,5,19
21711413,7,4,3
21711430,21,5,16
21712568,14,12,2
21712876,50,8,42
21713109,3,2,1
21713155,4,1,3
21713645,74,27,47
21714072,57,5,52
21714269,72,35,37
21714305,25,10,15
21715987,0,0,0
21716877,12,2,10
21718300,187,55,132
21719580,1,1,0
21720168,0,0,0
21720313,1,3,-2
21720502,5,1,4
21720804,13,2,11
21720827,13,3,10
21721138,16,3,13
21721222,441,72,369
21721338,49,5,44
21721508,6,0,6
21721541,11,4,7
21721662,251,110,141
21722179,1,1,0
21722381,48,21,27
21722672,174,31,143
21722685,76,24,52
21722699,7,1,6
21722752,16,3,13
21722795,120,36,84
21722880,38,7,31
21723009,16,2,14
21723102,10,3,7
21723227,21,8,13
21724535,99,23,76
21725090,19,7,12
21725341,34,2,32
21725345,708,92,616
21725560,2,0,2
21726042,3,5,-2
21726110,15,11,4
21726386,36,23,13
21726440,7,8,-1
21726631,63,17,46
21727335,4,1,3
21727825,73,34,39
21728032,106,28,78
21728270,16,3,13
21728384,3,3,0
21728956,399,93,306
21729481,39,6,33
21732019,37,1,36
21732191,11,4,7
21732237,4,1,3
2173226,252,29,223
2173240,63,31,32
21732892,0,0,0
21732966,95,18,77
21733162,40,9,31
21733179,26,3,23
21733240,1,0,1
2173335,60,25,35
21733351,12,2,10
21733509,1,0,1
21734030,0,0,0
21734286,30,3,27
21734481,114,26,88
21734520,2,1,1
21734590,16,3,13
21734773,2,1,1
21734851,6,5,1
21734867,11,2,9
21734893,14,2,12
21735544,1,0,1
21736193,7,1,6
21736218,14,4,10
21736332,229,46,183
2173666,110,36,74
21736899,20,2,18
21737892,29,4,25
21737920,10,5,5
21737994,93,12,81
21738233,15,5,10
21738831,9,6,3
21739225,52,6,46
21739669,12,9,3
21742388,0,0,0
21743301,3,0,3
21743479,5,1,4
21743538,18,0,18
21744434,1,1,0
21744572,15,5,10
21744636,19,5,14
21744914,44,20,24
21745003,20,4,16
21745212,49,19,30
21745346,21,5,16
21745688,54,10,44
21746144,33,6,27
21747735,3,0,3
21747816,22,6,16
21747826,16,0,16
21748172,9,3,6
21748428,100,24,76
21749237,0,0,0
21749569,11,12,-1
21749768,5,2,3
21749947,4,2,2
21750239,6,1,5
21750912,97,11,86
21751111,24,5,19
21751389,34,16,18
21751620,35,3,32
21752258,2,1,1
21753400,47,18,29
21757602,6,3,3
21757722,69,26,43
21758286,187,27,160
21758291,108,34,74
21759096,114,48,66
21760300,7,1,6
21760561,32,13,19
21760857,48,8,40
21761040,122,16,106
21761137,0,0,0
21761267,267,38,229
21761484,51,14,37
21762353,0,0,0
21762398,446,51,395
21762825,12,8,4
21763163,4,0,4
21763513,3,0,3
21764073,63,30,33
21764973,22,9,13
21765269,3,2,1
21766158,2,1,1
21766165,15,2,13
21767015,13,4,9
21767051,8,2,6
21767177,13,1,12
21767206,36,22,14
21767393,1,1,0
21767439,128,31,97
21767724,24,2,22
21767778,76,12,64
21768322,47,15,32
21768442,146,29,117
21768978,34,6,28
21770764,43,9,34
21771064,76,33,43
21773557,58,14,44
21773598,67,7,60
21773713,52,12,40
21773998,0,0,0
21774954,41,18,23
21775496,36,20,16
21775517,9,2,7
21775738,19,4,15
21776054,31,6,25
21776548,17,7,10
21776918,11,5,6
21777203,74,12,62
21777355,23,4,19
21777492,142,30,112
21777593,167,25,142
21777787,1,1,0
21777839,316,76,240
21777846,6,5,1
21778304,65,21,44
21778363,41,15,26
21778418,1,0,1
21778570,19,5,14
21778952,141,27,114
21779275,0,0,0
21779565,2,1,1
21779566,142,58,84
21779567,22,16,6
21779569,18,3,15
21779571,26,10,16
21779745,11,2,9
21779885,19,6,13
21780105,8,2,6
21780198,6,1,5
21780537,116,15,101
21780642,410,83,327
21780694,90,26,64
21781674,58,16,42
21781838,51,8,43
21782004,22,5,17
2178207,75,24,51
21782123,279,37,242
21782421,217,58,159
21782479,149,33,116
21784255,6,5,1
21784618,1,0,1
21784721,4,0,4
21784939,5,0,5
21784992,28,14,14
21785128,256,102,154
21786029,22,5,17
21787255,30,18,12
21787438,75,17,58
21790668,0,0,0
21791667,4,1,3
21791770,136,38,98
21791885,23,7,16
21791979,1,1,0
21792164,0,0,0
21792541,20,2,18
21792553,40,12,28
21792728,0,0,0
21792842,100,23,77
21793101,3,0,3
21793233,3,2,1
21793348,42,12,30
21793883,8,1,7
21793979,8,2,6
21794088,7,1,6
2179478,15,2,13
21794801,4,2,2
21795203,12,3,9
21795304,0,0,0
21795445,9,2,7
21795791,6,3,3
21796016,53,13,40
21796196,57,13,44
21796581,61,32,29
21796614,4,3,1
21796707,441,52,389
21797164,60,13,47
21797497,30,3,27
21797788,30,0,30
21798274,150,68,82
21798350,5,1,4
21798425,84,12,72
21798451,6,4,2
21798514,102,20,82
21798547,1,3,-2
21799366,41,4,37
21799562,48,16,32
21801085,2,2,0
21801087,38,14,24
21801091,0,0,0
21801259,24,6,18
21801450,23,1,22
21801580,0,0,0
21801769,59,17,42
21802370,97,29,68
21802381,48,15,33
21803185,123,49,74
2180341,94,23,71
21803937,0,0,0
2180394,436,124,312
2180407,151,53,98
21805789,0,2,-2
21806040,12,6,6
21806118,2,1,1
21806870,0,0,0
21807338,26,12,14
21807805,2,0,2
21808148,5,2,3
21808224,1,0,1
21808397,104,41,63
21808623,1,1,0
21808869,3,1,2
21809307,4,1,3
21810212,9,4,5
21810250,1,2,-1
21810416,35,5,30
2181080,6,0,6
21810905,79,26,53
21811518,86,40,46
21811795,71,18,53
21812050,2,0,2
21812052,18,6,12
21812100,185,74,111
21812174,121,51,70
21812439,19,3,16
21813270,75,32,43
21813436,31,8,23
21813749,54,14,40
21813802,45,5,40
21814269,3,1,2
21814379,56,27,29
21814444,17,3,14
21814704,84,19,65
21814902,0,1,-1
21815090,4,3,1
21815208,53,27,26
21815416,2,4,-2
2181745,8,10,-2
2181796,23,1,22
2181825,88,39,49
21819335,19,2,17
21819836,59,18,41
21820359,6,0,6
21820734,8,2,6
21821117,51,21,30
21821270,16,6,10
21821339,26,3,23
21821712,20,3,17
21821720,42,13,29
21821827,11,4,7
21821948,3,0,3
21822160,2,0,2
21822406,52,20,32
21822571,14,4,10
21822704,44,16,28
21822912,1,0,1
21823008,0,0,0
21823024,106,28,78
21823068,86,32,54
21823112,70,17,53
21823149,63,13,50
21823181,74,15,59
21823200,86,21,65
21823215,10,3,7
21823295,83,21,62
21823334,66,18,48
21823361,53,7,46
21823614,1,0,1
21823916,13,4,9
21824700,36,14,22
21825158,31,5,26
21826548,6,0,6
21826942,137,30,107
21827234,48,24,24
2182759,38,5,33
21828128,320,51,269
21828310,67,11,56
21828870,57,26,31
21829990,20,4,16
21831200,74,10,64
21831596,0,0,0
21831818,167,35,132
21831925,30,9,21
21832052,51,19,32
21832694,186,29,157
21832701,39,13,26
21832855,26,7,19
21833071,16,12,4
21833590,8,5,3
21833739,54,8,46
21833899,84,27,57
21834022,10,0,10
21834372,4,0,4
21834571,22,2,20
21834998,15,4,11
21835117,156,20,136
21835866,42,11,31
21836276,8,1,7
21836459,7,6,1
21836500,93,13,80
21837090,4,0,4
21839057,152,24,128
21839288,37,4,33
21839493,139,30,109
21839494,151,33,118
21839495,183,44,139
21840551,3,0,3
21841316,2,2,0
21841874,2,0,2
21842563,69,26,43
21842744,4,0,4
21843003,63,13,50
21843080,0,0,0
21843497,0,0,0
21843635,62,8,54
21844161,7,1,6
21844171,0,0,0
21845513,16,9,7
21845581,53,14,39
21845596,95,27,68
21845656,2,0,2
21845824,3,0,3
2184602,131,63,68
21846104,3,1,2
21846301,10,6,4
21846465,13,2,11
21846555,82,16,66
21846714,0,0,0
21846810,33,9,24
21846871,35,14,21
21847726,55,21,34
2184786,415,136,279
21848063,2,0,2
21848236,4,0,4
21848389,3,3,0
21848405,3,1,2
21848446,53,21,32
21848534,129,16,113
21848713,37,8,29
21848867,108,20,88
21849066,64,23,41
21849223,28,5,23
21849277,6,4,2
21849843,3,0,3
21849890,8,0,8
21849999,1,0,1
21850488,49,18,31
21850935,37,12,25
21854016,43,20,23
21854167,0,0,0
21854186,0,1,-1
21855392,4,0,4
21855837,502,80,422
21856057,25,1,24
21856339,16,2,14
21856904,1,2,-1
21857025,62,6,56
21857117,49,7,42
21857437,14,2,12
21857758,26,9,17
21857911,4,1,3
21857995,8,0,8
21858079,14,5,9
21858152,50,20,30
21858289,1,1,0
21858465,11,4,7
21858538,49,21,28
21858547,106,39,67
21858600,26,5,21
21858915,145,72,73
21859673,79,16,63
21860100,66,36,30
21860169,82,25,57
21860799,9,1,8
21860809,103,22,81
2186183,7,4,3
21862065,89,18,71
21862328,50,10,40
21862485,14,1,13
21862556,1,0,1
21863081,4,2,2
21863251,39,6,33
21863794,124,26,98
21863965,3,1,2
21864035,6,2,4
21864259,173,30,143
21864702,34,9,25
21864723,19,8,11
21864886,69,9,60
21866564,15,6,9
21866754,4,0,4
21867363,0,0,0
21871598,1,0,1
21871805,28,4,24
21872319,11,10,1
21873114,202,45,157
21874209,136,19,117
21874403,6,0,6
21874488,2,0,2
21874571,11,1,10
21874690,26,7,19
21875084,66,41,25
21875364,6,2,4
21875386,47,8,39
21875830,48,13,35
21875988,6,2,4
21876854,20,0,20
21877552,321,82,239
21877670,32,6,26
21877889,7,0,7
21877933,2,0,2
21878026,3,0,3
21878404,14,6,8
21878437,54,29,25
21878443,49,9,40
21878495,13,1,12
21878617,49,8,41
21878686,296,64,232
21879160,24,7,17
21879577,4,0,4
21880588,33,13,20
21880752,77,1,76
21881040,11,2,9
21881424,21,1,20
21881718,29,6,23
21881948,9,0,9
21882380,45,12,33
21882443,9,3,6
21882804,10,3,7
21883647,45,13,32
21883695,103,32,71
21884329,0,0,0
21885921,0,0,0
21887120,45,13,32
21887960,72,29,43
21888734,2,0,2
21888815,62,26,36
21889165,0,2,-2
21889310,5,1,4
21889525,48,17,31
21889571,19,9,10
21889583,120,45,75
21890576,36,5,31
21891325,69,17,52
21891514,76,26,50
21891738,2,0,2
21891957,5,0,5
21892149,155,26,129
21892168,52,16,36
21892513,25,7,18
21892735,43,9,34
21893202,66,22,44
21893215,32,13,19
21893231,3,0,3
21893254,89,22,67
21893269,29,6,23
21893273,24,9,15
21893295,26,7,19
21893308,16,6,10
21893343,11,4,7
21893881,23,9,14
21894285,0,0,0
21894906,28,3,25
21894927,7,0,7
21894932,10,0,10
21895313,3,0,3
21895396,0,0,0
21895613,1,1,0
21896055,41,6,35
21896157,6,0,6
21896283,39,1,38
21896291,83,32,51
21897008,34,4,30
21897706,1,0,1
21898022,61,22,39
21898360,1,0,1
21898393,0,1,-1
21899682,15,3,12
21901990,79,28,51
21902359,0,0,0
21902533,31,3,28
21903311,9,2,7
21903526,22,1,21
21904018,21,4,17
21904198,64,24,40
21904246,27,12,15
21904324,68,14,54
21904431,0,0,0
21904685,1,0,1
21904845,204,68,136
21905189,4,1,3
21905800,77,25,52
2190631,10,3,7
21906904,226,36,190
21907044,24,6,18
21907083,3,2,1
21907175,10,2,8
21907549,23,13,10
21907551,6,2,4
21907977,121,43,78
21908388,7,0,7
21908992,73,31,42
21909439,17,7,10
21909508,1,0,1
21910445,58,12,46
21910743,3,1,2
21911422,1,1,0
21911574,58,17,41
21912148,77,34,43
21912251,30,5,25
21912391,33,7,26
21912751,36,7,29
21913313,85,16,69
21913705,60,31,29
21913707,74,28,46
2191456,12,10,2
21915313,49,17,32
21915602,22,3,19
21917462,0,0,0
21917789,3,0,3
21917958,4,0,4
2191824,11,1,10
21918592,35,7,28
21918864,5,0,5
21919375,2,2,0
21919671,63,25,38
21919706,18,3,15
21920227,152,16,136
21920236,36,3,33
21920286,2,0,2
21920701,11,2,9
21920825,72,22,50
21921217,34,6,28
21922254,12,5,7
21922381,25,5,20
21923107,5,1,4
21923576,23,2,21
21924469,56,30,26
21924821,18,4,14
21925025,0,0,0
21926008,7,7,0
21926281,27,2,25
2192751,2,8,-6
21928792,38,12,26
21929285,15,6,9
21929748,11,0,11
21929987,0,0,0
21930268,142,19,123
21930829,18,3,15
21931132,4,1,3
21931838,15,5,10
21932021,161,21,140
21932467,122,28,94
21932560,67,22,45
21932875,36,13,23
21932944,49,12,37
21932985,39,13,26
21933051,45,20,25
21933074,35,12,23
21933194,60,20,40
21933233,73,18,55
21933265,71,12,59
21933316,92,30,62
21933494,21,4,17
21933909,40,12,28
21934533,29,3,26
21934920,0,0,0
21935460,50,11,39
21935683,4,4,0
21935771,47,21,26
21936158,12,2,10
21936227,14,4,10
21937271,2,0,2
21938925,44,9,35
21939127,3,0,3
21939172,38,15,23
21940059,53,11,42
21940143,118,27,91
21940396,2,1,1
21940466,83,16,67
21940480,8,3,5
21940542,22,1,21
21940562,20,9,11
21940638,10,1,9
21941072,13,6,7
21941130,0,0,0
21941168,21,4,17
21941522,1,0,1
21942008,12,3,9
21942055,0,0,0
21942664,0,0,0
21943393,15,2,13
21943780,57,15,42
21943990,11,4,7
21944156,31,10,21
21944261,5,6,-1
21944286,62,7,55
21944531,0,0,0
21944840,61,17,44
21945007,9,5,4
21945080,30,6,24
21945305,14,1,13
21945480,76,21,55
21945594,45,11,34
21945672,41,9,32
21945721,79,14,65
21946096,23,5,18
21946671,83,20,63
21946800,183,48,135
21946923,16,1,15
21947031,10,3,7
21947152,0,0,0
21947328,1,0,1
21947632,32,2,30
21947701,64,50,14
21947902,64,5,59
21948704,23,7,16
21953111,71,28,43
21954027,10,1,9
21954093,33,9,24
21954269,2,0,2
21954534,4,0,4
21954687,52,17,35
21954944,6,1,5
21955193,17,12,5
21955225,8,4,4
21955362,32,10,22
21955391,37,18,19
21955623,45,5,40
21956061,10,3,7
21957078,0,0,0
21957492,7,0,7
21958001,0,0,0
21958249,6,3,3
21958523,12,2,10
21959239,32,7,25
21959614,4,0,4
21959615,1,1,0
21959752,6,3,3
21959996,3,0,3
21960235,14,3,11
21960350,4,2,2
21960705,13,4,9
21961310,0,0,0
21961371,0,0,0
21962181,11,2,9
21962576,2,3,-1
21962678,7,1,6
21963083,3,1,2
21963475,3,0,3
21963558,6,0,6
21963674,39,8,31
21964087,3,0,3
21964434,11,6,5
21964536,2,0,2
21964914,20,11,9
21965087,72,30,42
21965515,16,6,10
21966471,29,10,19
219665,452,137,315
21966615,28,6,22
21970342,50,12,38
21970486,90,24,66
21970592,9,4,5
21970959,15,1,14
21971082,118,28,90
21971874,43,11,32
21972009,12,0,12
21972073,11,5,6
21972367,55,19,36
21972645,0,0,0
21972781,2,1,1
21973299,7,1,6
21973351,19,11,8
21973842,108,22,86
21974024,35,11,24
21975141,50,6,44
21975453,17,8,9
21975475,71,38,33
21975545,5,1,4
21975643,0,0,0
21975693,10,2,8
21976193,25,15,10
21976491,7,2,5
2197681,43,5,38
21977901,81,18,63
21978037,60,15,45
21978157,428,89,339
21978695,2,0,2
21978709,347,92,255
21979064,12,5,7
21979137,29,10,19
21979486,4,4,0
21979929,0,0,0
21980231,174,81,93
21981674,36,9,27
21981699,3,0,3
21982395,73,26,47
21987119,1,2,-1
21987261,14,2,12
21987323,2,0,2
21987696,16,2,14
21988367,9,2,7
21988885,11,2,9
21988961,425,65,360
21989725,94,12,82
21990204,19,3,16
21990242,83,30,53
21990497,41,11,30
21990776,5,3,2
21990844,5,0,5
21991200,32,12,20
21991313,2,0,2
21991869,19,6,13
21992031,1,0,1
21992216,45,18,27
21992336,59,24,35
21992399,2,0,2
21992621,35,21,14
21993407,44,17,27
21993504,0,0,0
21993654,1,0,1
21993925,26,8,18
21994372,96,52,44
21994495,10,2,8
21995065,53,23,30
21995206,22,1,21
21995374,25,15,10
21995708,0,0,0
21996070,1,1,0
21996149,51,15,36
21996221,57,14,43
21996262,61,17,44
21996406,20,2,18
21996425,8,9,-1
2199692,48,23,25
21998002,18,0,18
21998186,3,2,1
21998267,155,18,137
2200451,339,140,199
22004558,31,9,22
22004922,17,17,0
22005072,3,1,2
22005897,2,5,-3
22006265,5,2,3
22006538,59,29,30
22007203,16,5,11
22007460,77,24,53
22007520,32,7,25
22007552,32,2,30
22007576,22,7,15
22007656,70,20,50
22007682,121,27,94
22007732,72,16,56
22007912,73,11,62
22007946,18,11,7
22007998,43,12,31
22008130,99,40,59
22008562,102,47,55
22008618,91,23,68
22008720,87,33,54
22008799,96,19,77
22009112,60,29,31
22009433,54,19,35
22009480,22,8,14
22009706,7,4,3
22009832,9,0,9
22010322,3,1,2
22010458,72,13,59
2201048,138,50,88
22010714,35,8,27
2201100,314,153,161
22012108,6,6,0
22013074,76,15,61
22013089,15,2,13
22013522,73,16,57
22014848,24,9,15
22014865,8,1,7
22015091,42,13,29
22015282,32,16,16
22015994,17,21,-4
22016217,4,2,2
22016695,17,5,12
22017099,5,0,5
22020157,66,19,47
22021762,2,1,1
22022428,2,2,0
22022755,36,12,24
22022870,54,18,36
22024458,3,1,2
22025111,46,19,27
22025150,11,2,9
22025256,21,15,6
22025598,103,16,87
22025676,22,4,18
22025808,8,3,5
22026244,1,0,1
22026598,11,3,8
22026769,4,0,4
22026821,2,0,2
22026936,50,19,31
22027712,27,2,25
22027742,23,14,9
22028049,8,0,8
22028323,64,10,54
22028472,6,1,5
22028495,21,9,12
22028977,25,16,9
22028978,26,8,18
22029278,32,11,21
22029563,34,13,21
22030114,75,38,37
22030162,2,0,2
22031234,150,29,121
22031528,0,0,0
22032088,78,33,45
22032841,93,28,65
22033035,25,2,23
22038765,3,1,2
22038985,9,2,7
22039674,3,0,3
22039856,51,6,45
22040004,15,3,12
22040447,7,0,7
22040840,11,2,9
22041012,14,2,12
22041015,37,14,23
22041018,163,34,129
22041476,199,32,167
22042415,6,0,6
22042931,21,5,16
22043164,121,15,106
22043216,24,7,17
22044115,2,0,2
22045052,80,25,55
22046232,145,28,117
22046673,290,61,229
22046992,14,9,5
22047431,17,7,10
22047726,0,0,0
22047821,101,26,75
22047923,0,0,0
22048327,65,21,44
22048746,80,12,68
22049334,40,11,29
22049446,25,13,12
22049544,35,13,22
22051541,0,0,0
2205279,162,80,82
22053775,35,13,22
22054047,12,7,5
22054854,1,0,1
22054991,8,1,7
22055449,5,1,4
22055664,88,18,70
22055733,29,6,23
22056025,31,10,21
22056105,37,9,28
22056229,0,0,0
22056839,94,23,71
22057872,31,5,26
22058184,22,8,14
22058361,6,2,4
22058399,2,2,0
22058484,46,7,39
22058813,3,1,2
22059206,3,0,3
22059261,2,1,1
22059425,6,1,5
22059609,326,89,237
22059932,2,0,2
22060135,0,0,0
22060361,9,4,5
22060626,34,2,32
22060876,59,7,52
22061034,1,0,1
22061116,3,0,3
22062599,20,2,18
22062635,131,14,117
22062994,38,9,29
22063217,3,1,2
22063245,112,20,92
22063260,34,3,31
2206362,19,8,11
22063923,24,7,17
22064578,12,3,9
22064605,15,7,8
22064735,7,3,4
22064826,0,1,-1
22064881,0,0,0
22065161,18,1,17
22065277,0,0,0
22065590,3,0,3
22066003,2,1,1
2207089,32,5,27
22071394,13,1,12
22072094,0,0,0
22072432,95,21,74
22072489,12,10,2
22072554,9,0,9
22072626,3,0,3
22072634,14,9,5
22073026,68,9,59
22073489,82,17,65
22073859,5,2,3
22074007,48,14,34
22074293,151,45,106
22074370,55,23,32
22074371,68,25,43
22074460,163,73,90
22075459,32,11,21
22075700,25,17,8
22076030,2,0,2
22076033,7,0,7
22076174,131,41,90
22076219,5,4,1
22077131,48,23,25
22077286,2,0,2
22078729,14,6,8
22079188,16,0,16
22079554,74,23,51
22080334,92,25,67
22080354,17,9,8
22080519,30,9,21
22080800,16,6,10
22080815,65,14,51
22080900,8,1,7
22081561,125,37,88
22081628,247,54,193
2208230,694,113,581
22082510,18,4,14
22083387,1,1,0
22083900,25,7,18
22084071,6,1,5
22085480,1,1,0
22085610,60,16,44
22085894,0,0,0
2208711,112,21,91
2208769,36,12,24
22092327,0,1,-1
22092341,8,3,5
22092983,127,28,99
22093204,8,2,6
22093730,3,0,3
22093943,65,22,43
22094227,59,17,42
2209431,74,22,52
22094393,7,3,4
22094607,76,30,46
22095147,41,4,37
22095249,4,0,4
22095286,2,0,2
22095875,9,3,6
22095932,63,32,31
22095949,11,2,9
22095951,5,4,1
22096284,0,0,0
22096360,8,1,7
22096575,74,30,44
22096620,18,10,8
22096800,62,21,41
22096824,5,1,4
22097624,2,0,2
22099046,1,1,0
22099051,28,1,27
22099088,1,0,1
22099096,32,6,26
22100062,112,20,92
22101793,15,1,14
22102228,20,14,6
22102335,4,5,-1
22102713,63,22,41
22104532,1,0,1
22104748,87,21,66
22105698,11,8,3
22105923,13,0,13
22105939,5,0,5
22110041,0,0,0
22111614,9,5,4
22111786,9,3,6
22112331,6,2,4
22112606,16,5,11
22112756,53,21,32
22113323,86,32,54
22113358,147,39,108
22113410,1,1,0
22113550,0,0,0
22113917,2,0,2
22114491,14,2,12
22115606,37,10,27
2211564,548,167,381
22115685,39,25,14
22115863,7,1,6
22116515,0,1,-1
22116735,4,2,2
22116746,73,30,43
22116837,0,0,0
22117312,183,35,148
22117523,0,0,0
22117574,155,41,114
22117577,63,20,43
22117804,100,29,71
22117861,10,2,8
22118268,91,22,69
22118606,0,0,0
22118908,0,0,0
22119009,3,1,2
22119865,0,0,0
22120093,6,1,5
22120109,13,0,13
22120621,10,8,2
22120636,8,0,8
22121045,3,0,3
22121314,20,13,7
22122478,87,25,62
22123128,0,0,0
22123610,5,2,3
22125430,0,0,0
22125982,111,9,102
2213040,458,57,401
22130911,1,5,-4
22131984,4,1,3
22132797,2,0,2
22132993,35,4,31
22133270,42,6,36
22133464,15,0,15
22133484,65,19,46
22133664,12,4,8
22134096,42,28,14
22134266,37,6,31
22134511,2,1,1
22135983,1,0,1
22136072,85,35,50
2213671,55,15,40
22138282,14,6,8
22141491,262,67,195
22141665,246,57,189
22142153,369,114,255
22142225,0,0,0
22142741,13,3,10
22142810,88,18,70
22142837,41,23,18
22142918,32,6,26
22142939,41,10,31
22143068,241,68,173
22143171,12,4,8
22143376,2,1,1
22143869,4,2,2
22143917,0,0,0
22144744,7,1,6
22145299,0,0,0
22146632,8,1,7
22147523,12,4,8
22149649,244,69,175
22149667,213,56,157
22150625,20,6,14
22150709,30,4,26
22150894,307,59,248
22151243,121,24,97
22152240,3,0,3
22152920,58,7,51
22154351,70,8,62
22154575,12,5,7
22155897,3,2,1
22156028,1,0,1
22156116,53,17,36
22156183,88,33,55
22156211,53,21,32
2215685,33,6,27
22156997,36,6,30
22157340,9,4,5
22157486,1,0,1
22157509,50,8,42
22157734,36,5,31
22157874,31,2,29
22157928,4,3,1
22158001,26,4,22
22158706,13,10,3
22158727,297,79,218
22158854,132,39,93
22158914,244,72,172
22159076,276,72,204
22160018,47,19,28
22160375,15,2,13
22160400,60,31,29
22160545,0,2,-2
22162193,11,2,9
22162342,2,0,2
22163351,5,0,5
22164201,87,10,77
22165191,10,6,4
22165514,10,3,7
2216626,208,42,166
2216824,165,43,122
22168798,23,4,19
22168834,3,1,2
22168886,105,27,78
22168960,2,1,1
22169501,50,15,35
22169636,85,27,58
22170248,4,0,4
22172174,5,1,4
22172648,6,7,-1
22172804,7,4,3
22172811,8,1,7
22172944,9,4,5
22172990,25,11,14
22173115,62,25,37
22173275,5,3,2
22173699,92,23,69
22173772,25,12,13
22173841,30,4,26
22174561,17,4,13
22174640,64,6,58
22174881,1,2,-1
22175162,4,1,3
22175268,24,10,14
22175389,28,1,27
22175503,38,7,31
22176503,0,0,0
22177144,5,1,4
22180822,55,20,35
22182580,36,6,30
22182628,2,0,2
22182998,3,0,3
22183036,137,53,84
22183202,2,1,1
22183215,34,8,26
22183806,4,2,2
22183891,0,0,0
22184112,219,34,185
22184224,65,21,44
22184346,4,1,3
22184612,34,11,23
22185080,82,7,75
2218521,57,23,34
22185344,101,35,66
22185570,10,4,6
22185976,0,0,0
22186063,2,0,2
22186830,27,1,26
22187360,4,0,4
22187406,36,18,18
22187651,3,1,2
22188204,13,2,11
22189422,5,1,4
22189967,15,2,13
22190097,0,0,0
22190402,0,0,0
22190477,0,1,-1
22190709,7,2,5
22190897,55,28,27
22191388,58,13,45
22191974,0,0,0
22192063,222,76,146
22192317,169,54,115
22192382,220,79,141
22196906,56,11,45
22198822,72,23,49
22198850,12,3,9
22199406,4,0,4
22199641,54,5,49
22199805,32,13,19
22200394,121,32,89
22200556,31,12,19
22200657,6,1,5
22201313,35,18,17
22202159,30,9,21
22202226,256,56,200
22202265,16,2,14
22202577,66,18,48
22202878,114,56,58
22202916,63,19,44
22202933,4,1,3
22202987,5,2,3
22203021,15,3,12
22203276,28,7,21
22203375,3,0,3
22203412,98,49,49
22203556,42,17,25
22203801,5,1,4
22203857,0,1,-1
22203950,13,4,9
22203959,7,1,6
22204014,170,36,134
22204238,47,22,25
22204293,20,9,11
22205662,18,7,11
22206399,43,14,29
22206415,74,22,52
22207343,1,1,0
22208117,16,2,14
22208372,5,3,2
22208388,16,3,13
22208659,219,35,184
22209206,61,14,47
22209238,84,27,57
22209285,44,14,30
22209618,112,31,81
22210592,28,4,24
2221286,219,104,115
22215128,38,3,35
22216076,5,1,4
22217591,8,2,6
22217688,27,12,15
22218254,110,28,82
22218329,0,0,0
22218619,6,2,4
22218947,25,7,18
22218984,38,26,12
22219130,102,17,85
22219148,2,0,2
22219197,3,1,2
22219208,1,0,1
22219433,13,4,9
22219609,0,0,0
22219611,37,16,21
22219663,0,0,0
22220063,3,0,3
22220087,47,10,37
22220378,0,0,0
22220470,11,7,4
22221335,11,1,10
22221678,1,0,1
22222312,144,39,105
22222335,119,50,69
22222348,0,0,0
22222614,3,1,2
22222616,6,1,5
22222671,0,0,0
22222697,31,0,31
22223317,4,3,1
22223512,17,1,16
22224182,115,36,79
22224472,77,50,27
22224833,120,51,69
22225083,75,44,31
22225277,35,15,20
22225325,0,0,0
22225537,11,4,7
22226251,11,9,2
22226729,10,1,9
22227061,1,0,1
22227615,0,0,0
22228108,45,12,33
22228582,8,0,8
22228893,1,0,1
22228930,2,0,2
22229476,20,8,12
22229546,0,0,0
22229751,0,0,0
22230362,2,0,2
22230407,4,0,4
22230587,48,25,23
22235443,73,21,52
22235484,5,0,5
22236851,73,31,42
22236925,1,0,1
22237635,69,22,47
22237739,10,4,6
22238480,2,0,2
22238636,33,5,28
22238647,5,2,3
22238705,1,0,1
22238747,64,25,39
22238833,176,28,148
22239029,8,0,8
22239710,26,16,10
22239711,0,0,0
22240385,50,15,35
22240453,5,7,-2
22240552,6,1,5
22240832,29,12,17
22241379,40,11,29
22241701,42,5,37
22242360,3,1,2
22244072,29,4,25
22244204,0,0,0
22244275,79,30,49
2224460,69,10,59
22244938,81,23,58
2224507,52,8,44
22245077,0,1,-1
22245920,1,0,1
22246093,0,0,0
2224776,97,13,84
22247806,0,0,0
22248827,3,0,3
22248962,7,0,7
22249857,0,2,-2
2225080,7,5,2
22254597,8,6,2
22254869,2,0,2
22255157,33,12,21
22255232,108,55,53
22255313,1,0,1
22255476,1,2,-1
22255701,19,2,17
22255826,61,16,45
22256194,4,0,4
22256244,50,12,38
22256495,488,38,450
22256511,5,2,3
22256593,41,7,34
22256597,89,48,41
22256856,43,13,30
22257120,34,8,26
22257143,3,2,1
22257191,18,22,-4
22257501,4,5,-1
22257685,44,9,35
22257732,80,16,64
22258337,18,4,14
22258430,40,17,23
2225845,39,1,38
22258805,37,12,25
22258913,57,14,43
22258923,66,15,51
22259358,22,12,10
22259778,22,8,14
22259861,20,7,13
22259929,1,0,1
22260191,2,0,2
22260547,2,0,2
22260746,3,0,3
22260853,1,0,1
22261056,8,5,3
22261077,7,2,5
22261248,2,3,-1
22261268,14,1,13
22261827,4,3,1
22262078,2,1,1
22262817,4,0,4
22263753,31,14,17
22264582,43,18,25
22264724,3,0,3
22265171,14,4,10
22265190,63,15,48
22265428,2,0,2
22265644,28,19,9
22265698,173,74,99
22265901,46,15,31
22266382,9,2,7
22266792,10,5,5
22271298,48,7,41
22271316,62,12,50
22271740,57,13,44
22272111,30,5,25
22272617,24,0,24
2227271,53,25,28
22273181,36,12,24
2227353,744,296,448
22273994,91,32,59
22274252,10,0,10
22274478,14,4,10
22274656,4,3,1
22275222,1,0,1
22275484,12,9,3
22275780,1,0,1
22275882,16,5,11
22276065,93,27,66
22277171,43,12,31
22277969,32,8,24
22278091,1,0,1
22278541,2,0,2
22278841,0,0,0
22279513,23,3,20
22279633,38,21,17
22279940,62,31,31
22280079,26,9,17
22280178,72,31,41
22280398,31,2,29
22280469,68,33,35
22280472,5,1,4
22281542,40,16,24
22281596,134,15,119
22284894,3,4,-1
22284943,2,1,1
22285715,104,16,88
22286131,13,11,2
22286515,18,5,13
22286522,87,63,24
22286766,19,8,11
22286887,148,46,102
22287638,21,1,20
22289873,125,53,72
22291289,46,8,38
22291480,19,3,16
22291593,17,4,13
22292811,63,28,35
22292986,7,1,6
22293679,58,25,33
22294558,0,0,0
22297953,1,2,-1
22298077,2,0,2
22299556,0,0,0
22300442,28,5,23
2230069,131,37,94
22301252,6,4,2
22301269,23,6,17
22301736,11,3,8
22302153,28,5,23
22302371,232,66,166
22302991,0,0,0
22303136,1,0,1
22303652,0,0,0
22304056,3,0,3
22304529,0,0,0
22304558,176,45,131
22304810,4,1,3
22304910,3,1,2
2230501,73,27,46
22305478,23,3,20
22306245,88,29,59
22306984,2,1,1
22308091,53,11,42
22310064,4,0,4
22310122,3,0,3
2231133,11,5,6
2231172,5,0,5
22311972,43,10,33
22312188,6,6,0
22312364,40,8,32
22312486,90,25,65
22313587,104,19,85
22313799,1,1,0
22313982,4,0,4
22314316,28,13,15
22314324,0,0,0
22314527,82,19,63
22314997,2,0,2
22315364,39,5,34
22315445,32,4,28
22315644,140,28,112
22316019,4,1,3
22316167,9,1,8
22316248,50,17,33
22316278,137,62,75
22316530,5,2,3
22316589,43,10,33
22317362,3,4,-1
22317593,122,18,104
22317665,6,7,-1
22317755,37,1,36
22317817,55,16,39
22318479,25,7,18
22318646,61,25,36
22318763,29,6,23
22318879,36,8,28
22319387,23,6,17
22319802,18,14,4
22320179,70,37,33
22321452,93,30,63
22321648,12,1,11
22321829,49,11,38
22322523,1,0,1
22322703,3,2,1
22323097,2,0,2
22323907,111,45,66
22323955,1,0,1
22324239,23,3,20
22324354,0,0,0
22324493,34,7,27
22324970,19,17,2
22325150,2,1,1
2232632,36,10,26
22326461,4,0,4
22328797,5,3,2
22329990,30,1,29
22330080,15,4,11
22330444,7,2,5
22330672,0,0,0
22330673,16,1,15
22331408,15,2,13
22331818,42,15,27
22332523,26,4,22
22332861,31,8,23
22333066,62,19,43
22333816,4,1,3
22334349,1,1,0
22334706,22,2,20
22334837,28,3,25
22335762,119,49,70
22335919,49,24,25
22336014,5,1,4
22336380,56,20,36
22337058,1,0,1
22337236,1,1,0
22337335,14,0,14
22337664,3,1,2
22338120,0,0,0
22338875,2,0,2
22338899,3,1,2
22339347,85,10,75
22341320,3,1,2
22342576,5,3,2
22342894,1,1,0
22342928,65,23,42
22342938,67,23,44
22345746,1,1,0
22348029,150,68,82
22348219,59,15,44
22348458,12,3,9
22348756,22,13,9
22348901,4,2,2
22348996,75,29,46
22349015,12,1,11
22349278,20,7,13
22349534,20,6,14
22350479,73,8,65
22351832,4,3,1
22352016,52,16,36
22352153,50,19,31
22352697,27,8,19
22353173,32,10,22
22353298,0,0,0
22353530,30,15,15
22353697,0,0,0
22353956,79,19,60
22355232,12,1,11
22355396,6,1,5
22356238,44,12,32
22357015,0,0,0
22357543,0,0,0
22358249,19,5,14
22363120,8,1,7
22364306,146,13,133
22364742,13,5,8
22365147,34,6,28
22365875,5,1,4
22365965,3,2,1
22366460,18,6,12
22366549,16,1,15
22366808,0,0,0
22367089,23,13,10
22367340,94,39,55
22367440,1,0,1
22367569,3,1,2
22368338,22,4,18
22369510,2,2,0
22370332,121,67,54
22370772,100,49,51
22371073,48,15,33
22371396,10,1,9
22371417,74,15,59
22371687,57,20,37
22371783,72,21,51
22372489,8,0,8
22373628,63,30,33
22374867,34,8,26
22375714,7,0,7
22376731,18,13,5
22376778,191,51,140
22376978,84,11,73
22381627,15,7,8
22381748,40,21,19
22381972,24,5,19
22382488,5,1,4
22382567,14,1,13
22383638,14,4,10
22383809,14,2,12
22383992,6,0,6
22384058,2,0,2
22385229,38,12,26
22385290,18,9,9
22385454,2,0,2
22385516,6,1,5
22385786,1,0,1
22386413,28,10,18
22387033,230,56,174
22387244,19,4,15
22388056,11,1,10
2238846,13,9,4
22388488,35,11,24
22388574,74,11,63
22389057,149,41,108
22389297,5,1,4
22391824,39,16,23
22393693,2,0,2
22394489,1,1,0
2239512,21,1,20
22395439,43,15,28
22396493,76,20,56
22397032,4,0,4
22397346,6,3,3
22399546,21,6,15
22399618,7,4,3
22399865,27,11,16
22401926,8,5,3
22403452,1,0,1
22404216,9,0,9
22405028,121,25,96
22405387,36,4,32
22405434,282,52,230
22406105,194,20,174
22406482,35,9,26
22407672,47,11,36
22410732,37,5,32
22414098,17,8,9
22414325,8,6,2
22415279,1,1,0
22416123,15,6,9
22418124,103,37,66
22418646,27,15,12
22419232,18,4,14
22420736,34,5,29
22420938,7,4,3
2242171,80,14,66
22422018,50,15,35
22423033,0,0,0
22426043,18,7,11
22426604,7,1,6
22427316,3,0,3
22427409,26,4,22
22427505,6,1,5
22427878,0,0,0
22428274,0,0,0
22428604,153,31,122
22429714,11,8,3
22430220,26,5,21
22430296,2,0,2
22430776,26,7,19
22430798,50,7,43
22430914,13,4,9
22431719,3,1,2
22432339,7,2,5
22432962,33,14,19
22433582,27,3,24
22433855,14,6,8
22435221,154,55,99
22440934,24,6,18
22441195,12,1,11
22443040,86,24,62
22443698,4,4,0
22446244,28,6,22
22446372,21,0,21
22447331,33,7,26
22448324,78,14,64
22451231,4,0,4
22451273,27,3,24
2245141,320,72,248
22457432,75,22,53
22458358,5,1,4
22458455,26,10,16
22458827,20,4,16
22459130,0,0,0
22459809,34,10,24
22459924,185,29,156
22460343,5,2,3
22460364,96,14,82
22461940,12,2,10
22461960,0,0,0
22462125,17,6,11
22462984,59,19,40
22463730,27,7,20
22463852,14,6,8
22464309,45,12,33
22464861,101,32,69
22465055,27,10,17
22465669,8,1,7
22466030,94,15,79
22466041,5,8,-3
22466054,4,0,4
22467295,30,7,23
22467750,60,11,49
22468581,1,1,0
22471102,29,5,24
22474237,6,1,5
22474287,13,1,12
22474294,32,9,23
22474878,20,18,2
22475205,27,9,18
22475445,63,26,37
22475478,18,7,11
22476145,56,7,49
22476252,98,19,79
22476430,0,0,0
22477172,13,3,10
22477279,26,3,23
22477513,300,68,232
22477663,35,15,20
22478009,28,4,24
22478345,26,5,21
22480178,109,23,86
22480412,346,64,282
22481089,10,2,8
22481517,150,44,106
22481623,3,2,1
22481677,183,32,151
22481879,168,46,122
22482047,112,32,80
22482174,1,0,1
22482290,23,4,19
22482291,103,28,75
22482806,0,0,0
22483150,17,4,13
22483478,45,8,37
22483847,11,2,9
22484785,94,32,62
22486888,49,30,19
22487993,17,3,14
22488571,0,0,0
22488662,6,4,2
22489064,91,20,71
22489391,100,11,89
2248949,209,111,98
2248955,93,36,57
22490521,31,14,17
22491129,114,21,93
22491303,57,11,46
22491439,5,1,4
22491570,6,2,4
22492113,39,12,27
22492650,43,20,23
22492903,85,16,69
22493478,1,1,0
22494549,133,40,93
22495160,23,3,20
22495513,159,33,126
22496922,21,3,18
22497533,2,0,2
22499490,4,3,1
2249971,171,53,118
22500232,4,1,3
22501182,1,0,1
22502350,60,24,36
22502370,103,21,82
22506089,8,3,5
22507632,91,8,83
22508264,2,1,1
22509808,75,8,67
22510529,14,1,13
22510568,0,0,0
22511901,3,0,3
22512980,156,22,134
22513605,40,9,31
22514330,0,0,0
22515127,89,19,70
22515679,73,23,50
22516212,25,10,15
22517093,2,1,1
22517170,20,5,15
22517399,0,0,0
22520355,21,5,16
22522231,0,0,0
22522634,28,4,24
22523146,26,9,17
22523178,46,11,35
22523259,9,2,7
22523550,15,4,11
2252383,27,16,11
22523960,8,5,3
22524075,27,10,17
22524355,175,29,146
22524678,0,0,0
22525156,5,1,4
22525701,2,2,0
22525860,13,12,1
22526317,48,33,15
22527159,13,7,6
22527303,15,5,10
22527757,18,0,18
22528431,2,0,2
22529242,261,51,210
22530238,7,1,6
22530519,35,12,23
22531042,6,0,6
22531195,161,36,125
22532054,2,0,2
22532242,49,7,42
22536843,55,32,23
22536953,170,22,148
22537214,37,11,26
22537894,7,3,4
22538631,5,1,4
22539027,112,61,51
22539189,17,2,15
22540501,59,24,35
22540829,4,4,0
22540875,0,2,-2
22541460,3,0,3
22541900,12,5,7
22541983,2,1,1
22542668,0,1,-1
22543172,68,23,45
22543389,15,6,9
22543397,21,4,17
22543786,101,15,86
22544762,3,0,3
22545996,22,6,16
22546149,53,19,34
22546237,452,81,371
22546547,14,8,6
22546888,190,30,160
22547393,7,3,4
22548542,79,19,60
22548676,3,2,1
22549399,18,3,15
22549878,2,0,2
22549882,20,6,14
22550215,121,17,104
22550445,88,38,50
22550754,3,0,3
22551004,13,5,8
22551090,2,0,2
22551183,104,60,44
22551386,6,0,6
22551799,112,52,60
22552195,60,18,42
22552198,127,55,72
22554636,31,4,27
22554781,30,6,24
2255514,55,25,30
22555726,10,1,9
22557142,34,12,22
22557391,32,6,26
22558563,78,18,60
22558581,25,11,14
22558902,12,4,8
22559549,3,1,2
22559931,22,8,14
22559994,24,10,14
22560171,56,19,37
22560488,44,26,18
22560797,138,27,111
22560905,9,0,9
22560927,17,1,16
22561329,8,6,2
22561851,62,16,46
22561865,55,21,34
22561987,249,45,204
22562156,1,0,1
22562373,23,10,13
22562402,17,0,17
22562895,2,0,2
22563617,26,10,16
22563899,6,5,1
2256434,324,159,165
22564625,101,59,42
22564853,185,30,155
22567111,119,25,94
22567214,62,5,57
22567519,83,16,67
22569769,26,9,17
22571808,79,12,67
22571821,2,0,2
22574872,15,2,13
22575721,11,4,7
22575808,2,1,1
22576515,63,13,50
22576936,22,18,4
22577210,12,10,2
22577256,62,19,43
22577895,33,3,30
22577926,17,7,10
22578189,1,0,1
22578279,8,2,6
22578703,23,13,10
22578859,42,5,37
22579796,30,9,21
22580090,1,0,1
22580202,38,17,21
22580241,64,26,38
22580495,27,7,20
22581546,20,3,17
22581937,4,3,1
22581939,4,1,3
22582740,33,13,20
22583857,11,0,11
22584269,277,37,240
22585302,11,5,6
22585349,4,3,1
22585389,4,0,4
22585404,260,45,215
22585450,6,2,4
22585547,265,59,206
22585570,10,2,8
22586474,58,26,32
22586824,30,5,25
22586950,81,22,59
22587130,222,42,180
22587370,129,56,73
2258764,93,28,65
22589438,114,34,80
22589504,112,37,75
22590475,57,6,51
22590980,16,1,15
22591084,25,9,16
22591290,14,4,10
22591715,8,0,8
22592225,361,107,254
22592484,3,0,3
22592552,5,1,4
22592567,107,20,87
22592900,49,25,24
22593181,14,3,11
22593507,145,56,89
22595038,49,34,15
22595904,14,9,5
22596081,12,3,9
22596117,41,18,23
22596247,2,0,2
22596516,10,2,8
22596543,0,0,0
22596971,30,1,29
22597230,120,36,84
22598279,3,1,2
2259883,28,6,22
22598895,2,2,0
22598925,4,0,4
22599099,54,22,32
22599346,0,0,0
22599423,16,0,16
22599427,59,15,44
22601192,2,0,2
22601253,25,4,21
22601312,0,0,0
2260202,121,47,74
22602063,2,0,2
22603231,1,0,1
22604595,2,0,2
22605085,20,3,17
22605640,2,0,2
22605913,73,18,55
22606388,34,10,24
22606405,0,0,0
22606791,203,26,177
22607158,151,50,101
22607208,16,2,14
22607219,21,9,12
22608042,278,80,198
22608501,19,8,11
22609574,129,47,82
22610015,154,49,105
22610619,23,5,18
22610761,15,9,6
22610891,123,32,91
22611037,10,4,6
22611077,179,63,116
22611251,0,0,0
22611421,12,2,10
22611525,5,3,2
22611721,0,0,0
22611757,10,4,6
22612541,6,0,6
22612661,3,3,0
22613186,26,10,16
22613369,21,5,16
22614292,23,5,18
22614427,2,4,-2
22614901,29,21,8
22615957,58,13,45
22616181,6,0,6
22622740,30,6,24
22623238,174,21,153
22623285,170,54,116
22623944,28,12,16
22624205,1,0,1
22624465,13,5,8
22624487,48,17,31
2262497,234,85,149
22625410,58,24,34
22625734,8,11,-3
22625971,42,14,28
22626244,43,8,35
22626608,80,23,57
22627388,26,8,18
22627599,110,21,89
22627788,10,5,5
22627862,70,5,65
22627993,15,3,12
22628481,190,23,167
22628620,18,2,16
22628816,97,13,84
22629077,0,0,0
22629792,0,0,0
22631213,12,3,9
22631333,79,10,69
22631978,45,15,30
22632233,63,39,24
22632260,11,1,10
22632767,23,10,13
22633364,11,3,8
22633508,33,2,31
22633931,31,6,25
22634126,5,0,5
22634491,343,56,287
22635495,1,0,1
22635909,174,26,148
22641681,244,44,200
22641969,0,1,-1
22642242,4,5,-1
22642398,4,1,3
22643249,7,1,6
22644465,0,0,0
22644538,104,33,71
22645135,5,2,3
22645576,0,1,-1
22645663,7,1,6
22647234,58,16,42
22648099,0,0,0
22648540,104,21,83
22648541,264,59,205
22648831,50,16,34
22648867,85,30,55
22649054,34,20,14
22649396,9,7,2
22649770,31,14,17
22649815,20,3,17
22650021,62,11,51
22652075,17,10,7
22652929,124,18,106
22653014,70,31,39
22653411,197,32,165
22653498,45,12,33
2265745,71,32,39
22660171,7,3,4
22660334,12,4,8
22660493,27,8,19
22661469,43,6,37
22661667,24,13,11
22662147,89,11,78
22662382,13,6,7
22662581,46,22,24
22662650,27,15,12
22663014,67,14,53
22663549,6,1,5
22663572,13,5,8
22663624,8,6,2
22664340,2,0,2
22665887,16,4,12
22666120,9,5,4
22666148,9,3,6
22666872,82,14,68
22667193,21,3,18
22667397,5,1,4
22667737,74,23,51
22667952,43,20,23
22668364,77,37,40
22669100,48,12,36
22670057,70,10,60
22670220,53,10,43
22670336,53,7,46
22670909,4,0,4
22672960,17,6,11
22673331,31,2,29
22673699,23,2,21
22673830,16,4,12
22674384,4,1,3
2267679,391,175,216
22677857,112,31,81
22679800,65,33,32
22681593,80,12,68
22681659,35,15,20
22681867,51,11,40
22682557,19,4,15
22682911,34,18,16
22683580,68,12,56
22683585,44,11,33
22683948,131,19,112
22686171,19,0,19
22686244,0,0,0
22686912,86,18,68
22687346,139,24,115
22688586,7,0,7
22690139,83,32,51
22690461,197,36,161
22690698,83,26,57
22691036,115,51,64
22691298,79,31,48
22693328,79,18,61
22694613,19,7,12
22694859,4,2,2
22695115,34,9,25
22696010,17,6,11
2269760,97,30,67
22697725,1,1,0
22698027,0,0,0
22699266,0,2,-2
22699351,5,5,0
22700125,13,4,9
22700147,8,5,3
22700155,31,7,24
22700381,5,2,3
22700462,30,9,21
22701091,4,1,3
22701498,3,1,2
2270176,68,22,46
22702132,25,6,19
22703047,27,0,27
22705523,53,21,32
227078,442,145,297
22710257,43,19,24
22710416,8,1,7
22710424,31,13,18
22710504,13,4,9
22710834,2,0,2
22711043,40,4,36
22711214,9,2,7
2271136,159,64,95
22712578,19,6,13
2271369,178,48,130
22713931,67,33,34
22714607,85,21,64
22715054,30,5,25
22715057,17,6,11
22716225,67,21,46
22716889,22,7,15
22718479,13,7,6
22720282,39,8,31
22721830,30,9,21
22721996,46,9,37
22722032,33,6,27
22723241,41,23,18
22723545,10,0,10
22723551,67,12,55
22723770,0,0,0
22723799,15,3,12
22724276,98,18,80
22724445,28,8,20
22724791,51,8,43
22725114,26,11,15
22725128,107,27,80
22725256,50,8,42
22725475,146,27,119
22726195,5,1,4
22726262,49,19,30
22727397,89,22,67
22727667,13,3,10
22728515,24,10,14
22728781,211,33,178
22728894,1,0,1
22728956,12,1,11
22729064,28,9,19
22729176,38,9,29
22729919,30,5,25
22730361,104,19,85
22730948,3,2,1
22731043,86,17,69
22731177,0,0,0
22731655,66,18,48
22731660,9,4,5
22731765,46,17,29
2273299,535,107,428
22733239,43,9,34
22733342,83,36,47
22737758,5,1,4
22738765,57,24,33
22738781,3,0,3
22739212,1,0,1
22740103,16,3,13
22740185,3,1,2
22740693,2,0,2
22740933,29,4,25
22740950,103,26,77
22741231,6,1,5
22741541,50,17,33
22742057,125,55,70
22742270,55,20,35
22742295,55,20,35
22742727,0,0,0
22743479,20,16,4
22743663,55,16,39
22744208,78,20,58
22744894,32,5,27
22745258,3,1,2
22746059,38,7,31
22746273,133,39,94
22747051,5,5,0
22748059,0,0,0
22748073,113,29,84
22748275,0,0,0
22748954,22,4,18
22749115,75,16,59
22749140,104,28,76
22749210,11,3,8
22749587,1,1,0
22749788,58,7,51
22749857,17,1,16
22749959,72,24,48
22750105,13,3,10
22750191,2,1,1
227502,333,103,230
22750245,112,39,73
22750280,24,6,18
22750469,74,16,58
22750548,7,0,7
22750568,73,25,48
22750851,7,4,3
22751002,65,15,50
22751123,80,28,52
22751210,91,17,74
22751515,154,30,124
22752117,30,12,18
2275346,31,7,24
22754460,11,4,7
22755106,23,4,19
22755886,27,11,16
22756890,4,0,4
22757037,3,1,2
22757142,2,0,2
22757244,12,0,12
22757349,3,0,3
22757404,0,0,0
22757662,15,2,13
22757993,1,0,1
22758024,36,0,36
22758174,3,0,3
22758458,105,27,78
22758494,49,46,3
22758890,0,0,0
22758937,187,31,156
22758977,58,32,26
22759081,0,0,0
22759139,54,34,20
22759215,54,19,35
22759284,27,23,4
22759634,44,56,-12
22759641,176,36,140
22759717,65,56,9
22759794,53,32,21
22759804,0,0,0
22759947,120,58,62
22760011,87,24,63
22760322,149,34,115
22760417,21,8,13
2276060,142,110,32
22760683,3,0,3
22760729,346,61,285
22760765,3,1,2
22760827,43,30,13
22760852,14,1,13
22760904,2,1,1
22760905,48,23,25
22761091,12,4,8
22761205,1,1,0
22761352,156,22,134
22761621,11,4,7
22763223,4,1,3
22763302,26,3,23
22763986,4,0,4
22764274,34,19,15
22764852,26,20,6
22765025,26,13,13
22765390,2,1,1
22765632,5,0,5
22766394,22,2,20
22768288,3,0,3
22768574,29,10,19
22769721,10,2,8
22771212,62,24,38
22772398,58,17,41
22772481,128,22,106
22773866,86,40,46
22779149,32,18,14
22779902,3,0,3
22779928,0,0,0
22780109,1,0,1
22780286,28,7,21
22780613,9,1,8
22781337,10,2,8
22782175,138,18,120
22782226,29,5,24
22782239,197,61,136
22783526,9,5,4
22783644,28,11,17
22783928,20,7,13
22784433,0,0,0
22784734,0,0,0
22786141,16,7,9
22786332,3,3,0
22786693,34,6,28
22787150,118,24,94
22787197,1,0,1
22787399,1,0,1
22787470,2,1,1
22788354,49,29,20
22788456,2,0,2
22788708,39,16,23
22788922,2,0,2
22789522,25,9,16
22791853,7,3,4
22791881,5,0,5
22791997,145,22,123
22792208,35,10,25
22792307,70,17,53
22792498,4,5,-1
22792584,6,4,2
22792722,20,7,13
22792847,106,21,85
22792877,6,0,6
22792945,13,3,10
22793419,31,2,29
2279473,28,3,25
2279831,99,20,79
22800074,60,10,50
22801253,17,12,5
22801279,66,20,46
22801461,29,4,25
22801838,40,5,35
22802109,1,1,0
22802160,43,10,33
2280233,32,8,24
2280235,62,19,43
22802740,82,19,63
22802900,15,17,-2
22803306,7,1,6
22804512,148,26,122
22804772,31,2,29
22805320,15,7,8
22805528,21,3,18
22805576,2,0,2
22806176,3,4,-1
22807192,0,2,-2
22808551,118,17,101
22810679,35,13,22
22810727,0,0,0
22811017,61,6,55
22812510,0,0,0
22813211,2,0,2
22813592,29,18,11
2281887,12,5,7
228195,113,51,62
22821180,4,2,2
22821716,33,6,27
22821781,5,1,4
22822232,13,2,11
22822369,67,39,28
22822735,0,0,0
22822796,52,11,41
22823093,30,9,21
22823219,5,1,4
22823285,41,11,30
22824017,11,6,5
22824627,10,4,6
22824937,10,2,8
22825181,19,2,17
22825685,12,6,6
22827234,44,3,41
22827333,62,17,45
22827426,34,19,15
22827596,30,6,24
22828280,59,11,48
22828531,9,1,8
22828670,119,48,71
22828835,104,46,58
22829763,201,24,177
22830077,25,13,12
22830146,176,27,149
2283136,62,14,48
2283165,0,0,0
22831960,0,0,0
22833120,12,8,4
2283610,291,75,216
22838604,26,20,6
22838716,37,9,28
22839262,29,37,-8
22839423,40,15,25
22839697,0,0,0
22840094,15,9,6
22840193,38,11,27
22841394,0,1,-1
22841617,0,0,0
22841948,7,2,5
22841999,8,1,7
22842005,50,4,46
22842247,33,7,26
22842856,22,5,17
22843288,44,6,38
22844734,6,4,2
22845190,15,14,1
22845367,210,94,116
22845720,53,5,48
22846749,70,10,60
22846821,0,0,0
22847064,71,14,57
22848358,6,3,3
22851981,1,2,-1
22852123,6,12,-6
22853181,56,17,39
22853404,17,3,14
22854263,5,2,3
22855295,4,0,4
22855906,6,2,4
22856888,2,0,2
22858477,90,25,65
22859414,5,1,4
22859727,115,42,73
22860304,7,1,6
22861561,120,62,58
22861613,42,15,27
22861876,11,3,8
22861917,99,58,41
22863002,44,5,39
22863245,21,5,16
22863304,1,2,-1
22863766,2,1,1
22864110,1,2,-1
22865014,5,1,4
22865612,5,3,2
22867276,64,23,41
22869787,17,2,15
2286988,184,70,114
22871281,106,15,91
22871551,67,25,42
22871677,89,14,75
22872611,8,2,6
22872806,6,0,6
22872874,12,8,4
22873049,138,48,90
22873479,0,0,0
22873613,21,3,18
22873977,34,3,31
22874060,97,11,86
22874083,51,29,22
22874294,59,24,35
22874804,14,3,11
22874815,11,2,9
22874930,9,5,4
22874999,22,4,18
22875163,57,15,42
22875544,15,3,12
22875844,4,0,4
22876309,59,38,21
22876526,61,17,44
22876605,58,32,26
22876876,5,1,4
22876884,177,37,140
22877075,51,26,25
22877366,35,10,25
22877406,12,5,7
22877483,11,5,6
22877489,40,10,30
22877491,52,26,26
2287755,11,4,7
22878391,184,66,118
22878406,6,1,5
22878678,23,4,19
22878699,11,3,8
22878742,196,16,180
22878774,134,16,118
22878967,11,1,10
22879358,23,2,21
22879368,6,1,5
22879369,37,17,20
22879464,2,2,0
22879938,6,3,3
22883929,26,7,19
22884025,82,17,65
22884071,5,1,4
22884901,6,0,6
22885073,68,35,33
22885202,8,2,6
22885317,144,67,77
2288669,56,5,51
22887341,34,13,21
2289204,58,44,14
22892047,10,1,9
22892371,60,13,47
22892984,12,7,5
22893425,39,11,28
22893714,20,8,12
22894163,6,3,3
22894599,25,1,24
22894800,69,21,48
22895122,58,26,32
22896160,4,4,0
22896224,90,44,46
22896677,300,78,222
22898346,11,8,3
22898676,2,0,2
22898707,11,1,10
22899500,0,0,0
22901061,1,0,1
22901418,68,18,50
22902949,40,11,29
22903218,20,5,15
22903793,4,0,4
22903800,5,4,1
22903807,13,5,8
22905340,0,0,0
22905349,55,8,47
22905589,89,25,64
22906152,0,0,0
22906360,177,42,135
22907503,42,10,32
2291295,179,82,97
22913397,2,0,2
22913742,57,39,18
22913788,44,29,15
22913825,13,6,7
22914351,44,17,27
22914436,9,2,7
22914716,6,4,2
22914958,3,0,3
22915040,15,10,5
22915437,60,23,37
22915736,0,0,0
22915959,81,36,45
22916249,4,1,3
22916508,26,10,16
22916515,24,0,24
22916741,7,1,6
22917476,13,6,7
22918537,15,2,13
22918793,7,0,7
22918801,15,10,5
22919017,11,9,2
22919429,6,1,5
22919613,121,20,101
22919832,15,6,9
22919840,70,24,46
22920439,3,0,3
22920696,63,9,54
22921634,47,8,39
22922566,14,7,7
22924360,17,3,14
22924776,48,12,36
22924934,29,2,27
22925360,8,3,5
22925742,0,1,-1
22927262,85,13,72
22927362,30,19,11
22930964,11,3,8
22932079,10,7,3
22932787,4,1,3
22932850,18,3,15
22933141,20,5,15
22934542,17,3,14
22935179,49,9,40
22935747,1,1,0
22936646,38,16,22
22937536,3,1,2
22937921,2,1,1
2293796,2,0,2
22939116,57,27,30
2293934,71,22,49
22939733,9,2,7
22940089,15,3,12
22940510,0,0,0
22941055,16,1,15
22942080,89,31,58
22942712,0,0,0
22943160,3,0,3
22943186,40,20,20
22944292,336,80,256
22944924,29,12,17
2294693,53,4,49
22947215,70,19,51
22948507,0,0,0
22949007,25,20,5
22949246,20,4,16
22949309,58,30,28
22950165,1,0,1
22950770,82,20,62
22951162,1,0,1
22951166,26,22,4
22951221,20,4,16
22951853,12,8,4
22952016,5,0,5
22952022,2,0,2
22952082,27,9,18
22952734,30,14,16
22953927,160,35,125
22955341,227,75,152
22955614,109,19,90
22955942,3,1,2
22955961,25,10,15
22956327,22,9,13
22956623,44,12,32
22957561,1,0,1
22959348,1,0,1
2296068,150,37,113
2296197,35,18,17
22962222,55,22,33
22962232,8,4,4
22962339,0,0,0
22962647,181,28,153
22963081,41,5,36
22963124,23,2,21
22963875,89,58,31
22964555,170,29,141
22965384,79,31,48
22965462,0,0,0
22965471,1,1,0
22965536,9,0,9
22966267,91,13,78
22966447,25,10,15
229684,60,11,49
22968487,99,13,86
22969121,12,7,5
22969570,0,0,0
22970016,34,8,26
22970356,12,3,9
22970491,5,1,4
22974146,9,1,8
22976384,17,4,13
22976456,41,16,25
22976609,17,0,17
22976945,7,5,2
22977389,6,3,3
22977740,46,6,40
22978245,0,0,0
22978575,4,0,4
22978608,11,3,8
22979236,24,7,17
22979300,55,9,46
22980179,29,15,14
22980602,42,15,27
22980611,32,2,30
22981760,133,57,76
22982119,23,3,20
22982455,25,1,24
22982900,3,3,0
22983722,8,3,5
22984837,41,1,40
22985199,0,0,0
22987867,8,1,7
22988481,0,0,0
22990754,36,12,24
22991134,66,18,48
22991530,81,53,28
22992421,21,4,17
22993054,97,35,62
22993331,46,15,31
22993546,3,0,3
22994600,143,34,109
22994674,9,5,4
22995023,106,19,87
22995065,9,5,4
22995217,3,0,3
22995277,1,0,1
22995372,0,0,0
22995376,29,5,24
22995554,45,6,39
22995645,2,0,2
22996258,51,12,39
2299710,48,17,31
22997551,11,2,9
22998262,5,0,5
22998636,6,2,4
22998831,211,31,180
22999806,0,0,0
22999868,10,0,10
22999941,19,5,14
23000802,3,2,1
23001094,1,2,-1
23001240,140,20,120
23001294,4,0,4
23001974,90,17,73
23002014,20,9,11
23002811,25,7,18
23003033,14,5,9
23003225,69,13,56
23003627,0,0,0
23004160,9,0,9
23008676,0,1,-1
23009674,2,0,2
23010814,0,0,0
23011321,90,22,68
23011381,124,41,83
23011559,8,8,0
23011978,55,25,30
23012168,20,3,17
23012220,5,2,3
23012381,87,26,61
23012392,4,0,4
23012503,36,14,22
23012613,5,2,3
23013471,7,3,4
23013522,264,30,234
23014259,0,0,0
23014277,3,0,3
23014370,2,0,2
23014734,2,0,2
23014770,43,13,30
23014932,43,17,26
23015118,34,11,23
23015439,8,1,7
23015488,51,24,27
23015539,6,0,6
23015990,3,1,2
23017728,25,5,20
23018965,142,20,122
23019756,2,0,2
23020112,809,131,678
23020406,86,13,73
23020560,28,8,20
23020578,20,6,14
23020952,29,6,23
23020996,74,26,48
23021696,84,7,77
23022135,11,1,10
2302248,46,6,40
23022631,29,13,16
23022666,2,12,-10
23022667,0,0,0
23022971,139,20,119
23023058,24,3,21
23023061,4,3,1
23023364,0,0,0
23024847,8,3,5
23028306,32,16,16
23028744,6,0,6
23030167,64,58,6
23031210,227,41,186
23031844,35,5,30
23032608,2,0,2
23033028,17,3,14
23033194,129,29,100
2303356,6,0,6
23033655,68,12,56
23033863,5,5,0
23034565,92,16,76
23034724,23,2,21
23035030,62,6,56
23035158,189,24,165
23035683,0,0,0
23035919,5,8,-3
23036346,120,13,107
23036732,11,3,8
23037999,1,1,0
23039648,0,1,-1
23040048,11,2,9
23040706,10,7,3
23040733,48,11,37
23040744,1,1,0
2304114,46,7,39
23041550,63,30,33
23042049,24,3,21
23042195,4,0,4
23042345,3,2,1
23042512,4,1,3
230427,713,219,494
23043623,6,1,5
23044520,34,8,26
23047164,15,4,11
23047906,34,8,26
23048649,15,2,13
23049365,0,0,0
23049566,111,32,79
23050138,23,2,21
23050429,34,2,32
23050608,5,1,4
23050812,27,11,16
23051135,6,4,2
23051138,64,11,53
23051521,13,1,12
23052224,14,4,10
23052229,16,2,14
23053281,13,0,13
23054518,72,31,41
23054929,90,34,56
23055709,93,23,70
23055822,4,0,4
23055850,193,35,158
23055958,103,42,61
23056175,123,30,93
23056436,1,1,0
23057461,12,2,10
23057691,8,2,6
23057867,20,2,18
23058009,3,0,3
23058196,12,7,5
23058783,6,0,6
23058819,33,3,30
23058862,4,0,4
23059146,6,1,5
23059251,24,17,7
23059359,5,0,5
23060010,14,9,5
23060293,1,0,1
23065308,60,28,32
23065570,61,17,44
23065651,26,3,23
23067237,114,37,77
23067650,10,5,5
23067802,38,10,28
23068020,137,15,122
23070295,127,19,108
23072073,60,4,56
23072756,9,4,5
23072965,25,16,9
23073219,95,49,46
23073321,9,6,3
23073508,39,21,18
23073563,6,1,5
23073575,45,16,29
23073914,132,63,69
23073953,1,0,1
23074965,62,6,56
23075726,5,1,4
2307583,102,26,76
23076179,42,11,31
23076645,5,2,3
23077048,12,6,6
2307713,346,65,281
23078003,3,0,3
23080061,93,37,56
23081420,25,6,19
23081996,19,3,16
23082488,166,48,118
2308269,831,146,685
23082882,54,16,38
23082972,12,7,5
23083332,4,3,1
230839,12,2,10
23084222,41,10,31
23084434,16,2,14
23084965,8,0,8
23086358,47,7,40
23086619,130,46,84
23087008,18,3,15
23087105,218,51,167
23087287,5,0,5
23087382,38,12,26
23088283,33,3,30
23088323,29,5,24
23088620,7,0,7
2308866,62,14,48
23089710,4,0,4
23091293,340,48,292
23092066,25,7,18
2309520,46,9,37
23095858,2,0,2
23096521,33,9,24
23096539,14,5,9
23097605,32,5,27
23097650,38,11,27
23098712,5,2,3
23099389,7,1,6
23100752,210,62,148
23100923,14,2,12
23102481,15,6,9
23102812,27,6,21
23103387,28,6,22
23103747,3,0,3
23104846,57,15,42
23105094,36,7,29
23105222,54,3,51
23105379,5,6,-1
23106166,30,2,28
23106595,37,13,24
23106611,9,5,4
23106808,32,12,20
23106830,7,2,5
23106967,45,18,27
23107305,2,0,2
23107759,0,0,0
23107988,4,2,2
23108154,38,19,19
23115267,5,0,5
23115400,17,2,15
23116338,33,11,22
23116538,21,5,16
23116686,0,0,0
23116922,113,34,79
23116943,0,0,0
23117087,63,21,42
23117684,10,1,9
23118021,24,2,22
23118079,43,9,34
23118403,30,8,22
23118646,3,2,1
23119166,86,9,77
23119232,21,4,17
23119394,15,4,11
23119441,20,16,4
23119652,2,0,2
23120171,3,2,1
23120415,103,22,81
23120465,4,2,2
23120581,9,0,9
23121415,221,94,127
23121624,17,3,14
23122914,32,8,24
23124243,24,7,17
23124674,7,0,7
23124710,85,12,73
23125049,17,3,14
23125101,9,0,9
2312529,17,4,13
23125382,0,0,0
23125393,1,0,1
23125430,110,26,84
23126003,93,14,79
23127016,17,2,15
23127616,7,3,4
23127882,8,1,7
23128095,6,0,6
23128597,45,19,26
23128747,133,36,97
23129129,210,64,146
23129641,137,33,104
23129980,210,38,172
23130313,34,11,23
23133325,32,6,26
2313483,223,54,169
23135615,8,0,8
23135666,80,34,46
23136452,11,7,4
23136474,4,4,0
23136821,55,14,41
23136835,64,27,37
23137419,4,0,4
23137614,3,0,3
23137650,48,21,27
23138133,38,12,26
23138363,21,4,17
23139152,35,7,28
23139720,37,36,1
23140824,25,7,18
23140954,24,7,17
23142525,336,44,292
23142610,144,28,116
23143779,109,19,90
2314387,122,69,53
23145506,7,6,1
23145628,44,17,27
23145941,80,7,73
23146066,27,20,7
23146252,40,6,34
23147191,43,16,27
23147579,3,0,3
23147976,1,3,-2
23148327,29,5,24
23148644,271,115,156
23149227,9,2,7
23149401,11,4,7
23154462,48,21,27
23154471,83,30,53
23154701,107,24,83
23154830,159,39,120
23154920,36,3,33
23155038,9,0,9
23155053,48,17,31
23155273,72,23,49
23155339,8,3,5
23155356,15,3,12
23155485,47,19,28
23155489,55,25,30
23157496,0,0,0
23158183,337,97,240
23158411,79,25,54
23159818,0,0,0
2315987,6,1,5
23159963,129,43,86
23160236,4,1,3
23160238,5,4,1
23160284,14,3,11
23161383,3,1,2
23162136,21,6,15
23162153,55,23,32
23162492,3,2,1
23162661,34,4,30
23162663,23,13,10
23163148,61,13,48
23163150,10,9,1
23163152,7,3,4
23163154,19,4,15
23163347,111,25,86
2316355,270,58,212
23163891,0,0,0
23164809,4,1,3
23164855,23,8,15
23165988,10,7,3
23166046,105,39,66
23166751,17,6,11
23167062,114,31,83
23167253,44,11,33
23167345,102,17,85
23168365,27,12,15
231692,134,24,110
23171317,12,5,7
2317293,10,2,8
23173179,5,0,5
23174173,18,12,6
23175145,80,20,60
23175646,75,22,53
23175755,22,18,4
23176058,0,0,0
23176164,2,1,1
23177406,6,2,4
23179225,27,10,17
23179673,0,0,0
23180218,41,28,13
23180362,40,10,30
23180565,141,65,76
23180649,5,0,5
23180956,1,4,-3
23180987,10,2,8
23181076,31,11,20
23181445,152,24,128
23182042,70,21,49
23182515,57,15,42
23185211,1,0,1
231854,794,159,635
23185889,54,13,41
23186248,19,2,17
2318959,225,133,92
23192749,2,1,1
23193426,35,10,25
23193758,45,7,38
23193792,115,43,72
23194375,44,27,17
23195582,12,5,7
23195861,20,4,16
23196396,39,5,34
23197426,53,22,31
23198070,25,8,17
23198288,93,35,58
23199137,21,17,4
23199747,18,3,15
23200419,5,0,5
23200587,23,8,15
23200602,23,8,15
23201158,22,5,17
23201199,84,20,64
23201481,89,24,65
23202298,7,6,1
23204783,0,0,0
23205908,6,0,6
23210209,185,43,142
23210559,72,25,47
23210819,31,2,29
23212837,27,11,16
23214043,4,3,1
23215339,5,0,5
23215648,63,12,51
23216939,1,0,1
23217396,14,3,11
23217633,3,1,2
23217978,4,0,4
23218398,0,0,0
2321876,7,2,5
23218870,9,3,6
23219030,233,118,115
23219485,179,27,152
23219851,18,6,12
23220185,23,16,7
23220187,35,5,30
23223915,0,0,0
232240,152,42,110
23224222,13,7,6
23224401,29,10,19
23224700,87,23,64
23224998,0,0,0
23225368,6,0,6
23225378,0,0,0
23225502,92,23,69
23225707,62,11,51
23225829,6,1,5
2322585,5,4,1
23226047,7,3,4
23226064,8,0,8
23226194,31,12,19
23226268,46,16,30
23226480,33,16,17
23226499,58,12,46
23226529,5,2,3
23227018,106,14,92
23227392,260,20,240
23227467,0,1,-1
2322751,90,29,61
23227556,12,8,4
23227879,11,1,10
23228672,4,3,1
23229090,134,19,115
23229238,0,0,0
23229310,10,6,4
23229451,12,1,11
23230070,3,0,3
2323026,23,9,14
23230307,32,4,28
23230804,42,9,33
23231054,26,6,20
23231244,1,0,1
23231528,14,2,12
23232001,4,0,4
23233078,4,1,3
23234370,13,2,11
23234374,20,6,14
23234545,36,19,17
23234683,57,23,34
23234899,0,0,0
23234902,4,1,3
23234912,34,11,23
23235339,82,16,66
23236068,96,11,85
23236120,18,4,14
23239312,46,13,33
23239580,67,25,42
23239726,29,9,20
23239909,42,9,33
23241517,152,32,120
23241780,3,1,2
23242616,4,0,4
23242687,61,11,50
23242993,11,2,9
23243397,11,3,8
23244060,7,5,2
23244265,19,3,16
23244369,112,32,80
23244705,41,7,34
23244765,129,55,74
23244881,16,6,10
23245205,71,14,57
23245368,17,4,13
23245770,132,14,118
23246804,27,9,18
23247072,18,1,17
23247249,8,1,7
23247933,83,22,61
23248110,25,4,21
23249536,69,14,55
23251343,70,17,53
23251795,0,0,0
23252254,77,13,64
23256571,24,7,17
23256597,165,82,83
23256705,181,67,114
23259082,8,0,8
23259420,11,3,8
23260653,63,23,40
23260740,62,25,37
23261281,10,5,5
23261324,0,0,0
23261333,1,1,0
23261345,0,0,0
23261735,5,0,5
23262133,2,2,0
23262631,83,37,46
23262949,48,14,34
23263427,22,3,19
23263982,49,10,39
23264311,16,2,14
23264341,42,21,21
23264378,61,10,51
23265109,8,3,5
23268098,43,14,29
23268261,4,0,4
23268396,41,2,39
23268423,3,1,2
23269570,174,44,130
23269670,48,11,37
23269868,2,0,2
23270833,208,35,173
23272062,123,26,97
23272397,0,1,-1
23272667,9,1,8
23273060,122,26,96
23273658,170,90,80
23273662,4,0,4
23273709,170,56,114
23277606,34,19,15
23277840,14,5,9
23279657,7,0,7
23280143,21,2,19
23280404,110,15,95
23280508,40,26,14
23280710,11,2,9
23281704,1,0,1
23281717,39,7,32
23281975,44,16,28
23282140,59,28,31
23282320,52,7,45
2328336,0,0,0
23284360,152,54,98
23285146,62,6,56
23285221,2,10,-8
23285467,43,11,32
23286233,17,1,16
23287145,2,0,2
23287199,39,16,23
23287441,34,15,19
23287584,67,18,49
23287590,2,0,2
23287900,7,0,7
23288079,126,24,102
23288169,26,3,23
23288573,138,14,124
23288840,120,24,96
23288888,34,14,20
23289005,109,14,95
23289513,9,1,8
23289536,11,4,7
23290247,18,8,10
23290409,79,21,58
23290545,2,1,1
23291214,5,5,0
23291360,39,5,34
23291393,1,1,0
23291601,51,30,21
23291632,12,6,6
23292903,0,0,0
23294046,40,8,32
23294870,111,46,65
23297569,72,38,34
23297905,14,9,5
23298000,5,6,-1
232983,669,201,468
23298320,10,4,6
23298518,1,0,1
23298653,2,0,2
23299026,46,23,23
23299555,0,0,0
23299735,70,27,43
23300071,33,7,26
23301103,101,12,89
23301297,20,5,15
23301344,85,21,64
23301547,156,60,96
23301819,139,33,106
23302197,7,2,5
23302294,69,6,63
23302584,23,5,18
23302708,2,0,2
23302771,8,0,8
23302974,68,17,51
23303137,1,0,1
23303538,123,33,90
23303985,253,69,184
23304004,163,47,116
23305001,19,4,15
23305889,38,8,30
23305952,86,19,67
23308207,59,11,48
23308679,34,8,26
23309558,2,0,2
23310085,0,0,0
23310418,31,10,21
23310482,1,2,-1
23310565,1,1,0
23313948,63,24,39
23314023,0,0,0
23314793,350,67,283
23314880,79,28,51
23315495,122,31,91
23315798,9,2,7
23315875,11,1,10
23316240,10,4,6
23316546,18,13,5
23316555,8,1,7
23316575,40,12,28
23316611,46,18,28
23316867,10,1,9
23317060,40,9,31
23317087,1,1,0
23317605,17,5,12
23317653,53,22,31
23317774,151,27,124
23317869,63,27,36
23317938,40,8,32
23318014,4,1,3
23318094,2,1,1
23318330,10,0,10
23318443,37,4,33
23318497,6,1,5
23318738,126,49,77
23318944,53,29,24
2331910,21,2,19
23319114,15,6,9
23319235,74,28,46
23319284,81,13,68
23319477,46,10,36
23319507,40,8,32
23319688,14,5,9
23320040,17,1,16
2332011,19,16,3
23320834,31,7,24
23321068,3,6,-3
23321341,0,0,0
23321394,12,1,11
23321575,9,0,9
23322749,8,1,7
23323623,32,2,30
23324748,4,0,4
23324853,29,7,22
23325053,9,5,4
23325491,40,22,18
23326016,7,1,6
23327018,40,10,30
23327643,23,0,23
2332836,47,13,34
23331642,11,5,6
23332653,43,2,41
23333054,7,2,5
23333258,205,50,155
23333264,13,5,8
23333527,223,106,117
23333842,0,0,0
23334049,63,39,24
23334739,47,14,33
23334965,7,6,1
23335713,407,65,342
23335904,26,11,15
23335995,36,11,25
23336197,50,17,33
23336316,39,4,35
23337264,1,0,1
23337477,137,26,111
23337574,78,35,43
23338133,33,3,30
23339234,102,19,83
23339476,42,1,41
23339819,19,1,18
23339979,39,18,21
23340071,4,1,3
23340146,51,10,41
23340313,45,26,19
23340414,9,1,8
23340922,53,11,42
23341808,58,11,47
23345367,65,15,50
2334576,37,5,32
23345959,0,0,0
23346739,85,12,73
23346780,158,84,74
23347083,203,115,88
23347132,16,1,15
23347819,4,0,4
23347886,146,71,75
23347909,0,0,0
23348157,204,96,108
23349048,2,1,1
23349200,13,3,10
23349319,9,1,8
23349999,64,10,54
23350117,11,3,8
23350249,13,3,10
23350303,5,0,5
23350304,80,20,60
23350540,2,0,2
23350615,13,3,10
23351645,3,1,2
23351882,20,1,19
23351923,9,3,6
23352142,102,25,77
23352798,166,20,146
23352804,51,9,42
23352818,45,6,39
23353889,44,22,22
23353910,9,9,0
23354250,117,13,104
23354332,31,7,24
23354481,2,1,1
23354515,9,3,6
23354999,53,10,43
23355105,22,19,3
23356178,3,0,3
23356225,8,1,7
23356235,14,2,12
23356414,41,9,32
23356736,0,0,0
23357124,8,2,6
23357469,31,9,22
23357630,4,2,2
23357888,26,4,22
2336065,233,48,185
23362490,4,1,3
23363114,24,3,21
23363370,16,4,12
23363954,18,6,12
23364016,15,4,11
23364140,36,8,28
23364399,8,1,7
23364449,19,2,17
23364599,12,4,8
23364886,12,7,5
23365084,37,13,24
2336520,235,47,188
23366446,12,3,9
23367327,49,22,27
23367781,2,0,2
23367928,247,63,184
23368820,7,2,5
23368989,9,1,8
23369310,60,11,49
23369491,63,21,42
23370045,10,0,10
23370986,0,0,0
23371000,73,16,57
23371010,27,2,25
23371383,262,55,207
23371395,9,6,3
23372572,97,20,77
23372781,147,58,89
23374198,30,6,24
23374319,183,79,104
23374439,3,0,3
23374477,177,67,110
23374631,246,89,157
23374816,16,3,13
23375074,12,1,11
23375529,147,27,120
23375726,0,0,0
23375879,2,2,0
23376323,9,7,2
23376779,6,0,6
23377516,14,9,5
23378397,16,6,10
23381322,114,22,92
23383288,19,2,17
23383300,23,0,23
23384430,0,0,0
23384707,48,5,43
23384916,16,10,6
23385252,60,10,50
23385759,34,2,32
23386785,14,4,10
23386966,2,1,1
23388120,23,4,19
23388344,25,6,19
23388771,5,0,5
23388814,20,7,13
23389374,7,3,4
23389533,46,13,33
23390481,27,12,15
23390727,45,22,23
23390969,57,6,51
23392648,25,5,20
23392915,0,0,0
23394418,83,42,41
23394812,62,26,36
23394919,0,0,0
23395062,13,0,13
23395293,10,3,7
23396142,0,0,0
23396399,4,2,2
23396533,3,1,2
23396876,35,11,24
23397594,0,0,0
23398038,34,12,22
23398513,101,14,87
23404426,0,0,0
23404654,79,29,50
23404810,18,4,14
23405001,7,0,7
23405582,194,32,162
23406042,44,11,33
23406374,6,1,5
23406583,110,17,93
23406763,89,32,57
23406900,1,2,-1
23407169,84,35,49
23407886,35,14,21
23408574,7,2,5
23408890,35,9,26
23409482,102,23,79
23409745,2,2,0
23409904,54,30,24
23410119,36,4,32
23410149,53,7,46
23410634,40,18,22
23410727,18,2,16
23412588,81,41,40
2341477,2,0,2
23414905,11,6,5
23415091,11,3,8
23416003,47,14,33
23416109,59,12,47
23416257,171,18,153
23416437,7,2,5
23417214,43,5,38
23417791,21,3,18
2341921,62,1,61
23419469,48,12,36
2342180,64,6,58
23422365,79,19,60
23422390,25,4,21
23422470,0,0,0
23423588,54,11,43
23423706,67,19,48
23423936,26,4,22
23424093,24,9,15
23424204,17,3,14
23424302,41,3,38
23424314,11,5,6
23424692,50,11,39
23424791,137,72,65
23425010,15,20,-5
23425685,10,4,6
23426041,24,9,15
23427391,17,6,11
23427439,0,0,0
23427446,0,1,-1
23427545,37,16,21
23427672,77,33,44
23428178,111,55,56
23428600,27,6,21
23428977,2,0,2
23429266,5,0,5
23429450,249,81,168
23429511,8,2,6
23429784,6,0,6
23429841,9,3,6
23429922,5,0,5
23430062,2,1,1
23430429,66,37,29
23430906,172,29,143
23430952,16,10,6
23432136,4,0,4
23432292,150,47,103
23432495,35,5,30
23433906,7,2,5
23434067,25,8,17
23434421,1,0,1
23434502,2,0,2
23435479,11,9,2
23435791,14,3,11
23439575,38,8,30
23440537,0,0,0
23441195,196,40,156
23441331,21,12,9
23441393,5,2,3
23442510,43,16,27
23442799,43,11,32
23443489,101,31,70
23443517,53,9,44
23443639,1,0,1
23443675,0,0,0
23443960,64,19,45
23444291,4,1,3
23444473,26,10,16
23444636,79,35,44
23445290,27,8,19
23445533,3,2,1
23445584,55,13,42
23446101,82,19,63
23446163,19,3,16
23446708,0,0,0
23447062,97,25,72
23447258,7,6,1
23448873,4,3,1
23448945,102,43,59
23449496,166,29,137
23449690,73,19,54
23450555,0,0,0
23451647,18,4,14
23453233,32,12,20
23453434,1,0,1
23454168,20,2,18
23454304,8,1,7
23455663,4,0,4
23457435,197,35,162
23458889,18,10,8
23459332,12,2,10
23459524,119,42,77
23459873,2,1,1
23460453,9,12,-3
23460550,21,8,13
23461044,5,3,2
23461184,26,10,16
23461205,15,1,14
23461571,7,1,6
23461795,48,9,39
23462120,42,2,40
23463066,45,19,26
23463796,63,13,50
23464203,5,2,3
23464570,13,1,12
23465385,5,0,5
23465613,4,0,4
23465888,42,7,35
23466349,5,7,-2
23467883,46,4,42
23468893,3,2,1
23471917,1,1,0
2347198,277,71,206
23473054,179,47,132
23473298,25,4,21
23473852,2,0,2
23473968,154,36,118
23474277,79,13,66
23475699,26,13,13
23475734,8,1,7
23476287,1,0,1
23476890,3,0,3
23477327,19,12,7
234776,664,182,482
23479735,0,1,-1
23480616,3,0,3
23481067,11,2,9
23481262,0,1,-1
23481334,57,11,46
23483554,39,7,32
23483631,73,38,35
23484205,62,13,49
23484744,8,2,6
23485284,9,2,7
2348935,6,2,4
2349016,400,83,317
23490706,26,14,12
23490870,7,2,5
23492068,12,6,6
23492506,122,31,91
23492919,102,22,80
2349311,102,37,65
23493609,201,26,175
23493876,0,0,0
23494038,7,12,-5
23494189,56,8,48
23494784,7,0,7
23494885,3,1,2
23495126,3,0,3
23495151,6,0,6
23495170,3,0,3
23495686,412,78,334
23496564,14,4,10
23496674,33,11,22
23497042,121,53,68
23497116,30,14,16
23497162,78,16,62
23497465,2,0,2
23497788,16,3,13
23499220,56,16,40
23499227,106,15,91
23499401,4,1,3
23499796,0,0,0
23499811,69,30,39
23499912,44,19,25
23501281,41,12,29
23501349,5,0,5
2350232,17,2,15
2350245,15,5,10
23502664,74,18,56
23502768,41,5,36
23503285,2,0,2
23503716,35,14,21
23504740,18,11,7
23504872,31,35,-4
23505512,23,11,12
23506058,9,1,8
23506194,3,0,3
23510538,25,7,18
23510921,24,4,20
23511109,0,0,0
23511526,36,8,28
23512194,18,11,7
23512386,37,24,13
23512624,22,3,19
23512852,56,11,45
23513041,53,15,38
23513125,26,15,11
23514612,7,1,6
23514643,64,17,47
23514965,35,14,21
23515135,19,5,14
2351551,103,50,53
23515557,3,0,3
23515605,11,7,4
23515897,41,14,27
23515938,12,5,7
23516191,4,0,4
23516229,2,0,2
23516511,20,8,12
23517251,75,37,38
2351736,387,55,332
23517485,86,29,57
23517626,61,11,50
23517774,129,66,63
23517919,15,0,15
23518044,7,1,6
23518367,0,0,0
23518531,8,4,4
23520068,9,0,9
23520703,18,8,10
23521147,28,18,10
23522156,16,5,11
23522329,8,4,4
23522537,17,14,3
23523061,3,1,2
23523171,1,0,1
23523255,33,7,26
23524233,2,0,2
23524309,0,1,-1
23524630,1,0,1
23527878,6,0,6
23530458,5,0,5
2353077,51,18,33
23532571,110,20,90
23532940,40,8,32
23533090,0,0,0
23533238,17,0,17
23533461,50,14,36
23533575,61,54,7
23533940,265,61,204
23534377,18,8,10
23535209,96,36,60
23535447,121,77,44
23535490,1,1,0
23535659,35,17,18
23536225,151,52,99
23536258,18,5,13
23536360,45,20,25
23536687,14,0,14
23537198,20,7,13
23537290,14,2,12
23537563,106,48,58
23538032,46,6,40
23538066,107,31,76
23538387,6,2,4
23538701,5,2,3
23538714,50,16,34
23538716,1,0,1
23538926,4,0,4
23539016,62,10,52
23539044,17,2,15
23539420,7,5,2
23539605,20,3,17
23540348,52,33,19
23540610,21,3,18
23542986,76,9,67
23543110,3,0,3
23543264,5,3,2
23543312,31,15,16
23543932,56,15,41
23544533,48,12,36
23544930,2,3,-1
23545310,37,9,28
23545642,102,38,64
23545789,82,8,74
2354700,696,274,422
23547132,11,4,7
2354954,24,6,18
23551911,19,4,15
23552361,0,0,0
23552620,18,5,13
23552763,9,3,6
2355323,218,76,142
23553248,11,0,11
23554532,18,6,12
23554801,53,15,38
23555251,39,12,27
23555322,78,28,50
23555444,84,41,43
23555653,100,30,70
23555770,49,6,43
23556060,8,1,7
23556385,3,1,2
23556516,84,36,48
23556763,31,3,28
23556848,3,2,1
23556856,76,31,45
23557038,31,5,26
23557403,48,22,26
23557895,18,6,12
23558059,72,36,36
23559368,3,0,3
23559446,2,0,2
23559468,13,4,9
23560009,128,37,91
23560862,0,0,0
23561300,37,14,23
23561458,202,55,147
23561505,19,8,11
23562076,29,6,23
23562104,2,0,2
23562534,6,1,5
23563869,2,0,2
23564214,0,0,0
23564410,52,11,41
23565544,52,10,42
23566095,1,0,1
23566786,13,2,11
23569379,55,19,36
23570097,59,36,23
23570377,46,7,39
23570643,1,1,0
2357072,226,24,202
23570890,49,7,42
23571109,14,1,13
23571804,8,0,8
23572101,70,23,47
23572478,27,4,23
23573036,18,7,11
23573107,35,5,30
23573152,11,0,11
23573381,21,2,19
23576309,91,22,69
23578035,17,8,9
23579257,7,2,5
23579749,0,0,0
23580081,66,24,42
23580315,67,35,32
23580425,49,9,40
23581019,21,14,7
23581122,23,3,20
23587481,67,17,50
23587602,21,5,16
23587822,15,5,10
23588497,0,0,0
23588783,0,0,0
23589821,11,2,9
23589990,0,1,-1
23590715,14,10,4
23590930,42,17,25
23591040,26,5,21
23591144,4,2,2
23591444,58,27,31
23591660,5,1,4
23592421,8,1,7
23593095,133,24,109
23593427,73,32,41
23593519,49,3,46
23593551,53,6,47
23594159,106,28,78
23594193,234,31,203
23594823,40,10,30
23595408,4,1,3
23595460,0,0,0
23595530,22,2,20
2359581,450,218,232
23599009,0,0,0
23599123,173,43,130
235994,220,100,120
23600601,30,8,22
23602363,12,8,4
23602650,12,8,4
23603246,0,0,0
23603411,50,8,42
23603510,61,15,46
23603957,18,2,16
23604126,7,3,4
23604177,28,8,20
23605294,67,18,49
23605830,30,4,26
23606581,17,6,11
23606617,23,5,18
23607194,19,2,17
23607370,177,27,150
23607451,9,0,9
23607999,0,0,0
2360881,31,14,17
23609479,67,17,50
23609586,38,11,27
23609820,8,1,7
23610480,1,0,1
23610602,7,3,4
23611404,18,2,16
23611508,18,5,13
23611770,15,2,13
23612418,1,1,0
23612465,38,7,31
23613734,77,14,63
23618965,56,9,47
23619139,17,13,4
23620131,57,21,36
23620712,33,15,18
23620847,4,0,4
23621039,151,32,119
23621054,78,33,45
23621249,34,11,23
23621802,18,5,13
23621898,0,0,0
23621965,7,3,4
23622035,3,0,3
23622093,3,0,3
23622097,12,3,9
23622107,35,13,22
23622974,15,1,14
23622981,15,2,13
23623207,28,9,19
23623700,8,2,6
23624163,13,3,10
23625854,22,9,13
23626331,50,11,39
23627498,14,2,12
23627726,10,4,6
23627880,67,23,44
23627908,71,38,33
23628483,85,14,71
23629613,2,0,2
23629757,12,3,9
23630210,15,4,11
23630254,39,4,35
23630556,76,2,74
23631479,10,8,2
23631727,121,53,68
23632285,8,6,2
23632431,60,17,43
23635974,26,1,25
23636081,508,74,434
23636455,0,0,0
23636537,7,2,5
23636594,55,32,23
23637013,16,3,13
23637181,27,3,24
23637431,22,3,19
23637562,83,38,45
23638068,3,0,3
23638210,2,0,2
23638254,3,0,3
2363826,75,25,50
23638497,23,7,16
23638648,14,3,11
23638649,7,2,5
23638870,61,9,52
23639384,10,1,9
23639881,125,35,90
23641578,34,10,24
23642338,9,2,7
23642382,80,33,47
23642991,66,21,45
23643690,62,21,41
23643740,64,16,48
23643828,35,12,23
23644036,16,5,11
23644083,34,6,28
23644550,69,21,48
23645267,106,40,66
23646257,43,11,32
23646901,12,4,8
23647178,37,8,29
23647468,24,5,19
23647853,46,6,40
23648315,12,3,9
23648477,4,0,4
23648956,72,9,63
23649158,12,0,12
23655082,63,25,38
23656100,22,2,20
23656198,61,29,32
23657124,20,6,14
23657334,4,1,3
23657622,10,4,6
23657845,4,3,1
23659119,65,37,28
23659380,27,4,23
23659802,50,30,20
23659881,5,0,5
23661164,49,7,42
23662607,19,5,14
23663039,43,11,32
23663320,0,0,0
2366348,148,78,70
23663765,88,43,45
2366393,47,10,37
23664114,30,5,25
23664134,57,23,34
23665982,91,44,47
23666151,17,8,9
23667387,45,14,31
23668118,64,7,57
23668213,7,0,7
23668511,136,55,81
23668708,1,0,1
23669065,20,5,15
2367101,104,17,87
236716,544,66,478
23672307,0,1,-1
2367250,50,25,25
23672805,25,5,20
23674020,0,0,0
23674645,85,9,76
23674765,57,18,39
23674891,13,4,9
23675028,65,16,49
23675364,2,0,2
23675478,7,0,7
23675541,6,0,6
23675574,8,8,0
23675656,2,1,1
23676454,7,1,6
23676569,4,1,3
23676781,15,4,11
23676786,1,3,-2
23676916,138,44,94
23676957,25,6,19
23678029,33,23,10
23678059,0,0,0
23678062,64,7,57
23678087,3,2,1
23678097,5,6,-1
23678106,10,1,9
23678157,9,4,5
23678663,46,27,19
23678868,15,13,2
23679695,1,2,-1
23680267,55,13,42
23680512,3,1,2
23680673,28,2,26
23681753,20,1,19
23682981,0,0,0
23683251,25,2,23
23683879,56,17,39
23684338,312,46,266
23685079,1,0,1
23685393,4,1,3
23685520,11,5,6
23685744,66,22,44
23689373,3,1,2
23689848,32,3,29
23690171,188,31,157
23691924,4,4,0
23693013,2,1,1
2369323,40,19,21
23693261,21,4,17
23693351,0,0,0
23693652,8,6,2
23694816,120,45,75
23694981,2,2,0
23695457,120,44,76
236956,1214,244,970
23696078,42,13,29
23696195,149,36,113
23696294,2,3,-1
23696715,64,12,52
23696999,108,54,54
23697310,78,25,53
23697413,21,9,12
23697820,51,23,28
23698279,50,12,38
23698697,77,31,46
23699213,52,19,33
23699746,157,43,114
23699779,59,10,49
23701760,20,5,15
23701803,12,2,10
23702440,17,2,15
23702493,74,10,64
23703874,7,5,2
23705801,12,3,9
23706138,0,0,0
23706208,16,3,13
23706502,0,0,0
23707025,6,0,6
23707086,3,1,2
23707221,11,2,9
23707256,17,18,-1
23708469,47,22,25
23708766,155,34,121
23708979,4,2,2
23709401,58,35,23
2370958,34,19,15
23709886,140,17,123
23710075,36,14,22
23710491,41,13,28
23710839,34,9,25
23711151,35,11,24
23711620,1,0,1
23712645,147,21,126
23712697,10,3,7
23712985,0,0,0
23714545,52,38,14
23714967,16,7,9
23715040,86,22,64
23715293,75,9,66
23715370,72,12,60
23715473,4,7,-3
23716157,110,37,73
2371649,746,127,619
23720102,2,0,2
23720447,0,0,0
23720757,14,4,10
23721842,23,2,21
23722068,7,3,4
23722428,131,28,103
23722753,27,6,21
23723195,0,0,0
23724323,1,0,1
23724509,11,4,7
23724580,12,3,9
23724773,7,0,7
23725202,0,0,0
23725749,82,5,77
23725974,55,11,44
23726172,14,0,14
23726936,0,0,0
23726987,94,14,80
23727104,9,0,9
23727192,6,5,1
23727374,10,1,9
23728058,138,54,84
23728535,131,28,103
23728844,78,28,50
23729056,20,5,15
23729127,100,35,65
23729440,92,35,57
23730263,18,6,12
23730464,14,3,11
2373150,32,11,21
23731984,0,0,0
2373426,2,0,2
2373534,45,11,34
23737179,8,2,6
23737199,149,105,44
23737519,3,1,2
23737581,4,2,2
23737888,86,40,46
23737940,1,0,1
23737949,9,2,7
23737954,7,2,5
23738010,22,7,15
2373834,24,2,22
23738435,39,17,22
23738683,39,14,25
23738866,73,9,64
23739184,7,0,7
2373926,137,22,115
23739648,2,3,-1
23739652,17,13,4
23739716,16,7,9
23739786,2,8,-6
23740660,8,5,3
23740855,207,48,159
23740858,100,30,70
23741628,1,2,-1
23742368,33,14,19
23742718,97,17,80
23743758,12,1,11
23743889,0,0,0
23744307,28,8,20
23744453,57,8,49
23744767,12,2,10
23745409,4,1,3
23745451,15,11,4
23745472,3,0,3
23745473,67,24,43
23745489,17,0,17
23745495,0,0,0
23745705,42,6,36
23746533,6,0,6
23747108,3,0,3
23747900,17,6,11
23748350,25,4,21
23749476,101,18,83
23750078,122,29,93
23750144,0,0,0
23751215,97,46,51
23754919,40,16,24
2375582,51,10,41
23756069,96,31,65
23756770,3,0,3
23757469,26,9,17
23757775,3,1,2
23758335,115,38,77
23758796,22,13,9
23758818,9,1,8
23758834,85,17,68
23759005,45,11,34
23759020,1,0,1
23759169,6,0,6
23759235,1,1,0
23759482,27,11,16
23760337,72,20,52
23760455,2,0,2
23760582,12,3,9
23760816,43,21,22
23760987,2,0,2
23761279,133,28,105
23761520,20,8,12
23761601,19,6,13
23762033,22,2,20
23762099,24,2,22
23762761,11,3,8
23763266,64,10,54
23764191,5,3,2
23765052,3,0,3
23765093,9,4,5
23765165,33,2,31
23765272,6,0,6
23765423,4,2,2
23765996,49,7,42
23766205,76,7,69
23767138,52,12,40
23767155,183,54,129
23767245,16,4,12
23767402,105,15,90
23767492,5,3,2
23767839,21,6,15
23768822,71,25,46
23769721,3,0,3
23769763,178,66,112
23770341,146,36,110
23770723,9,1,8
2377128,11,0,11
23771631,5,2,3
23775488,9,1,8
23776144,178,24,154
23776963,15,6,9
23777652,36,16,20
23777776,3,3,0
23777916,0,0,0
23777988,66,10,56
23778618,8,5,3
23778619,26,15,11
23778953,2,5,-3
23779037,2,2,0
23779457,69,15,54
23779542,74,24,50
23780117,30,2,28
23780476,32,1,31
23780639,5,2,3
23780751,6,0,6
23782115,26,8,18
23782619,0,0,0
23782730,16,2,14
23782733,42,37,5
23782874,24,2,22
23783470,10,3,7
23783871,44,17,27
23784012,6,5,1
23784734,18,10,8
23786698,9,2,7
23786774,2,2,0
2378704,0,0,0
23788059,0,0,0
23788466,3,0,3
237907,319,75,244
23793478,8,2,6
2379382,24,5,19
23796570,73,12,61
23796703,55,16,39
23797390,14,11,3
23797621,26,16,10
23797635,17,3,14
23797643,108,33,75
23798165,24,6,18
23798456,92,25,67
23798552,50,12,38
23798707,21,6,15
23798746,68,11,57
23798840,0,0,0
23798877,69,15,54
23798966,20,4,16
2379917,11,2,9
23799224,66,23,43
23799571,71,32,39
23800284,12,9,3
23801041,16,10,6
23801436,20,0,20
23801622,2,0,2
23801689,0,0,0
23801952,35,12,23
23802171,37,9,28
23802428,7,0,7
23802494,10,2,8
23802774,83,13,70
23802798,172,31,141
2380302,9,11,-2
23803608,90,25,65
23804414,19,15,4
23804613,16,5,11
23805225,11,1,10
23805633,29,3,26
23805658,6,0,6
23805954,67,8,59
23806635,81,13,68
23806710,11,5,6
23807460,0,0,0
23807516,15,2,13
23807579,0,0,0
23808210,450,54,396
23808788,58,32,26
23808883,53,15,38
23809007,64,14,50
23809331,18,13,5
23810131,42,18,24
23810213,65,16,49
23812755,50,23,27
23813881,85,15,70
23814268,23,16,7
23814293,94,14,80
23815378,15,0,15
23815697,43,24,19
23815852,13,3,10
23816147,5,2,3
23816345,3,0,3
23816358,103,40,63
23816479,0,0,0
23816663,11,1,10
23816966,96,46,50
23817361,3,0,3
23817533,18,5,13
23817589,8,4,4
23817737,9,3,6
23818148,13,1,12
23818330,26,20,6
23818336,3,1,2
23818817,23,3,20
23818826,2,2,0
23819228,33,26,7
23820023,245,50,195
23820559,63,19,44
23820750,301,46,255
23820761,13,3,10
23821230,51,20,31
23821375,15,4,11
23821639,8,4,4
23822299,52,12,40
23822412,45,14,31
23822682,41,8,33
23822953,140,39,101
23823074,19,6,13
23823126,145,40,105
23823919,11,7,4
23824693,74,18,56
23824741,0,0,0
23825148,6,1,5
2382550,6,2,4
23825943,20,4,16
23826208,56,23,33
23826701,16,5,11
23826733,34,6,28
23826810,14,1,13
23826863,9,3,6
23827386,51,13,38
2382883,173,51,122
23832085,1,0,1
23832712,71,19,52
23832720,43,14,29
23832824,9,2,7
23833534,4,0,4
238349,408,184,224
23835632,5,7,-2
23836681,156,52,104
23838090,5,3,2
23838153,9,1,8
23838266,25,5,20
23838906,45,20,25
23839138,61,11,50
23840045,50,6,44
23841103,41,13,28
23841335,23,3,20
23841371,46,16,30
23841666,6,2,4
238440,46,32,14
23845310,37,22,15
23846123,2,2,0
23846672,23,7,16
23846722,11,3,8
23847030,40,12,28
23847615,3,0,3
23847641,2,1,1
23847732,19,15,4
23847846,74,15,59
23848254,2,0,2
23850089,6,0,6
23850866,45,2,43
23850877,18,5,13
23851113,8,3,5
23851363,7,2,5
23851540,32,7,25
23851551,6,2,4
23852243,2,1,1
23852405,6,0,6
23852456,60,12,48
23852566,16,4,12
23853094,79,13,66
23853543,0,1,-1
23853554,93,26,67
23853756,17,3,14
23853886,6,0,6
23853968,37,10,27
23855462,67,25,42
23855720,32,10,22
23856446,4,2,2
23856458,3,2,1
23857719,35,3,32
23858291,35,7,28
23858962,11,1,10
23862429,23,7,16
2386245,329,55,274
2386324,12,1,11
23863592,66,22,44
2386399,60,14,46
23864568,8,1,7
23864871,61,26,35
2386825,57,8,49
23868970,21,7,14
23869015,8,2,6
23869126,39,8,31
23869339,21,9,12
23869617,77,25,52
23869804,38,18,20
23869998,3,0,3
23870116,22,9,13
23870836,59,17,42
23870907,84,18,66
238711,598,288,310
23871194,4,3,1
23872293,103,34,69
23872786,11,4,7
23872860,159,68,91
23873967,33,10,23
23874117,217,37,180
23874153,33,4,29
23874353,39,23,16
23874363,9,0,9
23874390,61,19,42
23874979,41,16,25
23875011,10,6,4
23875613,7,4,3
23875631,1,0,1
23875639,24,7,17
23875654,29,10,19
23875833,21,6,15
23877063,0,1,-1
23877381,29,5,24
23878100,185,54,131
23878745,5,2,3
23879021,36,3,33
23879254,66,55,11
23879525,0,2,-2
23879786,1,2,-1
23880693,47,21,26
23880837,27,14,13
23880927,0,0,0
23881048,9,1,8
23881659,3,1,2
23884228,75,18,57
23886010,2,3,-1
23886641,40,16,24
2388750,249,82,167
2388759,55,4,51
23888375,6,2,4
23889692,71,42,29
23889806,125,42,83
23890674,71,45,26
23890814,62,10,52
23890932,92,51,41
23891006,2,0,2
23891518,23,8,15
23891819,16,4,12
23892897,0,0,0
23893432,51,21,30
23893567,17,5,12
23893622,85,25,60
23894976,1,0,1
23895502,20,7,13
23895665,31,5,26
23896130,1,2,-1
23896160,23,7,16
23896272,66,37,29
23897025,8,4,4
23898935,114,23,91
23899155,81,33,48
23899276,84,11,73
23899743,3,1,2
23901062,18,2,16
23901150,37,19,18
23901435,5,1,4
23901438,46,16,30
23902042,1,0,1
23902301,25,7,18
23902391,112,34,78
23902438,117,36,81
23903334,0,0,0
23903700,0,1,-1
2390621,122,44,78
23908721,126,31,95
23909021,46,9,37
2390955,49,5,44
23909582,2,0,2
23910533,81,31,50
23910677,35,14,21
23911050,31,11,20
23911616,52,21,31
23911820,28,8,20
23912076,1,0,1
23912444,2,0,2
23912464,41,20,21
23912521,27,8,19
23912898,157,46,111
23913025,78,23,55
23913033,0,0,0
23913263,10,3,7
23913595,51,21,30
23913687,6,0,6
23914063,165,37,128
23914185,5,0,5
23914318,3,0,3
23914730,0,0,0
23915109,20,5,15
23916227,67,24,43
23916439,52,25,27
2391655,61,11,50
23917150,0,0,0
23917431,62,29,33
23917439,10,0,10
23919090,9,3,6
23919424,28,4,24
23920431,3,1,2
23921292,26,8,18
2392134,1322,267,1055
23921520,36,3,33
23921819,20,7,13
23922381,5,3,2
23923331,2,1,1
23924378,7,8,-1
23925042,224,33,191
23926156,0,0,0
2392700,160,36,124
23927094,2,0,2
23927105,15,7,8
23927219,3,1,2
2392770,37,5,32
23929002,21,4,17
23933256,48,12,36
2393377,213,127,86
23933850,46,16,30
23934711,37,7,30
23934736,12,4,8
23934902,14,2,12
23935389,5,0,5
23935598,3,0,3
23936609,77,37,40
23936710,64,14,50
23936905,6,2,4
23936982,2,2,0
2393861,14,4,10
23938759,20,11,9
23939013,30,7,23
23939105,10,1,9
23939388,39,20,19
23939425,73,13,60
23939434,11,2,9
23939628,2,2,0
23939708,55,39,16
23939967,0,0,0
23940627,25,9,16
23940763,13,3,10
23941905,12,3,9
23942367,32,4,28
23942978,9,1,8
23943242,91,38,53
23943540,35,4,31
23943819,68,31,37
23944007,105,40,65
23944041,10,2,8
23944700,109,9,100
23944724,63,28,35
23945004,57,30,27
23949502,18,1,17
23950521,8,3,5
23950541,17,12,5
23950577,18,3,15
23950919,61,8,53
23951162,15,3,12
23951934,30,6,24
23952737,0,0,0
23953128,11,1,10
23953271,14,1,13
23953287,50,23,27
23953553,23,13,10
23953705,13,4,9
23953789,72,14,58
23953791,35,23,12
23954029,70,17,53
23954133,3,0,3
23954160,3,1,2
23954172,0,0,0
23954289,84,27,57
23954344,229,22,207
23954597,0,0,0
23954639,55,22,33
23954934,80,25,55
23955349,0,0,0
23955619,23,6,17
23955672,8,3,5
23956659,48,22,26
23956691,37,9,28
23956845,53,6,47
23957432,2,0,2
23957871,125,37,88
23958660,132,52,80
23958758,49,15,34
23958836,11,4,7
23959838,77,11,66
23960435,69,35,34
23961068,53,30,23
23961531,72,21,51
23961789,78,24,54
23961851,57,8,49
23962805,11,2,9
23963573,3,1,2
23966751,4,1,3
2396731,32,7,25
23968237,0,0,0
23969018,2,1,1
23969220,69,16,53
23969328,39,24,15
23969644,19,1,18
239697,323,72,251
23969750,13,2,11
23970014,35,6,29
23970397,22,15,7
23970860,57,28,29
23973213,39,4,35
23973274,39,6,33
23973477,60,18,42
23974026,0,0,0
23974046,9,2,7
23974058,20,4,16
23974471,18,4,14
2397557,48,5,43
23976127,4,1,3
2397634,344,58,286
23976757,62,18,44
2397717,44,11,33
23978464,25,12,13
23978657,1,0,1
23978687,7,2,5
23978715,88,15,73
2398015,31,5,26
23981366,27,5,22
23982958,6,1,5
23983046,37,8,29
23984822,21,6,15
23985227,6,6,0
23985306,13,3,10
23985400,14,3,11
23985712,20,4,16
23985772,23,4,19
23985961,2,1,1
23986178,9,3,6
23986403,44,6,38
23986461,78,19,59
23989054,0,4,-4
23990156,1,0,1
23990266,11,5,6
23991020,70,13,57
23991273,28,7,21
2399226,245,45,200
23992571,6,3,3
23993346,17,4,13
23993368,16,7,9
23993635,16,6,10
23993809,25,6,19
23993822,35,15,20
23994359,2,1,1
23994977,40,13,27
23995022,195,23,172
23995091,113,38,75
23995130,1,0,1
239955,21,7,14
23995717,0,0,0
23995845,87,20,67
23996149,23,6,17
23997465,25,12,13
24001883,65,27,38
24003123,7,1,6
24003473,11,3,8
24003490,16,2,14
24003711,0,0,0
24003852,110,24,86
24004912,45,16,29
24006073,133,29,104
2400692,11,8,3
24007843,69,5,64
24008369,45,18,27
24008798,6,4,2
24009010,1,1,0
24009114,11,6,5
24009197,7,1,6
24009211,79,40,39
24009272,1,0,1
24009453,9,1,8
24009833,3,2,1
24009987,0,0,0
24010040,35,9,26
24010160,105,43,62
24010268,6,0,6
24010296,54,17,37
24010450,73,20,53
24011653,9,3,6
24011780,6,1,5
24011971,7,2,5
24012776,11,3,8
24012784,7,2,5
24013264,2,0,2
24013594,101,17,84
24013832,5,1,4
24013894,20,11,9
24014155,85,20,65
24014458,0,0,0
24015052,4,0,4
24015258,14,7,7
24015373,246,43,203
24015414,38,28,10
24015947,7,2,5
24016039,73,18,55
24016522,16,9,7
24016965,20,14,6
24017161,18,3,15
24017203,50,24,26
24017998,6,2,4
24018258,3,0,3
24018563,101,33,68
24019099,9,1,8
24020003,88,31,57
24020322,90,11,79
24020469,0,0,0
24020480,56,21,35
24022710,16,6,10
24023491,33,6,27
24023758,17,1,16
24024296,0,0,0
24025040,9,0,9
24025042,5,0,5
24025093,2,2,0
24025140,2,3,-1
24025178,9,1,8
24025201,28,4,24
24025209,25,10,15
24025227,11,2,9
24025309,16,6,10
24025557,0,0,0
24025574,4,0,4
24026491,4,1,3
24026755,5,0,5
24026809,7,3,4
24027909,3,1,2
24029213,42,9,33
24029246,0,0,0
2402951,11,8,3
24030364,254,50,204
24030509,23,5,18
24030859,94,20,74
24031041,47,5,42
24031114,12,5,7
24031473,79,28,51
24031655,14,0,14
24031770,4,0,4
24032053,2,1,1
24033727,12,0,12
24034387,2,0,2
24035069,131,28,103
24035739,5,3,2
24036246,8,2,6
24036387,34,22,12
24036551,13,0,13
24036587,21,5,16
24037164,14,4,10
24037304,140,30,110
24037602,9,2,7
24038092,0,0,0
24038647,73,13,60
24038677,82,38,44
24038797,42,14,28
24039193,44,9,35
24039519,14,9,5
24040346,12,0,12
24040543,47,14,33
24041134,49,15,34
24045624,41,11,30
24046733,3,1,2
24047014,3,0,3
24047032,54,10,44
24047687,1,1,0
24048471,26,6,20
24049063,130,18,112
24049088,10,1,9
24049412,61,15,46
24050022,50,9,41
24050063,20,6,14
24050364,33,8,25
24050510,30,15,15
24050526,7,5,2
24050653,94,22,72
24051020,23,5,18
24051048,62,17,45
24051702,3,0,3
24052092,41,26,15
24052194,14,6,8
24052562,0,0,0
24052680,70,12,58
24052977,19,5,14
24054120,21,5,16
24054432,5,2,3
24054681,28,5,23
24055299,52,15,37
24056013,4,0,4
24056040,40,10,30
24056394,12,7,5
24056452,14,9,5
24056997,25,17,8
24057146,6,1,5
24058158,7,4,3
24058767,56,14,42
24059136,250,75,175
24059653,31,8,23
24060803,76,12,64
24061120,20,7,13
24061246,0,0,0
24063359,50,17,33
24063407,10,2,8
24063562,11,2,9
24064074,25,3,22
24064226,9,3,6
24067298,16,6,10
24067447,5,4,1
24068125,11,2,9
24068524,22,10,12
24069118,75,11,64
24069589,29,3,26
24069603,112,40,72
24070183,18,5,13
24070575,12,3,9
24070596,34,7,27
24071120,6,0,6
24071429,96,39,57
24072709,58,21,37
240734,11,4,7
24073417,57,18,39
24073930,101,23,78
24074882,224,54,170
24075181,149,25,124
24075396,21,1,20
24075421,148,52,96
24076522,3,0,3
24076603,33,11,22
24077202,4,0,4
24077811,0,0,0
24077952,3,1,2
24081004,14,2,12
24081311,17,10,7
24082217,62,5,57
24083168,23,8,15
2408578,389,56,333
24089940,28,8,20
24090098,181,57,124
24090254,17,3,14
24090928,8,6,2
24091228,22,5,17
24091898,30,11,19
24092896,33,4,29
24093102,47,8,39
24093373,19,11,8
24094226,31,4,27
24094636,17,2,15
24095363,4,0,4
24096002,7,4,3
24096052,24,6,18
24096554,62,15,47
24096829,60,23,37
24096922,0,1,-1
24097235,8,0,8
24097954,30,6,24
24098565,11,8,3
24099378,11,0,11
24099855,39,8,31
24100600,3,1,2
24102007,72,30,42
24102070,0,0,0
24102529,53,24,29
24102742,150,61,89
24107207,1,0,1
24107487,11,3,8
24108981,3,0,3
24109225,41,6,35
24109437,85,12,73
24110835,12,12,0
24110969,3,0,3
24111622,69,15,54
24111868,103,25,78
24112293,50,17,33
241133,2,2,0
24113728,179,72,107
24113782,20,7,13
24113906,7,2,5
24113916,48,7,41
24114712,0,0,0
24115182,14,1,13
24115533,32,8,24
24115645,0,0,0
24116404,28,13,15
24116887,105,18,87
24117048,32,8,24
24117454,32,12,20
24119069,31,2,29
24121725,47,9,38
24121775,23,3,20
24124467,24,0,24
2412457,87,39,48
24126152,36,4,32
24126669,3,1,2
24126685,57,6,51
24127267,8,0,8
24127876,121,60,61
24127908,32,13,19
24128067,323,38,285
24128129,21,7,14
24128870,21,7,14
24128922,16,1,15
24130233,27,11,16
24130772,71,17,54
24130970,6,2,4
24131568,0,0,0
24132519,47,17,30
24132676,18,1,17
24132703,2,3,-1
24133057,6,4,2
24134193,8,1,7
24134396,19,6,13
24134519,1,0,1
24134747,11,2,9
24134859,46,5,41
24135293,6,0,6
24135416,8,4,4
24135768,2,2,0
24136148,7,1,6
24137654,15,5,10
24140593,33,4,29
24141969,5,4,1
24143537,26,2,24
24144682,0,0,0
24145214,3,0,3
24146292,0,0,0
24146993,151,37,114
24147353,164,47,117
24147724,5,1,4
24147975,0,0,0
24148585,11,1,10
24150073,103,63,40
24150185,3,0,3
24150460,15,0,15
24151350,35,3,32
24152020,40,12,28
24152148,1,0,1
24152161,6,2,4
24154342,6,4,2
24154844,9,5,4
24155202,0,0,0
24155321,0,0,0
24155322,6,1,5
24155561,72,11,61
24155820,13,1,12
24156091,212,49,163
24158328,227,44,183
24159309,114,29,85
2416056,657,203,454
241621,349,37,312
24165080,32,6,26
24165326,7,6,1
24165413,11,3,8
24166963,4,1,3
24169440,68,8,60
24169523,10,3,7
24169783,30,1,29
24169828,50,21,29
24169862,105,32,73
24170221,51,18,33
24170938,29,5,24
24172147,1,1,0
24172402,6,0,6
24172517,19,16,3
24172534,36,15,21
24173226,1,1,0
24173300,3,0,3
24174541,8,2,6
24174703,12,5,7
24174860,10,5,5
24175073,60,29,31
24175583,1,0,1
24175709,69,12,57
24176050,91,4,87
24176537,20,6,14
24176737,247,46,201
24177082,44,21,23
24177134,6,4,2
24177320,35,15,20
24177394,20,1,19
24177629,3,0,3
24177928,1,3,-2
24178691,98,19,79
24178706,50,8,42
24179211,160,40,120
24181024,6,0,6
24181671,35,6,29
24181729,45,10,35
24182013,51,34,17
24182842,34,8,26
24183101,18,4,14
24183262,25,5,20
24183429,41,10,31
24183521,2,0,2
24185048,190,42,148
24187243,16,3,13
24187932,24,4,20
24190154,36,11,25
24190504,192,55,137
24190873,44,8,36
24191634,48,9,39
24192028,2,0,2
24192134,83,16,67
24192296,106,68,38
24192437,76,12,64
24192529,5,0,5
24192702,26,12,14
24192901,0,0,0
24193037,2,0,2
24193058,28,8,20
24193392,16,1,15
24193410,149,36,113
24193760,45,16,29
24194002,35,18,17
24194592,1,0,1
24194728,54,6,48
24195203,41,11,30
24195338,0,0,0
24195444,9,4,5
24196372,8,3,5
24197182,9,2,7
241975,1,0,1
24197530,47,11,36
24198585,38,8,30
24199198,4,0,4
24199307,32,7,25
24199518,21,3,18
24199669,25,4,21
24199818,99,32,67
24200043,1,1,0
24200695,8,4,4
24201634,7,0,7
24201727,8,5,3
24201733,15,3,12
24201835,49,13,36
24202406,71,23,48
24202500,83,14,69
24203395,2,0,2
24204662,82,17,65
24204893,32,12,20
24205457,20,4,16
24205554,0,0,0
24206117,279,46,233
24206704,86,32,54
24207195,90,16,74
242090,204,57,147
24209551,46,8,38
24210513,2,1,1
24211757,180,31,149
2421269,102,12,90
24213023,26,6,20
24213401,10,4,6
24213624,20,9,11
24213834,0,0,0
24215618,9,6,3
24216327,18,27,-9
24216600,58,3,55
24217894,0,0,0
24218262,10,3,7
24219055,4,1,3
24219358,15,5,10
24219914,67,8,59
24220059,0,0,0
24220215,24,11,13
24221204,30,6,24
24221346,8,3,5
24221532,11,1,10
24222045,108,20,88
24222584,9,2,7
24222941,47,8,39
24222953,3,0,3
24223708,78,25,53
24223770,40,7,33
24223908,61,34,27
24223996,64,50,14
24224139,96,43,53
24224206,83,27,56
24224274,81,25,56
24224364,103,37,66
24224779,58,5,53
24224802,256,29,227
24225201,8,1,7
24225612,269,48,221
24226575,0,0,0
24226590,4,1,3
24228550,30,2,28
24229455,234,43,191
24229459,57,25,32
24229728,100,18,82
24230461,44,8,36
24234834,23,13,10
24234920,119,15,104
24235679,6,0,6
24235707,53,12,41
24235737,30,2,28
24236120,29,14,15
24236574,13,3,10
24237393,80,23,57
24238040,17,6,11
24239105,12,3,9
24239160,12,2,10
24239177,10,4,6
24239185,3,0,3
24239244,7,7,0
24239246,1,0,1
24239262,0,0,0
24239296,5,0,5
24239435,9,0,9
24239529,161,86,75
24239531,8,2,6
24239558,12,4,8
24239842,31,17,14
24240037,3,1,2
24240657,0,0,0
24240690,29,14,15
24241557,75,18,57
24242135,15,2,13
24242606,7,1,6
24242735,113,15,98
24242796,24,6,18
24243089,129,31,98
24243149,39,19,20
24243348,4,0,4
24245205,13,3,10
24245471,67,32,35
24245530,27,21,6
24245873,48,4,44
24247641,2,1,1
24247746,20,6,14
24247766,32,11,21
24247890,30,7,23
24247938,15,2,13
24247982,16,10,6
24248615,9,5,4
24248825,3,2,1
2425287,5,1,4
24254217,198,35,163
24254368,37,26,11
24254928,20,1,19
24255036,44,4,40
24256579,19,0,19
24256634,0,0,0
24256840,66,18,48
24257536,9,5,4
24258145,42,19,23
24258949,19,11,8
24259317,106,41,65
24260318,4,1,3
24261133,10,2,8
24262722,0,0,0
24264033,0,0,0
24265043,48,13,35
24266058,30,10,20
24266377,67,10,57
24266608,24,5,19
24269045,8,3,5
24269506,9,0,9
24272176,10,3,7
24272197,48,7,41
24272846,63,15,48
24273005,37,11,26
24274560,26,5,21
24274710,0,0,0
24274739,35,2,33
24275870,16,1,15
24276266,47,12,35
24277671,53,14,39
24277874,54,27,27
24277965,2,0,2
24278010,17,6,11
24278540,17,3,14
24279751,35,4,31
24280950,25,9,16
24281095,83,37,46
24281366,114,10,104
24281859,47,13,34
24281912,6,1,5
24281917,3,0,3
24282318,113,30,83
24282839,10,1,9
24283559,70,6,64
24283605,6,7,-1
24284360,47,18,29
24285857,6,0,6
24287229,43,13,30
24287268,36,6,30
24288681,28,10,18
2429192,311,110,201
24293513,3,1,2
24293766,76,11,65
24295178,34,18,16
24295207,3,0,3
24295328,121,43,78
24295355,6,1,5
24295478,67,26,41
24296660,21,7,14
24296877,40,14,26
24297664,103,23,80
2429809,169,62,107
24298282,7,1,6
24298364,66,13,53
24300189,55,22,33
24300295,17,6,11
24300982,21,10,11
24301376,3,2,1
24301936,6,3,3
24302896,6,0,6
24303021,3,2,1
24303690,67,26,41
24303919,0,0,0
24304071,16,7,9
24304451,65,21,44
24305911,0,0,0
24306722,4,3,1
24307587,11,3,8
243077,47,10,37
24307887,9,1,8
2430793,75,33,42
24308020,77,31,46
24308214,68,14,54
24308572,82,13,69
243093,41,5,36
24312704,3,0,3
24312981,19,0,19
24313061,4,1,3
24317207,59,11,48
24318600,6,2,4
24318985,24,9,15
24319240,23,6,17
24319260,49,53,-4
24319782,11,3,8
24320767,21,15,6
24320816,16,4,12
24321338,49,11,38
24321657,95,48,47
24321817,57,20,37
24321962,25,9,16
24322070,14,10,4
24322841,166,24,142
24322867,0,0,0
24325899,125,59,66
24325920,68,40,28
24326226,34,6,28
24327748,42,10,32
24327967,2,0,2
24328620,124,20,104
24329106,156,27,129
24329815,12,0,12
24330292,9,4,5
24331553,3,1,2
24331762,189,31,158
24332268,4,4,0
24332605,3,0,3
24332681,195,36,159
24332941,15,2,13
24333294,6,1,5
24333408,23,10,13
24334159,96,17,79
24339711,16,7,9
24340957,37,12,25
24341760,5,1,4
24342366,13,7,6
24343205,2,0,2
24343350,2,0,2
24343769,12,3,9
24343811,6,1,5
24343912,208,79,129
24343983,7,6,1
24344920,2,0,2
24345009,21,12,9
24345611,14,5,9
24345738,30,6,24
24345929,50,7,43
24347832,8,10,-2
24349122,50,21,29
24349821,29,7,22
24349888,11,3,8
24350361,37,5,32
24350541,37,13,24
24351318,3,1,2
24351467,42,8,34
24352029,56,24,32
24353246,12,3,9
24354743,161,24,137
24355598,89,22,67
24360395,3,1,2
24361926,10,1,9
24361999,67,22,45
24362439,19,12,7
24362610,48,8,40
24363547,6,7,-1
24363982,71,3,68
24364124,85,20,65
24365687,24,9,15
24365694,27,7,20
24365818,27,12,15
24365865,13,7,6
24365874,58,24,34
2436591,130,56,74
24366035,138,20,118
24366256,36,9,27
24366387,109,32,77
24366684,43,19,24
24366926,117,45,72
24366983,8,4,4
24367251,23,4,19
24367380,153,60,93
24367467,8,3,5
24367596,141,44,97
24367835,79,20,59
24368342,41,15,26
24368404,111,26,85
24368421,33,10,23
24369211,365,62,303
24369282,42,16,26
24369423,45,26,19
24369505,1,0,1
24369978,41,6,35
24370066,233,43,190
24370341,15,4,11
24371001,125,26,99
24371443,46,12,34
24372228,17,1,16
24372621,44,21,23
24372773,19,16,3
24374932,6,0,6
24375114,18,2,16
24375881,65,29,36
24376155,22,4,18
24376372,10,10,0
24380877,6,1,5
24382288,116,24,92
24382622,3,1,2
24383215,17,6,11
24383274,4,2,2
24383422,20,3,17
24383442,89,26,63
24384099,1,0,1
24384293,51,15,36
24384520,17,6,11
24384926,19,5,14
24385110,7,0,7
24385194,43,14,29
24385198,91,25,66
24385367,4,1,3
24385835,81,34,47
24386117,82,24,58
24386280,58,14,44
24386308,7,3,4
24386711,18,20,-2
24386861,28,5,23
24387575,0,0,0
24387742,41,23,18
24388147,16,6,10
24388257,20,5,15
24389032,50,9,41
24389130,185,42,143
24389491,10,6,4
24389688,25,12,13
24389958,81,29,52
24390415,311,28,283
24390580,48,12,36
24390804,73,26,47
24391353,4,1,3
24391609,4,3,1
24391814,113,14,99
24393039,13,0,13
24393932,23,5,18
24394188,43,13,30
24394567,80,18,62
24395803,31,7,24
24396026,7,0,7
24396043,9,9,0
24397000,8,3,5
24399982,4,0,4
24400295,0,0,0
2440119,139,56,83
24401591,1,0,1
24401677,7,3,4
24401827,44,6,38
24402515,42,23,19
2440257,17,15,2
24402629,15,2,13
24403108,139,36,103
24403462,40,5,35
24404521,36,6,30
2440522,69,26,43
2440544,202,42,160
24405989,23,15,8
24407317,2,0,2
24407727,8,3,5
24408041,42,18,24
24408576,1,0,1
24408958,73,9,64
24409026,34,9,25
24409041,32,12,20
24409905,11,5,6
24410213,27,27,0
24410261,17,2,15
24410865,30,5,25
244112,372,67,305
24411459,107,30,77
24411628,0,0,0
24411944,34,10,24
244125,696,245,451
244126,297,83,214
24413595,15,9,6
24415310,83,26,57
2441568,202,33,169
24415958,9,6,3
24415991,55,10,45
24416651,116,27,89
24417733,112,41,71
24418010,18,8,10
24418585,27,3,24
24419642,2,1,1
24420484,88,42,46
24421346,6,9,-3
24421570,9,1,8
24422581,7,4,3
24423735,54,5,49
24424734,29,7,22
24425123,176,62,114
24426526,14,8,6
24428429,17,2,15
24428509,156,43,113
24428774,228,72,156
24428801,70,31,39
24429243,45,8,37
24429320,119,51,68
24429397,10,8,2
24431052,5,2,3
24436019,26,7,19
24436024,122,15,107
24436543,40,7,33
24436852,25,2,23
24436957,11,6,5
24437060,52,18,34
24438139,64,22,42
24438396,27,10,17
24438472,58,17,41
24438594,15,0,15
24438946,92,22,70
24439364,83,15,68
24439643,77,15,62
24439644,9,3,6
24439780,2,1,1
24440016,8,2,6
24440134,43,0,43
2444032,147,68,79
24441228,107,17,90
24441408,94,5,89
24441673,31,7,24
24442703,53,4,49
24442965,43,40,3
24442983,1,0,1
24442999,58,12,46
24443400,17,12,5
24443461,15,4,11
24443609,107,24,83
24444310,11,4,7
24444832,71,29,42
24445603,75,25,50
24447862,22,8,14
2444790,77,59,18
24448200,57,17,40
24449207,66,33,33
24449616,0,0,0
24450181,0,0,0
24450930,88,26,62
24453572,153,44,109
24457382,0,0,0
24459820,12,6,6
24460612,5,1,4
24460629,27,9,18
24460695,10,2,8
24460802,34,13,21
24460882,65,19,46
2446110,362,104,258
24461141,8,1,7
24461307,69,21,48
24461685,13,1,12
24462138,0,0,0
24462341,7,1,6
24462633,34,10,24
24462761,0,0,0
24463192,129,7,122
24463263,388,43,345
24463919,15,6,9
24464502,6,6,0
24464506,56,8,48
24464949,25,4,21
24465085,8,1,7
24465153,42,23,19
24465210,0,0,0
24466150,49,16,33
24466597,14,3,11
24466605,28,11,17
24466634,2,0,2
24467532,40,28,12
24469119,13,8,5
24469168,74,25,49
24469476,94,31,63
2447109,4,0,4
24471351,13,3,10
24472401,4,4,0
24472566,2,0,2
24472579,10,3,7
24472615,101,19,82
24472696,2,0,2
24474418,14,2,12
2447453,81,27,54
24476118,3,1,2
24479674,16,2,14
24480176,91,27,64
24482544,107,18,89
24482746,142,48,94
24484323,13,5,8
24484746,2,2,0
24484853,110,32,78
24486521,6,1,5
24486993,100,42,58
24487596,25,8,17
24488051,2,0,2
24488053,114,17,97
24488230,54,12,42
24488522,15,2,13
24489339,113,61,52
24490020,76,15,61
24490796,93,40,53
24490895,140,17,123
24491066,71,17,54
24493406,92,42,50
24494291,107,36,71
24494301,69,25,44
24494652,22,4,18
24494783,27,6,21
24495439,6,0,6
24495562,10,3,7
24495716,6,1,5
24496057,5,0,5
24496108,2,2,0
2449666,12,4,8
24497617,70,25,45
24499062,14,6,8
2450005,41,7,34
24503406,7,1,6
24503513,55,5,50
24503928,0,0,0
24504592,0,0,0
24504735,3,2,1
24505273,22,5,17
24505955,29,8,21
24505959,5,1,4
24506085,89,8,81
24506294,28,3,25
24506413,45,7,38
24506511,11,5,6
24506630,12,3,9
24506701,6,1,5
24506878,12,0,12
24507428,76,28,48
24507670,6,0,6
24507675,3,1,2
24508620,15,9,6
24508961,71,33,38
24509042,64,28,36
24509791,27,11,16
24509814,25,14,11
245116,16,8,8
24512497,87,22,65
24513018,85,46,39
24513059,3,4,-1
24513249,3,0,3
24513998,38,20,18
24514311,11,2,9
24515120,132,18,114
24515774,26,9,17
24516095,64,31,33
24518034,73,20,53
24518098,91,40,51
24520645,5,1,4
24521072,2,0,2
24521082,12,1,11
24521275,0,0,0
24521839,25,13,12
24522188,1,0,1
2452838,65,19,46
24528671,5,1,4
24528677,39,12,27
24529165,57,4,53
24530359,6,8,-2
24530473,12,4,8
24530586,35,10,25
24531026,4,0,4
24531842,30,9,21
24532051,56,17,39
24532248,29,11,18
2453343,40,16,24
2453420,54,11,43
24535085,27,10,17
24535429,35,15,20
24535601,89,23,66
24536080,53,7,46
24536089,88,31,57
24536296,10,4,6
24537322,207,45,162
24537676,61,14,47
24537849,20,4,16
24539488,0,0,0
2454014,21,10,11
2454120,47,17,30
24543063,5,1,4
24543334,164,47,117
24544019,1,0,1
24547602,31,8,23
24548404,9,0,9
24548437,16,3,13
24548626,56,5,51
24548742,9,5,4
24549576,3,1,2
24550185,13,1,12
24550525,9,2,7
24550559,24,10,14
24551150,1,0,1
24551545,17,4,13
24551564,12,7,5
24551595,7,2,5
24552128,40,10,30
24552921,10,0,10
24553412,31,6,25
24554178,18,2,16
24554369,53,8,45
24554446,25,8,17
24554665,7,1,6
24555524,9,2,7
24556181,34,4,30
24556684,65,11,54
24556839,119,38,81
24556842,72,11,61
24557136,50,6,44
24557359,13,2,11
24557503,90,20,70
24557799,169,35,134
24558206,206,42,164
24558229,98,52,46
24558434,42,8,34
24558501,191,54,137
24558745,183,29,154
24558953,44,7,37
24558970,0,0,0
24559388,7,0,7
24559699,59,4,55
2456014,32,12,20
24560164,87,26,61
24560290,70,18,52
24561163,94,20,74
24561182,12,1,11
2456122,76,46,30
24561225,30,5,25
2456199,45,46,-1
2456256,222,24,198
24563347,48,7,41
24563528,15,3,12
24564244,1,0,1
24564621,42,15,27
2456463,233,22,211
24565073,114,45,69
24566039,4,0,4
24566225,41,8,33
24566368,12,1,11
24566379,33,4,29
24567432,39,12,27
24568156,60,22,38
24569007,3,1,2
24569704,45,11,34
24569907,64,20,44
24570436,27,6,21
24570609,3,0,3
24570698,0,0,0
24571160,3,0,3
24571773,29,8,21
24571950,12,1,11
2457282,92,34,58
24573440,91,14,77
24573497,33,1,32
24575192,1,0,1
24575298,31,3,28
24575415,9,0,9
24575426,20,4,16
24575801,10,2,8
24575966,51,16,35
24576212,1,0,1
24576238,23,1,22
24576570,1,1,0
24576615,1,0,1
24576667,0,0,0
24576893,119,18,101
24578156,3,1,2
24580326,30,5,25
24584188,19,5,14
24584894,19,8,11
24585438,20,10,10
2458652,119,22,97
24587652,76,43,33
24587761,28,6,22
24587792,21,4,17
24587802,23,6,17
24588049,39,16,23
24588552,23,2,21
24588813,2,0,2
24589136,5,2,3
24589287,10,7,3
24589322,24,7,17
24589347,14,7,7
24589740,15,6,9
24590041,7,0,7
24590638,0,1,-1
24590748,59,10,49
24590790,7,4,3
24591676,11,4,7
24591750,13,10,3
24591751,23,6,17
24592680,82,18,64
24592695,12,2,10
24592843,9,1,8
24592884,5,0,5
24593212,7,3,4
2459362,146,60,86
24594232,5,1,4
24594249,1,1,0
24594474,44,6,38
24594728,21,6,15
24595194,32,8,24
24595287,58,21,37
24595327,0,0,0
24595448,20,5,15
24595778,16,5,11
24595841,96,20,76
24595871,47,13,34
24596232,13,12,1
24596461,15,5,10
24596565,31,10,21
24596635,8,0,8
24596928,34,14,20
24597003,7,4,3
24599042,58,16,42
24599421,123,34,89
24599758,4,0,4
24599888,40,11,29
24600341,5,5,0
24600837,20,7,13
24601881,105,12,93
24603303,69,15,54
24603550,9,7,2
24604263,6,0,6
24604286,0,1,-1
24604832,10,2,8
24604923,8,0,8
24605796,13,6,7
24606782,0,0,0
24610087,9,7,2
24611327,68,20,48
24612051,27,6,21
24612583,5,0,5
24612650,44,17,27
24613216,36,10,26
24613532,17,3,14
24614143,7,0,7
24614570,42,22,20
24615188,40,17,23
24615215,59,7,52
24615394,0,0,0
24615405,20,16,4
24615715,16,3,13
24615874,40,13,27
24616274,66,29,37
24616681,76,25,51
24617081,48,24,24
24617664,17,3,14
24617859,39,5,34
24618328,39,11,28
24618757,32,9,23
24619012,18,0,18
24619215,14,3,11
24619408,5,3,2
24619425,21,18,3
24620027,3,1,2
24620131,2,1,1
24620239,14,3,11
24620242,1,1,0
24620630,7,2,5
24620671,72,14,58
24620880,68,28,40
24621466,55,22,33
24621597,22,3,19
24621812,70,14,56
24622768,9,2,7
24622995,70,27,43
24623465,13,5,8
24623544,54,23,31
24623590,1,1,0
24623632,3,3,0
24623660,0,1,-1
24623705,0,0,0
24623851,2,0,2
24623875,65,18,47
24624959,2,3,-1
24625554,68,13,55
24625710,31,4,27
2462584,22,5,17
24626051,18,0,18
24626838,0,0,0
24626845,9,1,8
246271,72,18,54
24627647,9,0,9
24628071,117,10,107
24628348,25,1,24
24629221,0,0,0
24630095,34,11,23
2463025,5,1,4
24630677,38,10,28
24631005,10,1,9
24631628,10,2,8
24632373,15,6,9
24632776,6,0,6
24635731,118,42,76
24637882,36,2,34
24638935,16,11,5
24639166,31,3,28
24639555,7,3,4
24639962,68,33,35
24639990,1,7,-6
24640259,43,7,36
24640292,18,5,13
24640792,42,9,33
24640844,23,10,13
24641131,37,10,27
24641140,13,3,10
24641143,31,18,13
24641495,44,22,22
24641888,4,4,0
24641943,25,22,3
24642399,11,2,9
24643541,92,14,78
24643649,38,7,31
24643714,3,1,2
24644128,31,12,19
24644424,78,23,55
24644450,22,9,13
24644548,77,16,61
24644737,61,7,54
24644775,0,0,0
24645029,88,24,64
24646098,19,17,2
24646149,75,12,63
24646212,51,10,41
24647662,0,0,0
24647807,6,0,6
24648094,63,12,51
24648301,1,0,1
24649581,54,15,39
2465026,72,27,45
24650296,95,11,84
24650780,131,58,73
24651002,10,0,10
24651584,0,0,0
24653705,16,3,13
24653763,8,4,4
24653800,4,0,4
24653801,5,2,3
24653924,25,0,25
24654034,136,17,119
24654129,16,4,12
24654208,3,1,2
24654322,21,6,15
24654417,7,1,6
24654599,80,26,54
24654605,27,10,17
24654672,26,6,20
24654705,32,10,22
24654830,88,10,78
24654912,3,2,1
24654957,66,12,54
24655370,20,2,18
24656572,172,28,144
24661117,5,0,5
2466140,22,2,20
246619,2,0,2
24663220,74,21,53
24664396,23,17,6
24664406,34,9,25
24664461,86,24,62
24664873,7,1,6
24664907,9,1,8
24665012,124,15,109
24665049,10,2,8
24665069,75,8,67
24665094,2,1,1
24666263,62,13,49
24666825,38,8,30
24666841,55,14,41
24667411,119,15,104
24668186,64,21,43
24668241,94,28,66
24668454,53,13,40
24668854,5,1,4
24668915,59,8,51
24669145,60,20,40
2466915,1,1,0
24669822,39,11,28
24669933,174,33,141
24670253,42,2,40
24670294,1,0,1
24670342,117,48,69
24670506,119,27,92
24670747,84,31,53
24671220,81,18,63
24671466,93,21,72
24671810,131,13,118
24671835,100,15,85
24672207,24,7,17
24672257,100,29,71
24672682,59,16,43
24673172,8,1,7
24673498,120,27,93
24674001,13,1,12
24675365,81,14,67
24675454,45,12,33
24676187,37,6,31
24676938,110,17,93
24677138,47,13,34
24678684,2,0,2
24679120,1,0,1
24681257,24,5,19
24681629,32,3,29
24682249,38,3,35
24682505,32,1,31
24684598,97,31,66
24685448,29,21,8
24685589,24,1,23
24686576,162,24,138
24686745,10,2,8
24686762,11,7,4
24686867,12,2,10
24687521,14,5,9
24687582,11,2,9
24687730,29,9,20
24687927,32,3,29
24688059,2,0,2
24688120,35,10,25
24689377,0,0,0
24690436,83,15,68
24691015,51,17,34
24691653,32,10,22
24691667,9,2,7
24693428,6,2,4
24693553,104,17,87
24693931,44,24,20
24694046,70,28,42
24694372,57,6,51
24694649,20,5,15
2469465,37,17,20
24696250,59,10,49
24696962,32,3,29
24703055,29,4,25
24703130,4,0,4
24704370,49,29,20
24704792,26,8,18
24704870,132,28,104
24704927,29,1,28
24705331,13,3,10
24705840,4,0,4
24706058,137,57,80
24706244,70,14,56
24706503,8,0,8
24707388,16,3,13
24707776,7,1,6
24707944,62,17,45
24708120,60,13,47
24708322,45,3,42
24708506,27,3,24
24708684,53,9,44
24708777,5,9,-4
24708897,7,2,5
24709092,49,26,23
24709178,21,2,19
24709772,3,4,-1
24710000,39,3,36
24710445,100,46,54
24710736,17,2,15
24710868,2,0,2
24712036,0,0,0
24712566,83,12,71
24713009,71,21,50
24713169,136,26,110
24713712,15,1,14
24713947,24,6,18
24714858,22,1,21
24715818,74,48,26
2472016,3,0,3
2472081,16,8,8
24721254,11,6,5
24721525,3,2,1
24721729,58,10,48
24722265,8,1,7
24723703,9,1,8
24723813,118,21,97
24723829,78,19,59
24724158,21,1,20
24724342,73,10,63
24724545,69,17,52
24725138,0,1,-1
24725264,33,10,23
2472535,128,63,65
24725414,11,4,7
24725844,132,25,107
24725965,123,33,90
24726072,18,4,14
24726279,90,20,70
24726453,52,7,45
24726714,32,11,21
24726741,16,11,5
24726783,12,0,12
24726801,2,0,2
24726936,108,41,67
24727384,84,17,67
24727762,10,2,8
24727861,19,3,16
2472822,129,26,103
24728384,223,74,149
24728589,3,1,2
24728736,61,15,46
24729591,8,2,6
24729865,15,2,13
24729941,45,10,35
24730803,29,0,29
24730934,7,4,3
24731089,70,35,35
24731938,88,22,66
24732114,88,16,72
24732163,21,10,11
24732233,80,22,58
24732236,109,16,93
24732325,6,0,6
24732379,71,16,55
24732512,79,23,56
24732602,75,21,54
24732772,49,14,35
24733186,10,0,10
24733568,125,36,89
24733593,15,4,11
24733905,12,1,11
24734163,42,8,34
24734286,46,11,35
24734980,18,10,8
24735037,10,2,8
24735093,54,18,36
24735277,15,5,10
2473839,5,1,4
24739654,5,2,3
24740491,4,1,3
24740910,15,1,14
24741075,102,38,64
24741280,22,5,17
24741453,7,8,-1
24741896,2,7,-5
24742439,12,3,9
24742491,13,2,11
24742765,37,9,28
24742887,50,20,30
24743562,128,39,89
24743647,8,3,5
24743787,188,27,161
24743830,42,16,26
24743852,16,9,7
24744122,9,2,7
24744419,3,1,2
24744793,159,64,95
24745657,9,2,7
24746032,52,19,33
24746349,30,11,19
24746460,36,8,28
24746576,107,20,87
24746720,39,4,35
24747386,1,0,1
24747388,3,1,2
24747767,65,15,50
24748241,43,14,29
24749263,3,0,3
24750031,48,22,26
24752120,1,0,1
24752125,6,0,6
24752127,8,1,7
24752793,78,9,69
24753694,44,18,26
24753901,4,0,4
24754494,24,10,14
2475471,5,4,1
24754891,19,2,17
24755283,6,1,5
24756405,99,25,74
24756520,34,3,31
24756586,59,9,50
2475737,48,9,39
2476083,392,164,228
24761071,8,3,5
24761303,12,2,10
24761494,11,10,1
2476200,6,1,5
24762862,24,5,19
24763724,40,16,24
24763818,50,12,38
24763843,53,20,33
24764099,18,6,12
24764124,6,7,-1
24764139,7,1,6
2476415,7,0,7
24764154,10,3,7
24764165,14,9,5
24764182,31,7,24
24764212,61,40,21
24764708,20,6,14
24764792,125,51,74
24764998,8,1,7
24765479,34,26,8
24765700,0,0,0
24765720,4,4,0
24765723,116,53,63
24765744,0,0,0
24766847,35,2,33
24767242,19,2,17
24767429,56,11,45
24767568,64,6,58
24767904,6,0,6
24768184,49,11,38
24768676,1,0,1
24768877,17,2,15
24768903,3,2,1
24769215,71,17,54
24769535,4,1,3
24769707,62,20,42
24769870,14,4,10
24770608,22,10,12
24771182,11,3,8
24771414,52,7,45
24771912,59,20,39
24772354,139,74,65
24773885,15,4,11
24774172,62,27,35
24774321,3,1,2
24774536,0,0,0
24775764,105,25,80
2477603,114,41,73
2477621,116,30,86
24776728,42,14,28
24777222,9,1,8
24777781,130,34,96
24778593,9,1,8
24778618,4,0,4
24779694,108,21,87
24784417,2,1,1
24784994,12,6,6
24785298,7,1,6
24786813,7,1,6
24787080,1,4,-3
24787523,24,15,9
24787800,74,14,60
24788190,30,9,21
24788592,26,5,21
24788807,84,18,66
24789139,11,3,8
24790477,18,11,7
24790749,103,38,65
24791170,2,0,2
24792294,13,2,11
24792317,17,4,13
24792475,52,15,37
24792615,24,2,22
24793063,0,0,0
24793188,1,0,1
24795074,27,11,16
24795162,62,16,46
24796116,40,16,24
24796626,61,23,38
24796677,51,14,37
24797050,17,4,13
24797242,42,15,27
24798369,50,9,41
24799158,0,0,0
24799338,96,23,73
24800128,18,6,12
24800507,34,7,27
24801980,129,34,95
24802050,94,12,82
24802540,87,30,57
24802564,10,3,7
24802809,162,41,121
24803618,14,1,13
24803965,29,7,22
24804167,11,2,9
24804772,0,0,0
24804845,17,0,17
24805626,11,1,10
24805788,59,15,44
24805842,2,1,1
24806081,17,11,6
24806405,62,11,51
24807100,17,3,14
24809567,15,6,9
24810958,27,8,19
24812803,14,3,11
24813308,76,22,54
24813633,38,9,29
24813676,137,56,81
24813763,196,63,133
24813826,99,50,49
24814009,131,52,79
24814384,9,1,8
24814613,38,18,20
24815115,13,4,9
24815171,49,20,29
24815702,23,3,20
24815785,28,14,14
24815917,111,63,48
24815957,43,20,23
24815991,19,7,12
24816230,66,38,28
24816265,69,26,43
24816400,0,0,0
24816761,5,3,2
24816952,50,10,40
24816985,1,1,0
24817548,42,9,33
24817640,38,11,27
24817885,13,3,10
24818810,45,42,3
24819305,5,4,1
24819507,31,7,24
24821021,41,4,37
24821143,3,0,3
24821302,10,3,7
24821518,58,36,22
24821584,8,3,5
24821609,2,2,0
24821706,4,4,0
24821733,5,1,4
24821742,1,0,1
24821850,11,5,6
24821872,7,3,4
24821880,15,5,10
24821952,4,2,2
24822584,13,4,9
24826010,51,12,39
24826121,38,1,37
248291,85,23,62
24829277,1,0,1
24829535,13,7,6
2482973,37,8,29
24829791,11,2,9
24830340,6,0,6
24830618,32,9,23
24830917,35,13,22
24833230,8,1,7
24834319,52,28,24
24838301,2,0,2
24839183,4,1,3
24839192,23,8,15
24839700,37,14,23
24840281,47,5,42
24840345,19,4,15
24840432,5,6,-1
24840842,88,25,63
24840916,15,2,13
24841092,87,33,54
24841380,24,16,8
24842338,65,13,52
24842343,57,16,41
24842418,97,27,70
24843319,98,48,50
24844745,20,4,16
24845142,93,33,60
24845779,16,5,11
24845865,28,5,23
24846196,69,30,39
24846234,72,11,61
24846406,57,17,40
24846478,71,24,47
24846789,35,3,32
24846790,47,37,10
24847102,100,37,63
2484751,32,9,23
24847789,24,1,23
24849843,17,6,11
24849949,37,11,26
24850187,38,7,31
24850947,52,9,43
24851318,143,92,51
24851521,23,3,20
24852297,0,0,0
24853440,0,0,0
24853486,7,3,4
24853662,15,6,9
24853724,9,3,6
2485387,37,20,17
24854740,5,1,4
24854750,0,0,0
24854771,30,7,23
2485607,70,11,59
24856694,0,0,0
24858652,17,3,14
24860715,7,4,3
2486102,104,39,65
24861382,0,1,-1
24861715,0,0,0
24863684,27,3,24
24864258,96,25,71
24864532,12,2,10
24864749,79,18,61
2486661,17,2,15
24866987,148,41,107
24867030,105,20,85
24868776,5,0,5
24869966,28,8,20
24870379,12,5,7
24871332,56,7,49
24871635,31,10,21
24871811,22,9,13
24872072,143,25,118
24873296,4,3,1
2487545,285,85,200
2487579,37,6,31
24875991,0,0,0
24876582,85,32,53
24876726,191,19,172
24877223,44,2,42
24877674,5,4,1
24878033,0,0,0
2487880,165,30,135
24879553,9,2,7
24880026,208,77,131
24880439,86,31,55
24884556,8,4,4
24884713,244,33,211
24884719,34,6,28
24887349,1,0,1
24889441,49,24,25
24889620,20,6,14
24890803,15,2,13
24891882,6,3,3
24892728,12,2,10
24893201,91,25,66
24894053,72,2,70
24894340,7,1,6
24894428,98,14,84
24899265,13,2,11
24900350,10,7,3
24900573,8,2,6
24901880,12,16,-4
24902431,118,30,88
24902561,33,12,21
24903269,0,0,0
24904915,2,0,2
24905611,15,5,10
24905646,23,9,14
24905889,21,13,8
24906381,14,11,3
24906832,0,0,0
2490685,36,14,22
24908915,0,3,-3
24909060,20,5,15
24909502,0,0,0
24909542,30,13,17
24909638,33,3,30
24909642,27,19,8
24910006,16,0,16
24910165,69,20,49
24910205,217,86,131
24911022,8,5,3
24911132,193,56,137
24911428,16,7,9
24911756,52,11,41
24911944,191,38,153
24912239,29,13,16
24912811,59,14,45
24912865,13,2,11
24913707,27,8,19
24913864,35,7,28
24914948,113,60,53
24916003,182,44,138
2491615,41,5,36
24916254,36,1,35
24916484,50,9,41
2491681,36,19,17
24917035,15,9,6
24917182,73,20,53
24917631,75,14,61
24918141,3,0,3
2492021,651,241,410
249238,62,10,52
24925307,0,0,0
24925422,85,34,51
24925631,2,1,1
24926869,29,16,13
24927575,65,17,48
24927982,56,13,43
24928182,1,0,1
24928188,6,1,5
24928382,5,0,5
24928395,14,1,13
24928418,10,0,10
24928498,48,17,31
24928822,4,1,3
24929019,20,3,17
24929351,4,0,4
24929576,3,2,1
24930049,69,8,61
24930443,11,4,7
24930971,4,1,3
24931379,55,17,38
24931522,16,9,7
24931655,8,5,3
24931874,0,0,0
24931906,15,19,-4
24933531,6,6,0
24933785,64,21,43
24933974,9,2,7
24934154,38,10,28
24934935,115,55,60
24935251,51,15,36
24937335,25,7,18
24937565,55,12,43
24937899,52,19,33
24938650,3,2,1
249395,6,0,6
24940025,56,14,42
24940528,10,5,5
24940664,40,5,35
24941448,6,1,5
24941728,12,4,8
24941853,74,22,52
24942000,46,20,26
249423,362,231,131
24942389,27,17,10
24942525,97,29,68
24942748,41,15,26
24942846,42,11,31
24943156,6,2,4
24943158,2,0,2
24943716,17,3,14
24944041,65,9,56
24944456,7,1,6
24945494,71,28,43
24945947,87,21,66
24946157,91,42,49
24946324,68,35,33
24949194,9,5,4
24950341,11,2,9
24951115,30,2,28
24951286,5,2,3
24951785,19,4,15
24952095,106,25,81
24952931,5,0,5
24953030,153,16,137
24953174,11,6,5
24954119,17,14,3
24954181,137,35,102
24954435,6,1,5
24954485,6,3,3
24954784,16,1,15
24955307,14,11,3
24955309,35,9,26
24955455,3,2,1
24955918,18,10,8
24955933,2,0,2
24956122,41,7,34
24956323,51,12,39
24956629,76,10,66
24956793,37,8,29
24956804,0,0,0
24957318,2,0,2
24958117,80,25,55
24958505,46,4,42
24958837,0,0,0
24958856,26,9,17
24959027,45,19,26
24959310,2,1,1
24959661,12,5,7
24959960,156,34,122
24960066,17,5,12
24960701,38,10,28
24960753,9,7,2
24960826,100,26,74
24960930,2,1,1
24961332,0,0,0
24961338,0,0,0
24961342,4,0,4
24961344,8,3,5
24962664,67,33,34
24962932,42,17,25
24965500,18,4,14
24966088,14,7,7
24966117,0,0,0
24966129,451,86,365
24968042,15,5,10
24968864,26,3,23
24969354,94,34,60
24969536,98,32,66
24973514,5,3,2
24974340,17,8,9
24974643,0,0,0
24974645,8,1,7
24974648,3,0,3
24974853,21,8,13
24975710,2,0,2
24976147,30,9,21
24976462,4,0,4
24977033,4,4,0
24977204,2,4,-2
24977694,65,24,41
2497781,13,3,10
24978287,25,6,19
24978338,39,15,24
24978425,18,3,15
24978486,11,9,2
24978776,5,1,4
24979068,24,20,4
24979121,0,0,0
24979199,0,0,0
2497944,47,11,36
24979550,39,4,35
24979551,4,2,2
24979813,121,30,91
24980727,1,0,1
24980980,44,13,31
24981302,68,22,46
24981677,14,10,4
24982193,20,7,13
24982214,17,1,16
24982537,25,7,18
24982776,18,6,12
24982858,14,5,9
24982939,28,16,12
24983058,10,6,4
24984032,16,8,8
24984639,46,10,36
24984934,13,2,11
24985145,6,2,4
2498530,78,27,51
24985863,73,34,39
24986265,49,11,38
24987202,9,1,8
24987477,42,22,20
24987865,19,5,14
24988127,16,8,8
24988185,0,0,0
24989592,2,0,2
24991705,33,0,33
24991806,35,6,29
24991835,78,7,71
24992107,27,10,17
24992948,14,4,10
24993071,6,5,1
2499478,33,7,26
24997828,19,14,5
24998098,26,12,14
24998272,49,11,38
2499857,97,15,82
24999778,107,38,69
25000065,25,2,23
25000566,14,3,11
25000715,172,28,144
25000926,7,1,6
25000993,39,6,33
25001110,13,1,12
250012,294,142,152
25001419,7,2,5
25001631,125,32,93
25001716,20,1,19
25001782,8,1,7
25001801,24,1,23
25001905,15,4,11
25001997,0,0,0
25002042,4,0,4
25002232,27,6,21
25002540,21,6,15
25002783,57,15,42
2500294,481,233,248
25003538,2,0,2
25004044,27,3,24
25004091,24,8,16
2500423,269,107,162
25004296,13,3,10
25004358,27,7,20
25004523,122,30,92
25004573,7,0,7
25004703,5,2,3
25004717,0,0,0
25004728,6,2,4
25004850,18,3,15
25005470,9,1,8
25006184,26,9,17
25006250,52,11,41
25006342,22,14,8
25006355,5,4,1
25006549,84,36,48
25007577,10,3,7
25007840,9,2,7
25009499,23,7,16
25009543,37,7,30
25010823,24,6,18
25012636,64,8,56
25012860,1,0,1
25012930,84,7,77
25013556,74,24,50
25014047,3,3,0
25017976,9,1,8
25019701,42,5,37
25020748,20,13,7
25020872,68,13,55
25021453,1,0,1
25021710,62,14,48
25023,91,40,51
25023577,8,4,4
2502453,98,25,73
25024603,9,0,9
25026742,23,5,18
25027158,3,0,3
25027729,2,0,2
25028136,35,13,22
25028802,58,18,40
250293,173,87,86
25030163,24,7,17
25031527,21,2,19
25033186,0,0,0
25033446,32,4,28
25033924,13,3,10
25034577,8,7,1
25037866,64,31,33
25039418,37,5,32
25040101,9,3,6
25041173,100,20,80
25041408,7,0,7
25041816,25,5,20
25041959,24,12,12
25042364,109,56,53
25042448,5,0,5
25042774,92,7,85
25043981,16,0,16
25044012,18,6,12
25044276,33,15,18
25044922,127,12,115
25045081,5,0,5
25045142,7,1,6
25045394,3,0,3
25045712,9,6,3
25045969,0,1,-1
25046044,147,32,115
25046578,131,31,100
25046791,65,15,50
25046848,3,3,0
25047513,55,8,47
25047548,87,16,71
25047642,11,5,6
25047830,59,21,38
25048119,38,18,20
25048326,131,24,107
25048452,17,10,7
25048668,49,6,43
25048747,165,25,140
25048993,0,0,0
25049136,2,2,0
25049518,74,13,61
25049633,25,13,12
25049766,19,1,18
25049967,16,1,15
25050298,9,1,8
25050375,37,6,31
25050629,18,8,10
25050984,90,21,69
25051015,3,0,3
25051042,11,2,9
25051049,43,6,37
25051135,9,1,8
25051463,14,2,12
25051813,33,5,28
25052090,7,1,6
25052096,0,0,0
25052233,14,7,7
25052519,51,2,49
25052639,19,3,16
25053147,2,1,1
25053543,50,28,22
25054317,95,26,69
25054878,80,21,59
25054897,2,4,-2
25057710,143,24,119
25058909,3,0,3
25059986,82,34,48
25061255,7,4,3
25061338,0,0,0
25062116,18,5,13
25062786,117,25,92
25062789,3,0,3
25062861,59,29,30
25063390,0,0,0
25063596,6,7,-1
25064057,6,0,6
25065340,62,27,35
25065533,31,15,16
25065728,42,8,34
25065729,18,4,14
25066091,9,0,9
25066130,1,0,1
25066292,8,8,0
25066473,98,43,55
25067533,19,2,17
25068451,63,14,49
25068779,17,5,12
25068871,12,2,10
25068891,37,8,29
25069084,0,0,0
25069145,26,5,21
25069472,2,1,1
25070092,32,9,23
25070219,29,21,8
25070271,2,5,-3
25070504,62,21,41
25070603,149,37,112
25070817,10,4,6
25071446,10,1,9
25072649,2,2,0
25073269,13,8,5
25073932,24,11,13
25075211,22,4,18
25075424,32,9,23
25075810,1,1,0
25076004,31,6,25
25076741,13,3,10
25076894,18,9,9
25076907,6,5,1
25077283,157,44,113
25078841,7,0,7
25078849,19,9,10
25079899,40,17,23
25080854,0,0,0
25081584,160,36,124
25081885,3,0,3
25086511,12,1,11
25089144,29,3,26
25089895,5,0,5
25091815,63,20,43
25091920,9,2,7
25091951,48,16,32
25092163,18,2,16
25092333,29,2,27
25092381,7,1,6
25092803,41,9,32
25092807,23,2,21
25093204,2,0,2
25093576,12,3,9
25093594,2,1,1
25093615,13,3,10
25093745,30,2,28
25093855,56,28,28
25094010,10,4,6
25094278,50,31,19
25094818,1,0,1
25095211,17,9,8
25096256,16,7,9
25096322,33,5,28
25096717,19,5,14
25097788,68,20,48
25098333,111,25,86
25098614,15,2,13
25098721,14,2,12
25099172,74,16,58
25099409,15,6,9
250995,261,96,165
25099748,31,6,25
25099749,7,3,4
25099793,32,5,27
25100210,183,27,156
25100309,4,1,3
25100390,5,1,4
25100709,17,10,7
25100900,2,0,2
25101144,5,1,4
25101540,4,3,1
25101891,2,0,2
25102135,69,20,49
251026,332,126,206
25103279,7,5,2
25103426,5,2,3
25103534,26,7,19
25104229,6,2,4
25105023,29,11,18
25105348,6,3,3
25105799,12,8,4
25105820,226,40,186
25105921,5,2,3
25106028,21,13,8
25106599,17,9,8
25107099,0,1,-1
25107147,132,52,80
25107560,27,2,25
25107675,35,4,31
25108084,28,7,21
25108403,173,39,134
25108452,3,0,3
25108506,1,1,0
2511072,310,56,254
25110823,8,1,7
25111077,1,0,1
25112200,5,1,4
25116142,68,28,40
25118136,0,1,-1
25118459,14,5,9
25119140,57,22,35
25119406,5,2,3
25119726,83,9,74
25120125,3,1,2
25120137,133,28,105
25120519,2,0,2
25120540,12,3,9
25121086,127,21,106
25121306,13,4,9
25121692,14,18,-4
25121853,113,32,81
25122281,44,8,36
25122855,71,11,60
25123,387,59,328
25123123,56,16,40
25123314,17,1,16
25123329,10,7,3
25123643,65,12,53
25123743,26,4,22
25123844,16,4,12
25125608,277,35,242
25125715,28,5,23
25125749,0,0,0
25125764,39,12,27
25126104,60,32,28
25127045,39,19,20
25127082,22,3,19
25127459,72,11,61
25127478,203,34,169
25127645,56,15,41
25127784,11,1,10
25128085,17,2,15
25128406,37,14,23
25128785,66,23,43
25129032,33,18,15
25130034,91,32,59
25130393,2,0,2
25130402,7,5,2
25130425,1,3,-2
25130447,0,0,0
25130660,1,0,1
25130958,2,1,1
25131586,122,20,102
25132044,6,2,4
25132162,14,2,12
25132831,8,3,5
25134540,26,2,24
25134732,15,8,7
25134847,11,1,10
25134896,4,1,3
25134996,31,15,16
25136086,2,4,-2
25136425,32,8,24
25136650,52,12,40
25139232,50,9,41
25143395,38,6,32
25146114,11,6,5
25146125,47,11,36
25146181,3,2,1
25146280,76,16,60
25147229,73,8,65
25147421,41,3,38
25148202,12,2,10
2514866,19,14,5
25149271,9,3,6
25150216,26,12,14
25150873,50,13,37
25151234,81,11,70
25151773,2,1,1
25151858,0,0,0
25151896,68,14,54
25152269,54,35,19
25152539,18,6,12
25152873,2,2,0
25152922,2,0,2
25153338,4,1,3
25154135,49,8,41
25154516,193,65,128
25154667,39,7,32
25154687,38,17,21
25155245,40,14,26
25155551,148,21,127
25156001,1,0,1
25156158,4,1,3
25156314,15,0,15
25156332,1,1,0
25156927,50,10,40
25157775,147,52,95
25157846,40,12,28
25158045,28,9,19
25158911,2,0,2
25159142,7,1,6
25159579,5,4,1
25160099,16,7,9
25162039,44,7,37
25162768,83,28,55
25162838,14,12,2
25172297,46,24,22
25172747,52,4,48
2517336,240,54,186
25173682,14,5,9
25173748,26,7,19
25174885,77,22,55
25174968,27,13,14
25175433,11,2,9
25175574,14,4,10
25176085,44,14,30
25176147,29,20,9
25176161,75,29,46
25176429,72,22,50
25176514,122,45,77
25176698,4,0,4
25176832,47,11,36
25176975,16,4,12
25177092,2,1,1
25177103,31,14,17
25177306,27,5,22
25177546,5,0,5
25177915,42,6,36
25178054,3,0,3
25178360,118,30,88
25178940,144,14,130
2518024,533,223,310
25180406,38,7,31
25180539,29,8,21
25180665,63,17,46
25180720,3,0,3
25180753,69,23,46
25181362,34,3,31
25182647,6,3,3
25182929,5,1,4
25183285,15,2,13
25183763,54,15,39
25184474,58,15,43
25184649,15,1,14
25185526,46,10,36
25185981,19,1,18
25186319,107,22,85
25186461,0,0,0
25186497,58,28,30
25187655,116,19,97
25187657,6,4,2
25188680,7,1,6
25191059,3,0,3
25191159,48,16,32
2519161,211,90,121
25193389,14,3,11
2519406,14,0,14
25197086,36,19,17
25198012,97,29,68
25198400,59,24,35
25198721,15,2,13
25198779,68,22,46
25198953,36,11,25
25199762,120,27,93
25202608,21,2,19
25203548,38,21,17
25204804,0,1,-1
25205236,57,21,36
25205312,1,0,1
25205384,79,5,74
25205694,30,10,20
25205755,20,2,18
25206111,3,0,3
25206785,19,6,13
25207068,13,4,9
25207450,60,7,53
25207599,38,8,30
25208155,9,2,7
25208782,1,1,0
25209500,60,12,48
25210908,29,16,13
25211816,8,3,5
25211827,117,20,97
25212673,47,14,33
25213145,10,3,7
25218174,10,4,6
25218659,115,25,90
25219033,18,1,17
25219248,40,2,38
25221112,29,8,21
25221332,73,25,48
25221776,16,9,7
25221827,3,0,3
25222738,3,1,2
25222786,32,6,26
25223009,32,11,21
25224522,72,15,57
25225103,7,2,5
25225154,4,1,3
25225676,5,1,4
25225692,0,0,0
25225699,11,2,9
25227941,2,2,0
25228860,30,12,18
25229089,14,2,12
2522916,65,26,39
25229593,2,1,1
25229813,12,5,7
25230236,19,2,17
25230360,117,47,70
25230671,25,5,20
25232233,3,0,3
25232559,4,1,3
2524028,123,29,94
25240669,46,18,28
25240758,186,51,135
25240976,1,0,1
25241310,30,11,19
25242555,46,18,28
25242803,23,10,13
25243047,24,7,17
25243154,25,14,11
25243177,33,18,15
25243555,2,1,1
25243972,10,0,10
25243999,69,23,46
25244031,6,2,4
25244084,1,0,1
25244196,0,0,0
2524440,291,44,247
25244543,5,6,-1
25244786,11,6,5
25244964,10,4,6
25245441,44,15,29
25245527,71,20,51
25245557,56,38,18
25245673,11,4,7
25245704,22,5,17
25245761,57,26,31
25245965,41,12,29
2524622,471,132,339
25247656,92,43,49
25248325,8,2,6
25248679,25,6,19
25249849,47,7,40
25249969,37,12,25
25250382,4,1,3
25250660,22,10,12
25251331,65,31,34
25252233,138,16,122
25252427,154,59,95
25252638,46,16,30
25252980,9,5,4
25253710,6,1,5
25253887,34,21,13
25253983,12,0,12
25254121,73,10,63
25254141,30,14,16
25254384,0,0,0
25254852,7,2,5
2525521,191,45,146
25255295,42,10,32
25256248,8,2,6
25256284,6,5,1
25257280,11,2,9
25257500,2,0,2
25257570,67,10,57
25258114,277,29,248
25258626,15,9,6
25259771,29,8,21
25259803,4,0,4
25259820,2,1,1
25259920,9,5,4
25259947,23,20,3
25260290,143,24,119
25262915,0,0,0
25263420,29,11,18
25263587,29,12,17
25263721,54,3,51
25270122,13,2,11
25271931,72,23,49
2527201,13,2,11
25272932,21,3,18
25273288,137,18,119
25273671,199,55,144
25274234,23,6,17
25274548,4,0,4
25274859,20,3,17
25274980,12,3,9
25275044,68,20,48
25275369,33,8,25
25275758,16,16,0
25276238,37,5,32
25277958,36,9,27
25278407,9,1,8
25278757,266,55,211
25278959,2,0,2
25279452,42,15,27
25279670,1,0,1
25279786,182,46,136
25279806,16,13,3
2528000,21,7,14
25280193,34,7,27
25280555,2,1,1
25280587,42,7,35
25280938,26,1,25
25281030,134,20,114
25281128,10,8,2
25281161,0,0,0
25281363,10,0,10
25281526,9,7,2
25281608,18,11,7
25281805,3,1,2
25281875,10,2,8
25281998,77,31,46
25282018,21,11,10
25282236,4,1,3
25282792,9,1,8
25283365,60,16,44
25283805,37,8,29
25283850,14,3,11
25284211,10,2,8
25284246,4,0,4
25285084,6,0,6
25285770,12,2,10
25286168,5,3,2
25287699,0,0,0
25288693,16,6,10
25289193,35,9,26
25289359,8,0,8
25289906,66,7,59
25290425,14,3,11
25290634,17,7,10
25290821,27,14,13
25290996,12,1,11
25291479,12,4,8
25291815,6,2,4
2529188,52,13,39
25292020,38,10,28
25292764,105,32,73
25293032,45,17,28
25293222,14,0,14
25293398,46,14,32
25293651,182,65,117
25293713,19,7,12
25294715,0,0,0
25296981,5,1,4
2530240,145,42,103
25302537,42,8,34
25304218,10,0,10
25304274,26,11,15
25304660,7,0,7
25305205,17,6,11
25305896,72,22,50
2530621,58,19,39
25306672,190,14,176
25306978,17,9,8
25307219,47,16,31
25307376,15,2,13
25307442,20,7,13
2530774,195,42,153
25308068,33,2,31
25308180,8,4,4
25308625,22,5,17
25308959,131,28,103
25309571,45,16,29
25309780,31,9,22
2531008,82,13,69
25310146,39,16,23
25310847,9,1,8
25311137,19,4,15
2531179,36,16,20
25311976,59,23,36
25312381,17,7,10
25312541,41,16,25
25312770,31,10,21
25313377,2,0,2
25313793,8,1,7
25313800,133,39,94
2531382,58,15,43
25314059,17,1,16
25314701,16,4,12
25314875,5,0,5
25315276,15,2,13
25315677,0,0,0
25316189,28,16,12
25316383,6,2,4
25317362,20,6,14
25317710,4,1,3
25317930,123,20,103
25318032,27,17,10
25318069,0,0,0
25318830,1,0,1
25318881,91,27,64
25319588,14,5,9
2532035,251,141,110
25320763,15,13,2
25320974,0,0,0
25321296,7,3,4
25321353,1,0,1
25321536,34,5,29
25321683,1,0,1
25321792,46,16,30
25322459,15,5,10
25323749,5,0,5
25324739,82,33,49
25329830,21,12,9
25331292,122,47,75
25331686,21,7,14
2533176,413,82,331
25332014,25,15,10
25332220,2,8,-6
25332303,1,0,1
25332587,21,2,19
25333633,4,2,2
2533368,8,3,5
25333895,29,2,27
25335234,6,4,2
25336169,28,5,23
25337072,14,1,13
25337129,2,0,2
25338034,3,0,3
25338228,86,50,36
25339003,142,61,81
25339365,39,17,22
25339424,0,0,0
25339712,4,0,4
25340007,51,16,35
25340066,114,14,100
25340726,20,6,14
25340836,49,14,35
2534087,218,32,186
25341507,1,0,1
25341918,42,6,36
25343490,24,12,12
25343544,23,3,20
25345341,18,1,17
25345463,9,2,7
25345581,23,3,20
25345793,35,7,28
25346064,54,14,40
25346622,0,0,0
25346687,4,0,4
25346916,18,2,16
25347197,20,1,19
25347280,1,0,1
25347711,204,24,180
25348014,48,18,30
25348158,58,16,42
25348879,9,3,6
25349195,14,2,12
25352202,7,2,5
25352250,36,13,23
25353023,8,2,6
25353190,203,40,163
25356409,17,1,16
25358103,1,0,1
25360188,0,0,0
25360372,0,0,0
25360795,53,8,45
25361218,9,4,5
25361736,11,20,-9
2536179,213,76,137
25361975,3,4,-1
25362100,20,4,16
25362572,33,1,32
25363361,23,1,22
25363398,2,0,2
25363414,8,2,6
25363450,8,3,5
25364105,2,0,2
25364261,4,2,2
25364404,17,1,16
25365066,0,0,0
25365486,94,45,49
25366101,10,2,8
25366710,1,1,0
25366804,4,1,3
25366888,42,5,37
25366999,1,1,0
25367434,36,2,34
25368517,61,30,31
25369341,115,54,61
25371318,38,18,20
25372577,58,12,46
25373079,32,1,31
25373957,19,5,14
25374291,4,1,3
25375163,23,5,18
25375271,6,1,5
25375712,9,5,4
25376696,143,78,65
25376785,1,0,1
25377123,0,3,-3
25377218,6,2,4
25377326,32,12,20
25378228,4,0,4
25378327,0,0,0
25378751,29,5,24
25379235,35,11,24
25383517,5,0,5
25384324,26,2,24
25384393,51,16,35
25384826,27,1,26
25385407,73,10,63
25386344,5,1,4
25386499,88,24,64
25387288,13,5,8
25387732,13,5,8
25387754,42,8,34
25388128,18,6,12
25389211,32,12,20
25389885,37,12,25
25392971,1,1,0
25393511,28,7,21
25394889,11,4,7
25395008,5,1,4
25395939,46,5,41
25396558,38,8,30
25397133,157,22,135
25397296,114,19,95
25398076,12,3,9
25398764,42,10,32
25399046,15,1,14
25399238,0,0,0
25399969,34,8,26
25400053,26,8,18
25400960,158,18,140
25402631,55,31,24
25402657,11,5,6
25402999,32,13,19
25403074,6,2,4
254031,116,58,58
25403568,7,3,4
25408064,14,3,11
25408404,25,16,9
25408452,26,1,25
25408975,14,4,10
25409196,2,0,2
25410002,6,0,6
25410128,44,18,26
25410963,11,1,10
25411995,67,12,55
25414018,12,3,9
25414414,60,27,33
25415681,35,16,19
25415999,102,23,79
25416823,79,20,59
2541735,71,5,66
25417875,2,1,1
25418421,44,9,35
25418988,78,9,69
25419858,44,15,29
25420773,112,24,88
25421963,161,31,130
25422789,0,0,0
25422808,98,28,70
25423034,10,0,10
25423330,85,33,52
25423423,121,30,91
25425416,12,0,12
25426669,2,1,1
25427359,19,8,11
25427458,1,0,1
25428339,58,8,50
2542900,50,16,34
25429285,163,59,104
25431327,158,67,91
2543160,38,11,27
25431867,169,53,116
25432060,0,0,0
25432283,158,50,108
25432663,1,0,1
25432919,2,1,1
25433958,27,7,20
25434405,51,11,40
25434654,136,14,122
25434739,59,8,51
25434946,25,20,5
25435268,24,10,14
2543625,37,7,30
25436293,112,56,56
25436417,4,1,3
25436743,4,1,3
25436764,31,10,21
25437560,11,0,11
25438650,2,0,2
25438683,12,5,7
25439055,15,2,13
25439085,41,10,31
25439233,31,2,29
2544023,0,2,-2
25440320,22,9,13
25440386,60,6,54
25440857,73,34,39
25440873,14,4,10
25440989,18,18,0
25441054,23,7,16
25441574,76,36,40
25441864,140,24,116
25443427,6,0,6
25444001,9,2,7
25444535,3,0,3
25444960,2,2,0
25445447,75,11,64
25445757,13,3,10
25446429,96,34,62
25446637,140,17,123
25446662,16,3,13
25447114,7,2,5
25447522,29,5,24
25447586,43,4,39
25448042,6,0,6
25448207,0,0,0
25449717,84,31,53
25450072,42,7,35
25450451,9,1,8
25450765,79,13,66
25450799,37,4,33
25450894,41,13,28
25451074,0,0,0
25452363,19,6,13
25452410,161,26,135
2545245,367,59,308
25452685,15,1,14
25453383,14,3,11
25453565,116,44,72
25453648,6,1,5
25453920,86,19,67
25455213,7,0,7
25455256,11,2,9
25456146,13,2,11
25457100,10,2,8
2545884,37,15,22
25459645,27,0,27
254629,45,8,37
2546416,2,1,1
2546417,52,36,16
25464196,4,0,4
25464535,5,7,-2
25464917,48,13,35
25465453,6,3,3
25466233,37,5,32
25466493,18,6,12
25467186,24,8,16
25467202,1,0,1
25467532,3,0,3
25468013,47,21,26
25469523,3,0,3
25469918,12,3,9
25471112,10,3,7
25471153,2,1,1
25471169,2,0,2
25471742,36,13,23
25471889,56,20,36
25472163,28,6,22
25472457,34,9,25
25474162,95,23,72
25474186,28,7,21
25474506,110,20,90
25474553,4,2,2
25474601,1,0,1
25474603,3,0,3
25474665,7,0,7
25475550,7,2,5
25475917,6,1,5
25476374,14,4,10
25476381,17,5,12
25476688,6,2,4
25476729,39,7,32
25476788,28,7,21
25476841,0,0,0
25477141,6,3,3
25478330,48,29,19
25478482,13,5,8
25478542,64,6,58
25479066,36,8,28
25479151,2,0,2
25479296,10,1,9
25479979,21,4,17
2548086,491,126,365
25480978,9,1,8
25481063,125,29,96
25481121,95,18,77
25481548,21,3,18
25482300,7,4,3
25482601,10,1,9
25483028,0,0,0
25483639,12,9,3
25483988,7,1,6
25484017,31,16,15
25485126,15,4,11
25485890,2,1,1
25486141,23,16,7
25487032,20,1,19
2548790,38,14,24
25493833,0,0,0
2549417,128,26,102
25494737,63,23,40
25494855,77,10,67
25496741,22,13,9
25497429,17,2,15
25497520,0,0,0
25497664,18,1,17
25497986,55,16,39
25498093,25,8,17
25498123,7,3,4
25498134,3,1,2
25498145,0,0,0
2549835,6,3,3
25498368,2,0,2
25498998,150,14,136
25499139,10,11,-1
25499505,28,6,22
254996,764,119,645
25499810,4,0,4
25500962,4,1,3
25501040,73,30,43
25501125,7,3,4
25501235,13,3,10
25501303,35,10,25
25501519,3,0,3
25501708,25,11,14
25502871,15,8,7
25504272,9,7,2
25505716,5,7,-2
25507888,3,0,3
25508111,0,0,0
25508225,42,9,33
25508260,6,2,4
25508529,22,9,13
25510352,2,0,2
25510519,110,19,91
25510543,59,13,46
25512272,50,18,32
25513820,59,6,53
25513979,8,2,6
25514341,9,8,1
25515033,7,0,7
25515049,14,1,13
25518043,60,12,48
25523167,38,18,20
25524131,89,19,70
25524766,3,2,1
25524899,11,5,6
25526215,11,0,11
25527227,9,2,7
25527779,144,52,92
25528689,46,6,40
25529621,1,0,1
25529705,2,0,2
25530091,23,12,11
25530101,22,5,17
25530330,1,0,1
25530895,31,12,19
25532287,40,6,34
25532624,11,2,9
25533243,44,13,31
25533339,19,0,19
25534417,34,20,14
25534519,56,3,53
25535582,30,6,24
25535731,25,8,17
2553637,228,56,172
25537616,44,7,37
25537912,3,0,3
25538589,1,0,1
25539402,9,3,6
25539431,9,5,4
25539918,10,3,7
25540186,55,15,40
25540354,1,0,1
25540955,28,2,26
25540956,14,2,12
25541767,177,15,162
25542314,194,84,110
25542803,8,0,8
25543070,0,0,0
25543134,12,6,6
25543264,1,0,1
25545928,209,43,166
25546217,148,37,111
25546716,22,9,13
2554719,202,43,159
25554234,3,0,3
2555480,5,0,5
25555144,6,1,5
25556041,76,19,57
25558115,0,0,0
25558258,15,6,9
25558277,22,9,13
25558282,10,5,5
25558442,33,6,27
25559890,203,47,156
25559892,9,3,6
25559894,3,3,0
25559897,0,1,-1
25559901,3,5,-2
25559905,238,72,166
25559906,52,17,35
25559908,100,38,62
25561007,50,21,29
25561367,5,3,2
25563067,61,10,51
25563135,2,1,1
2556330,51,16,35
25563494,30,1,29
25564802,4,2,2
25565405,16,0,16
25566016,88,41,47
25566903,56,19,37
25567661,5,1,4
25567832,45,13,32
25569512,46,13,33
25570245,36,17,19
2557048,69,10,59
25570624,2,0,2
25570797,53,10,43
25572100,12,3,9
25572292,37,11,26
25572500,125,24,101
25573576,32,10,22
2557474,519,143,376
25574920,29,5,24
25574982,15,3,12
25575624,7,4,3
25575973,3,0,3
25576823,3,0,3
2557684,35,15,20
2557719,18,4,14
2557770,162,53,109
25578018,15,3,12
2557853,176,26,150
2557892,381,84,297
25578970,2,1,1
25580835,65,19,46
25581514,8,4,4
25581994,40,5,35
25582068,0,0,0
25582099,7,2,5
25583467,76,5,71
25583627,5,2,3
2558495,2,1,1
25585552,0,0,0
25591755,0,0,0
2559515,191,56,135
2559562,27,3,24
255961,99,15,84
25597432,49,6,43
25597486,36,23,13
2559765,11,5,6
2559816,26,2,24
2559996,336,90,246
25600115,22,5,17
25600587,8,5,3
25600637,21,6,15
25601452,22,5,17
25601491,41,11,30
25602228,2,0,2
25602479,14,1,13
25603374,16,2,14
25604263,39,16,23
25605925,92,22,70
25606443,35,3,32
25609797,7,3,4
25609819,5,2,3
25609832,13,2,11
25609871,0,0,0
25609912,0,0,0
25610052,10,4,6
25610130,101,26,75
25611160,0,0,0
25611481,40,11,29
25612049,13,2,11
25612594,5,1,4
25613781,53,15,38
25613786,2,0,2
25614501,67,26,41
25616054,12,1,11
25617834,22,2,20
25618225,129,22,107
25619133,12,1,11
25619699,73,41,32
25621584,25,2,23
25621636,0,0,0
25622512,43,4,39
2562327,4,1,3
25624176,24,4,20
2562452,189,79,110
25624833,10,2,8
25626800,47,28,19
25627697,9,5,4
25627818,62,17,45
25627858,135,14,121
25630051,15,5,10
25632831,13,4,9
25634662,1,0,1
2563514,5,1,4
25640980,13,1,12
25645545,2,0,2
25646025,7,2,5
25646225,12,13,-1
25646640,20,0,20
25647608,2,0,2
25647765,18,2,16
25648217,0,0,0
25648807,22,12,10
25649194,45,16,29
25650121,11,12,-1
25651182,79,8,71
25652784,12,3,9
2565961,423,100,323
25660681,6,1,5
25660986,63,20,43
25661442,12,4,8
25662925,13,2,11
25664233,13,4,9
25664272,75,39,36
25664426,10,6,4
25664906,10,0,10
25666868,47,16,31
25666925,0,0,0
25669061,43,3,40
25669586,91,24,67
25671510,3,2,1
25672996,2,3,-1
25675087,34,11,23
25676083,5,4,1
25677082,69,4,65
25677701,80,13,67
25677886,1,0,1
25678372,0,1,-1
25678715,18,1,17
25679345,8,4,4
25679424,38,12,26
25682388,0,0,0
25685668,107,40,67
25693619,6,3,3
2569427,397,197,200
2569503,32,8,24
2569670,606,175,431
25697328,8,3,5
256975,123,22,101
25698201,42,5,37
25699782,13,7,6
25699986,22,9,13
25700967,10,0,10
25700972,79,14,65
25700976,9,1,8
25700987,0,0,0
25700994,22,3,19
25701251,13,2,11
25701282,52,5,47
25701833,2,1,1
25703144,23,3,20
25703604,0,0,0
25704702,33,9,24
25704943,0,0,0
25705269,0,1,-1
25706308,243,45,198
25706567,4,2,2
25706576,5,0,5
25706667,6,0,6
2570728,1,1,0
25708286,33,4,29
25708689,40,8,32
25709751,5,1,4
25710803,15,3,12
25711876,14,3,11
25712862,27,3,24
25713063,38,21,17
25713477,28,4,24
25713827,12,2,10
25714285,16,6,10
25715144,9,2,7
25717042,67,9,58
25717725,84,21,63
25718315,5,3,2
25718887,16,1,15
25719607,15,4,11
25719836,11,1,10
25721660,18,1,17
25721961,164,47,117
25725042,2,0,2
25725788,75,19,56
25728565,28,7,21
25729341,53,21,32
25730258,288,32,256
25730350,27,7,20
25730383,98,14,84
25731529,149,25,124
25732279,1,1,0
25732286,81,14,67
25733171,61,12,49
25733314,8,1,7
25733599,0,0,0
25734223,2,0,2
2573493,27,2,25
25735085,43,13,30
25735172,386,87,299
25736628,1,1,0
25738043,3,0,3
257413,25,6,19
2574230,136,48,88
25742667,32,4,28
2575022,5,3,2
2575218,487,83,404
25753344,89,16,73
2575413,56,8,48
25754588,33,5,28
25755732,0,0,0
2575674,39,4,35
25756944,11,4,7
25757456,22,9,13
25758336,7,1,6
25758557,13,12,1
25759144,91,23,68
25759148,7,0,7
25759776,1,0,1
25760549,69,28,41
25760694,22,2,20
25761038,86,38,48
25761080,66,6,60
25761169,4,0,4
25761586,3,2,1
25762214,1,0,1
25762481,29,14,15
25762666,3,0,3
25763591,65,11,54
25764676,33,16,17
25764768,102,28,74
25764971,55,23,32
25765147,84,14,70
25765643,7,3,4
25765946,0,0,0
25766183,2,1,1
25766589,5,3,2
2576674,208,41,167
25768018,4,2,2
25768149,0,0,0
25768341,2,0,2
25768530,5,0,5
25769139,85,34,51
25769154,1,0,1
25769287,2,3,-1
25769418,30,6,24
25769708,12,4,8
25771345,16,1,15
25771697,56,10,46
25771879,72,44,28
25772156,29,6,23
25772390,3,0,3
25773147,18,6,12
25773318,85,15,70
25773487,27,2,25
25773522,41,6,35
25773889,0,0,0
25774061,16,10,6
25774097,18,4,14
25774279,61,21,40
25776266,53,12,41
2577722,92,25,67
25777453,13,7,6
25777501,0,0,0
2577754,179,50,129
25778364,31,14,17
25778383,112,24,88
25779125,14,0,14
25779378,79,9,70
25779440,6,1,5
25779745,22,11,11
25779756,90,32,58
25783428,33,15,18
25783658,24,9,15
25787981,39,14,25
25788489,13,0,13
25788512,12,3,9
25788851,128,24,104
25788874,5,0,5
25788880,0,0,0
25788890,2,1,1
25788906,3,1,2
25789620,48,24,24
25789738,134,35,99
25789871,16,2,14
25790041,30,5,25
25790094,10,4,6
25790192,35,26,9
25790630,5,0,5
25790790,53,9,44
25790841,5,1,4
25790930,3,4,-1
25791050,4,0,4
25791138,41,13,28
25791293,32,5,27
25791746,24,5,19
25791932,27,7,20
25793720,1,3,-2
25794108,19,8,11
25794201,5,0,5
25794310,2,1,1
25794426,27,4,23
25794655,8,1,7
25794757,8,0,8
25795216,63,13,50
25795231,2,1,1
2579538,42,10,32
25795886,78,23,55
25796711,13,6,7
25796720,3,2,1
25797658,1,0,1
25797981,2,0,2
25799204,52,15,37
25799264,5,1,4
25799385,3,0,3
25799930,67,3,64
25800120,1,0,1
25800183,53,15,38
25800379,48,11,37
25800715,22,7,15
2580107,374,93,281
25801362,206,37,169
25802906,2,1,1
25803329,2,1,1
25804081,36,18,18
25804378,7,2,5
25804607,58,14,44
25804856,12,1,11
25805038,27,10,17
25805048,9,4,5
25805450,14,6,8
25805773,11,2,9
25805958,6,2,4
25806169,7,1,6
2580731,118,48,70
25807538,4,1,3
25807890,25,9,16
25808615,19,6,13
25809361,38,8,30
25810329,19,5,14
25810621,0,0,0
25811049,0,0,0
25811402,120,29,91
25811593,0,0,0
25812588,10,8,2
25813321,9,0,9
25817596,4,1,3
25818079,2,0,2
258184,36,7,29
25819800,42,7,35
25819981,54,27,27
25821649,13,11,2
25821660,2,4,-2
25821677,13,5,8
25821774,14,3,11
25822091,2,0,2
25822733,3,1,2
25822915,2,0,2
25823132,8,6,2
25823346,12,0,12
25824046,5,1,4
25824111,33,19,14
25825913,57,20,37
25826314,8,4,4
2582659,107,40,67
25827140,49,13,36
25827638,19,4,15
2582836,21,8,13
25828718,7,0,7
25828817,45,22,23
25829844,18,8,10
25830861,88,46,42
25831643,7,4,3
25832355,7,5,2
25833222,78,22,56
25833244,4,1,3
25833461,158,41,117
25834328,30,18,12
25835272,24,9,15
25835290,21,6,15
25836545,11,4,7
25837368,18,1,17
25838613,6,2,4
25839460,66,23,43
25839590,0,0,0
25840612,12,2,10
25843826,2,0,2
25848386,3,0,3
25849556,7,0,7
25850031,58,46,12
25850094,4,5,-1
25851392,4,3,1
25851473,30,10,20
25852323,86,11,75
25852849,315,54,261
25853208,2,0,2
25854964,37,7,30
25855004,18,2,16
25856572,4,1,3
25856613,17,5,12
25856625,4,0,4
25857022,21,2,19
25857053,32,14,18
25857830,20,17,3
2585790,19,4,15
25857906,78,52,26
25858082,6,4,2
25858568,4,6,-2
2585865,43,20,23
25859746,62,16,46
25861190,27,12,15
25862264,19,3,16
25862436,10,10,0
25862573,15,6,9
25862584,15,12,3
25862661,35,23,12
25862841,14,4,10
25862884,25,11,14
25862887,95,20,75
25863884,33,5,28
25864089,29,10,19
25864572,32,18,14
25864998,6,3,3
25865053,32,13,19
25866417,114,12,102
25868166,18,3,15
25868527,32,8,24
25868605,13,2,11
25869399,18,10,8
25869720,0,0,0
25869798,11,4,7
25869918,6,0,6
25869996,4,0,4
25870063,62,14,48
25870245,3,0,3
25870414,62,13,49
25870615,15,3,12
25870692,72,21,51
25870731,4,2,2
25870837,73,16,57
25872565,26,9,17
25872901,150,49,101
25873414,191,58,133
25875591,95,43,52
25875602,2,1,1
25876109,56,38,18
25877281,20,3,17
25877521,23,3,20
25878020,0,0,0
25878324,0,1,-1
25878697,14,3,11
25878988,5,1,4
25879665,29,9,20
25880107,12,5,7
25880121,69,25,44
25880224,10,0,10
25881050,12,1,11
25881122,9,2,7
25881521,14,3,11
25881958,147,10,137
25882338,24,15,9
25882520,22,9,13
25882780,21,17,4
25882860,0,0,0
25883109,51,22,29
2588338,155,52,103
25884166,310,60,250
25884581,7,2,5
25885073,35,20,15
25885696,3,0,3
25885716,17,7,10
25886088,43,13,30
25886413,73,13,60
25887647,4,3,1
25887817,9,1,8
25891199,7,0,7
25891930,69,10,59
25891960,53,11,42
25892134,1,0,1
25892156,6,2,4
25892336,1,0,1
25892369,5,2,3
25892378,23,9,14
25892543,11,2,9
25892839,21,13,8
25894478,109,49,60
25897404,173,28,145
25897693,13,1,12
2589855,143,54,89
25898868,122,34,88
25899643,12,3,9
25900077,21,1,20
25900359,37,8,29
25900841,32,11,21
25901604,35,12,23
25901654,40,11,29
25901751,70,19,51
25902113,123,19,104
25903766,30,8,22
25904045,12,2,10
25906271,29,9,20
25906485,5,0,5
25907290,18,6,12
25909453,2,0,2
25909639,5,2,3
25909794,6,0,6
25910051,9,0,9
25910094,33,6,27
25910193,0,1,-1
25910661,12,4,8
25910692,11,1,10
25911193,5,2,3
2591139,34,11,23
25911502,76,28,48
25911874,15,4,11
25912554,53,9,44
25914062,1,0,1
25914119,62,17,45
25914217,12,0,12
25914364,41,7,34
25914438,37,7,30
25914815,0,0,0
25915326,19,7,12
25915555,3,0,3
25915748,67,20,47
25916478,29,6,23
25925288,36,9,27
25925379,19,2,17
25925561,108,43,65
25925738,0,0,0
25927440,46,22,24
25927657,122,68,54
25927911,15,3,12
25928356,3,1,2
25928651,4,2,2
25928657,76,11,65
25928743,23,4,19
25928887,10,1,9
25929248,13,3,10
25929538,10,3,7
25930159,17,4,13
25930218,15,8,7
25930256,132,25,107
25930305,6,1,5
25931115,18,8,10
25931164,82,79,3
25931556,92,39,53
25931649,8,10,-2
25931904,12,6,6
25932656,1,4,-3
25932906,24,5,19
25933245,18,12,6
25933838,5,0,5
25934130,0,0,0
25934196,26,10,16
25935040,10,0,10
25936347,5,5,0
2593660,239,87,152
25938334,61,4,57
25938949,6,1,5
25940239,6,0,6
25940818,18,5,13
25941003,34,11,23
25942233,50,5,45
25942988,23,6,17
25943216,2,0,2
25943343,2,1,1
25943382,3,1,2
25944128,23,11,12
25944154,14,1,13
25945984,0,0,0
25946217,82,14,68
25946556,18,6,12
25946586,25,8,17
25946731,0,1,-1
25946732,12,3,9
25946918,113,20,93
25947167,39,6,33
25949158,5,1,4
25952542,7,0,7
25952837,47,12,35
25953669,20,3,17
25953866,32,14,18
25954034,1,0,1
25954078,1,0,1
25955437,0,0,0
25956098,32,4,28
2595642,48,16,32
25956566,1,0,1
25956800,27,6,21
25958025,56,25,31
25958330,100,35,65
25959096,42,13,29
25959159,11,4,7
25959329,0,0,0
25959564,72,29,43
25960075,50,22,28
2596049,27,9,18
25960670,42,5,37
25960834,6,1,5
25961043,39,10,29
25961646,18,10,8
2596246,12,6,6
25963148,25,1,24
25963332,16,3,13
25963743,84,15,69
25964111,24,3,21
25964261,29,6,23
25964359,12,3,9
25964490,2,2,0
2596464,223,105,118
25964786,1,0,1
2596483,12,2,10
25964895,63,17,46
25964903,58,22,36
25965690,42,11,31
25966332,9,7,2
25967423,67,44,23
25967924,30,4,26
25968654,2,0,2
25968671,2,0,2
25968709,6,4,2
25968747,17,4,13
25968887,5,4,1
25970100,8,2,6
25970291,59,24,35
25971072,12,0,12
25971677,35,10,25
25971774,2,1,1
25971875,6,2,4
25972065,29,12,17
25972140,34,10,24
25972302,71,17,54
25972462,126,45,81
25972545,22,6,16
25972570,37,8,29
25972801,3,0,3
25973117,9,4,5
25973957,57,30,27
25974327,11,2,9
25974978,58,12,46
25974992,23,15,8
25975752,37,25,12
25976167,0,0,0
25976408,59,18,41
25976537,185,27,158
25976607,115,18,97
25976931,0,0,0
25977104,1,1,0
25977238,15,0,15
25977253,6,7,-1
25977259,7,0,7
25978455,16,4,12
2597887,40,6,34
25979392,8,1,7
25979774,27,2,25
25980349,8,7,1
25986736,14,3,11
25987808,7,2,5
25987852,7,10,-3
25987860,4,3,1
25988145,76,34,42
2598832,287,51,236
25988993,5,6,-1
2598923,40,10,30
25989289,47,8,39
25990492,0,1,-1
25990496,50,11,39
25990523,40,7,33
25990877,59,19,40
25991101,20,7,13
25991368,163,78,85
25991502,27,4,23
25991902,3,2,1
25991946,20,5,15
25992044,15,1,14
25992547,117,21,96
25992586,1,0,1
25992655,64,27,37
25992778,19,2,17
2599287,66,34,32
25993219,50,26,24
25993364,76,19,57
25993746,88,40,48
25994118,125,36,89
25994136,59,32,27
25994316,12,2,10
25994651,88,28,60
25994759,24,1,23
25994782,3,1,2
25995027,37,11,26
25995273,97,15,82
25995392,12,8,4
25995848,11,1,10
25996199,14,5,9
25996714,8,1,7
25998534,69,18,51
25998797,3,1,2
25999565,0,1,-1
25999574,59,5,54
25999632,74,22,52
2600031,244,36,208
26000338,13,1,12
26000882,28,8,20
26000992,38,12,26
26001616,30,9,21
26002292,5,2,3
26002533,13,3,10
26004050,0,0,0
2600614,1,0,1
26007193,18,11,7
26007482,51,12,39
26007721,26,8,18
26007726,2,0,2
26008508,32,4,28
26009699,10,0,10
26009702,136,40,96
2601188,28,7,21
2601191,17,4,13
26012607,30,4,26
26016746,101,39,62
26016962,116,23,93
26017254,28,8,20
26017258,180,38,142
26017292,43,10,33
26017380,3,2,1
26017811,21,11,10
26017903,2,1,1
26018596,19,11,8
26018967,128,12,116
26019016,12,1,11
26019317,25,8,17
26019948,59,17,42
26020222,49,8,41
26020249,64,14,50
26020273,42,11,31
26021092,16,0,16
26021282,46,35,11
26021622,21,9,12
26021763,14,4,10
26023115,5,0,5
26023123,1,0,1
26023267,0,0,0
26023396,23,13,10
26024077,61,8,53
26024923,62,7,55
26025548,4,1,3
26025647,16,10,6
26025871,21,7,14
26026653,15,3,12
26027335,2,1,1
26027414,13,1,12
26027898,21,5,16
26027967,0,0,0
26028175,42,18,24
2602829,229,19,210
26028649,4,1,3
26028710,87,38,49
26028736,12,1,11
260288,446,150,296
26028918,20,4,16
26028987,43,13,30
26029042,164,17,147
26029712,8,4,4
26030043,48,1,47
26030111,0,0,0
26030214,9,4,5
26030522,8,0,8
26030568,0,0,0
26030888,16,5,11
26031840,1,0,1
26032858,11,1,10
26034747,1,1,0
26034921,21,4,17
26035691,122,110,12
26036289,25,17,8
26037776,48,10,38
26038269,16,1,15
26039629,0,0,0
26043587,4,2,2
26045118,91,30,61
26045464,33,4,29
26045538,17,1,16
26045639,4,0,4
26045918,22,3,19
26045948,1,0,1
26046141,4,0,4
26046148,16,3,13
26046737,26,6,20
26047412,7,1,6
26048231,11,3,8
26048442,53,13,40
26048616,1,1,0
26048693,0,0,0
26048812,52,14,38
26048921,13,4,9
26049616,12,1,11
26049857,37,19,18
26050159,42,10,32
26050750,3,0,3
26052737,1,0,1
26052833,81,17,64
26054173,0,0,0
26055214,35,6,29
26055530,55,6,49
26055550,13,0,13
26055778,4,2,2
26055998,21,4,17
26056063,36,11,25
26056299,4,0,4
26056757,9,0,9
26057378,19,1,18
26057448,6,0,6
26057510,55,14,41
26058270,21,8,13
26059490,3,1,2
26059549,36,22,14
26059611,23,6,17
26059886,12,2,10
26059922,16,8,8
26060276,104,12,92
26060319,3,1,2
26060399,0,0,0
26061392,0,0,0
26061569,46,7,39
26061699,58,12,46
26062011,60,27,33
26062252,39,13,26
26062863,68,5,63
26063842,2,0,2
26064375,1,0,1
26068259,1,1,0
26069102,17,2,15
26069334,1,0,1
26069352,15,7,8
26069418,17,5,12
26069928,1,0,1
26070308,0,0,0
26070320,3,0,3
26070602,0,0,0
26072134,62,19,43
26072301,1,1,0
26072368,0,0,0
26073338,10,4,6
26073609,49,10,39
26073854,47,14,33
26074337,12,6,6
26074541,134,39,95
26074557,6,0,6
2607475,325,149,176
26074796,98,29,69
26075325,14,0,14
26075775,28,2,26
26076090,40,2,38
26076462,10,4,6
26077011,2,0,2
26077856,14,1,13
26078184,11,1,10
26078460,48,17,31
26081905,115,41,74
26082344,0,0,0
26082626,0,0,0
26083064,5,0,5
26083124,5,4,1
26083273,114,33,81
26083724,18,9,9
26084018,59,10,49
26089260,4,1,3
26089983,0,0,0
26090150,0,0,0
26091098,20,7,13
26091571,44,20,24
26092157,3,1,2
26092165,301,61,240
26093383,12,2,10
26093433,5,1,4
26093590,45,5,40
26094104,5,0,5
26094611,4,0,4
26094633,22,2,20
26094943,11,1,10
26096287,76,28,48
26097195,0,1,-1
26097581,22,5,17
26098103,0,0,0
26098914,24,4,20
26099167,29,5,24
26099343,5,0,5
26099625,9,3,6
26099695,4,2,2
26099856,53,6,47
26100161,25,6,19
26100627,7,0,7
26101019,72,18,54
26101241,27,15,12
26101398,13,3,10
26101592,45,31,14
26101815,80,25,55
2610211,554,55,499
26102328,30,9,21
26102643,19,1,18
26103632,67,28,39
26103664,42,15,27
26103683,6,3,3
26103693,15,1,14
26103708,13,6,7
26103889,7,0,7
26104076,31,7,24
26104594,20,16,4
26104678,5,0,5
26104999,6,3,3
26105111,66,16,50
26105697,2,1,1
26105796,34,9,25
26105849,49,8,41
26105995,188,27,161
26106003,66,14,52
26107697,14,7,7
26107802,14,7,7
26111436,2,2,0
2611189,137,19,118
26112435,7,4,3
26113551,64,20,44
26114016,45,18,27
26114329,21,3,18
26114402,85,27,58
26114859,11,6,5
26115237,24,3,21
26115342,20,13,7
26115490,11,1,10
26116036,27,12,15
26116068,2,2,0
26116573,3,1,2
26117240,7,1,6
26117601,4,0,4
26118879,48,12,36
26119027,31,11,20
26119084,21,5,16
26119108,53,11,42
26119157,13,3,10
26119197,17,10,7
26119247,18,9,9
26119299,29,11,18
26119358,30,3,27
26119435,1,1,0
26119750,27,5,22
26120791,177,36,141
26121069,6,3,3
2612107,44,13,31
26121071,1,0,1
26122173,91,22,69
26122678,3,0,3
26123033,21,1,20
26123131,16,11,5
26123218,4,2,2
26123225,164,16,148
26123502,59,12,47
26123764,0,0,0
26124058,0,0,0
26124259,23,9,14
26124554,6,1,5
26124580,2,1,1
26124606,1,1,0
26124641,0,0,0
26124793,4,0,4
26125158,60,37,23
26125477,5,1,4
26125745,25,2,23
26125833,0,0,0
26128344,9,2,7
26128510,0,0,0
26128838,188,48,140
26129897,5,6,-1
26132071,17,7,10
26132121,27,6,21
26132450,29,11,18
26132605,42,13,29
26132937,61,8,53
26133285,21,7,14
26135157,18,2,16
26135543,65,20,45
26135918,51,24,27
26138204,37,17,20
26143156,42,14,28
26143639,171,30,141
26143648,20,3,17
26143699,42,12,30
26143743,33,2,31
26144319,29,7,22
26145617,3,2,1
26145951,20,6,14
26146130,116,60,56
26146195,36,15,21
26146660,49,13,36
26146887,47,28,19
26146924,3,0,3
26147906,6,1,5
26148028,39,7,32
26148089,18,5,13
26148264,8,3,5
26148779,27,7,20
26149413,32,2,30
26150087,5,0,5
26150134,2,2,0
26150619,1,0,1
26150919,0,0,0
26151165,65,25,40
26151635,3,0,3
26152726,45,3,42
26153214,10,1,9
26153330,34,10,24
26153687,4,3,1
26154323,1,0,1
26154524,23,1,22
26154662,48,15,33
26155126,10,1,9
26155165,28,14,14
26155167,26,15,11
26155208,2,0,2
26155784,0,0,0
26155873,7,2,5
26156438,2,1,1
26157472,114,14,100
26158409,4,0,4
26159726,3,2,1
26160870,12,5,7
26161309,5,1,4
26161639,19,2,17
26162522,22,6,16
26163209,73,11,62
26163282,6,2,4
26163386,3,0,3
26163627,2,0,2
26165532,1,0,1
26167157,37,22,15
26171860,68,16,52
26173130,21,6,15
26173350,68,15,53
26173447,111,34,77
26173623,8,2,6
26175091,9,1,8
26175223,1,0,1
26176023,61,21,40
26176786,13,4,9
26176856,9,3,6
26177313,20,4,16
26178445,89,10,79
26178619,23,4,19
26178727,19,6,13
26178778,1,0,1
26178779,21,4,17
2617879,6,3,3
26178841,0,1,-1
26179230,8,16,-8
26179961,1,0,1
26180136,46,17,29
26180262,45,11,34
26180287,3,0,3
26180472,8,0,8
26180548,4,1,3
26180969,37,8,29
2618124,94,12,82
26181303,4,0,4
2618197,51,22,29
26181994,8,0,8
26182529,21,2,19
26182898,82,44,38
26182995,14,3,11
26184596,3,0,3
26184874,3,0,3
26184903,9,3,6
26187199,61,14,47
26188096,95,67,28
26188339,70,18,52
26189542,29,8,21
26189813,105,36,69
26189861,0,0,0
26189998,60,14,46
26192261,14,1,13
26193837,2,0,2
26194798,99,32,67
26196028,7,0,7
26196471,14,4,10
26196942,28,2,26
26197687,5,0,5
26199960,44,20,24
26205187,65,6,59
2620824,45,19,26
26209358,29,6,23
26209593,13,7,6
26210292,61,19,42
26211142,60,11,49
26211236,11,3,8
26211449,116,20,96
26211520,7,6,1
26211522,0,0,0
26211967,51,11,40
26212596,24,2,22
26212721,42,9,33
26212949,19,6,13
26214344,11,3,8
26214489,42,34,8
26215198,71,11,60
26216199,57,6,51
26216658,4,1,3
26216687,18,3,15
26216906,2,4,-2
26216930,87,26,61
26217384,33,15,18
26217564,6,1,5
26218355,60,27,33
26218540,5,9,-4
26218829,14,2,12
26219293,7,0,7
26219328,1,0,1
26219648,138,41,97
26220211,4,1,3
26220585,15,4,11
26221313,24,8,16
26222722,1,0,1
26222824,1,0,1
26223559,3,1,2
26224784,20,3,17
26225696,19,8,11
26225879,3,0,3
26227646,14,3,11
26228880,7,1,6
262294,413,222,191
26229488,81,5,76
26230434,21,9,12
26230600,54,34,20
26231065,51,14,37
26231506,0,0,0
26231564,2,0,2
26231632,8,1,7
26232361,90,36,54
26237798,19,5,14
26238914,2,1,1
26238939,3,0,3
26239082,10,16,-6
26239563,0,0,0
26240504,10,0,10
26240854,39,8,31
26241413,21,4,17
26241544,11,3,8
26241559,37,21,16
26242339,5,2,3
26242354,79,34,45
26242755,58,21,37
26242807,1,0,1
26242811,27,7,20
2624292,291,82,209
26243629,23,4,19
26243642,13,3,10
26243758,201,38,163
26243854,2,0,2
26243951,19,2,17
26244183,32,17,15
26244274,9,1,8
26245246,5,1,4
26245325,34,7,27
26245335,54,24,30
26245489,44,13,31
26245757,25,7,18
26246475,6,0,6
26247234,0,1,-1
26247603,1,0,1
26247989,110,24,86
26248123,3,1,2
26248288,15,8,7
26248836,4,1,3
26249196,0,1,-1
26249808,6,1,5
26250076,11,1,10
26250557,8,5,3
26251028,52,11,41
26251891,27,3,24
26252379,2,2,0
26253886,26,3,23
26254797,19,1,18
26254924,17,2,15
26257455,13,1,12
26257972,2,1,1
2625828,514,166,348
2626154,25,13,12
2626157,7,0,7
26263162,4,1,3
26263715,0,0,0
26264142,0,0,0
26264661,0,0,0
26265589,31,10,21
26266041,8,4,4
26267350,18,3,15
26267731,17,4,13
26267852,80,14,66
26268360,4,0,4
26269316,101,6,95
26269603,32,13,19
26270122,0,0,0
26270539,165,25,140
26270796,14,0,14
26271047,45,10,35
26272928,12,3,9
26273025,29,14,15
26273675,75,11,64
26274324,11,6,5
26274425,62,10,52
26274919,40,18,22
26275340,0,0,0
26276080,22,8,14
26276123,5,1,4
26276295,38,6,32
26276630,93,24,69
26277280,190,36,154
26277526,194,50,144
26283524,11,0,11
26284594,44,7,37
26285834,2,1,1
26286018,4,3,1
26286114,5,0,5
26287178,31,6,25
26287623,6,0,6
26287696,65,19,46
26287982,29,12,17
26288454,13,4,9
26289411,7,1,6
26289472,179,28,151
26289861,39,2,37
26289944,15,13,2
26290063,15,5,10
26292145,26,3,23
26292291,0,0,0
26293066,1,0,1
26293120,23,5,18
26293585,29,10,19
26295070,8,2,6
26295099,50,8,42
26295491,1,0,1
26295996,20,8,12
26296540,8,2,6
26296599,123,24,99
26297116,14,0,14
26298409,22,6,16
26298465,5,1,4
26298567,8,6,2
26298914,7,3,4
26300485,26,2,24
26301854,1,0,1
26302051,41,6,35
26302252,12,4,8
26302450,6,2,4
26302550,87,20,67
26302796,3,1,2
26303917,7,0,7
26304519,100,32,68
26304554,2,1,1
2630695,13,2,11
2630748,162,32,130
26309136,2,0,2
26309164,13,2,11
26309345,5,1,4
26309755,4,2,2
26310073,57,15,42
26310693,21,2,19
26311195,48,21,27
26312089,18,6,12
26312117,195,72,123
26312921,41,9,32
26312938,8,1,7
26313400,5,6,-1
2631426,51,23,28
26314419,0,0,0
26314609,78,23,55
26314700,13,2,11
26315196,69,21,48
26315307,8,1,7
26315334,34,4,30
26315351,33,25,8
26315703,1,1,0
26315890,99,11,88
26315918,19,2,17
26316092,125,17,108
26316118,16,5,11
26316731,13,9,4
26316886,1,0,1
26316909,1,1,0
26316930,5,6,-1
26316975,6,0,6
26317303,29,4,25
26317730,67,18,49
26317881,116,37,79
26318223,5,0,5
26318335,47,12,35
26318387,90,15,75
26319065,41,21,20
26319454,12,13,-1
26320404,5,0,5
26320686,19,6,13
26320752,56,14,42
26321007,35,6,29
26321398,110,32,78
26322160,2,0,2
26322263,34,15,19
26322296,45,2,43
26322593,23,14,9
26322877,4,0,4
26324358,50,16,34
26324762,56,13,43
26324998,0,1,-1
26325117,3,1,2
26325247,1,0,1
26325322,50,13,37
26325986,52,13,39
26327006,75,16,59
26327205,1,0,1
26327677,5,0,5
26328042,3,0,3
26328097,74,10,64
26328584,7,0,7
26329295,10,0,10
26331151,44,5,39
26331232,9,1,8
26331394,29,3,26
26331405,18,3,15
26332076,63,14,49
26332292,11,7,4
26332919,38,6,32
2633429,1,0,1
26336324,7,2,5
26336897,14,5,9
26337117,25,17,8
26340032,17,3,14
26340780,44,17,27
26341763,17,5,12
26342232,6,0,6
26342361,21,4,17
26343073,5,1,4
26343278,52,7,45
26343353,35,15,20
26343828,43,32,11
26344155,18,2,16
26344225,41,20,21
26345003,14,2,12
26345021,4,7,-3
26345429,13,0,13
26345790,12,3,9
26347137,100,36,64
26347276,49,24,25
26347390,2,0,2
26347576,14,2,12
26347591,3,0,3
26348069,39,2,37
26348938,6,2,4
26349131,31,3,28
26349742,10,2,8
26350089,11,0,11
2635019,286,109,177
26350450,86,33,53
26351214,14,1,13
26351457,70,10,60
26352321,160,23,137
26352707,12,5,7
26353607,46,15,31
26353803,3,0,3
26354132,65,24,41
26354657,15,6,9
26355926,47,15,32
26355952,8,1,7
26356457,19,1,18
26356541,3,1,2
26357188,58,23,35
26357544,0,0,0
26357786,145,34,111
26357847,0,0,0
26357947,7,8,-1
26357983,7,4,3
26358413,33,10,23
26359332,20,6,14
26359711,101,17,84
26360180,11,5,6
26360529,28,9,19
26360736,22,11,11
26361505,6,0,6
26362353,13,4,9
26362528,1,0,1
26363300,28,10,18
26363331,115,20,95
26363785,28,6,22
26363839,9,4,5
26363874,40,5,35
26364106,3,0,3
26364148,100,26,74
26364757,14,0,14
26365828,42,22,20
26366567,32,15,17
263672,461,135,326
26371885,0,0,0
26371909,68,21,47
26374542,6,4,2
26375772,71,14,57
26376846,36,6,30
26377157,84,29,55
26377763,19,8,11
26378443,90,17,73
26378543,7,1,6
26378563,19,3,16
26378703,2,0,2
26378992,14,4,10
26379105,2,1,1
26379323,54,11,43
26379734,30,11,19
26379987,14,2,12
26380467,54,17,37
26380507,42,4,38
26380651,27,10,17
26381207,8,2,6
26381460,64,16,48
26381992,13,3,10
263822,71,15,56
26382245,6,1,5
26383155,57,6,51
26383243,33,11,22
26383327,5,0,5
26383413,1,0,1
26383899,4,0,4
26383950,3,0,3
26384109,4,0,4
26384133,19,1,18
26385415,15,1,14
26385802,6,6,0
26385837,6,6,0
26386098,11,3,8
26386209,4,0,4
26386987,1,6,-5
26387070,49,15,34
26387378,37,12,25
26388219,4,0,4
26389178,134,33,101
26389255,26,6,20
26390981,9,0,9
26391729,3,2,1
26392525,296,81,215
26392634,337,40,297
26392637,23,10,13
26393498,15,4,11
26394313,32,12,20
26394522,1,0,1
26394880,28,11,17
26395053,31,9,22
26395581,0,0,0
26395794,65,17,48
26397934,9,3,6
26400351,105,8,97
26405372,16,6,10
26405540,48,27,21
26405570,22,2,20
26405683,116,28,88
26406409,23,7,16
26406432,14,4,10
26406576,106,35,71
26406793,0,2,-2
26407000,12,5,7
26407449,11,4,7
26407468,3,1,2
26407488,1,0,1
26407504,23,6,17
26407535,10,3,7
26407551,9,0,9
26407569,18,4,14
26407601,1,3,-2
26407624,10,2,8
26408042,33,10,23
26408049,1,0,1
26408073,2,1,1
26408112,91,13,78
26408151,267,39,228
26408379,12,6,6
26408449,44,13,31
26408511,2,1,1
26408664,5,2,3
26410201,12,8,4
26410934,41,17,24
26410954,7,8,-1
26411148,11,3,8
26411304,67,4,63
26411709,6,2,4
26411796,22,1,21
26411877,64,29,35
26411989,60,26,34
26414283,0,0,0
26414548,6,1,5
26415568,3,1,2
26415590,1,3,-2
26415741,7,1,6
26416098,8,3,5
26416406,98,18,80
26417194,117,18,99
26417460,322,49,273
26417530,3,0,3
26419190,1,6,-5
26420365,12,1,11
26421605,2,0,2
26421685,11,2,9
26422005,31,10,21
26422667,12,3,9
26423979,55,13,42
26424718,27,8,19
26425361,2,0,2
26425655,137,36,101
26429455,66,11,55
26432731,57,26,31
26433286,11,4,7
26433288,22,6,16
26433836,1,1,0
26434329,17,6,11
26435483,62,29,33
26435533,106,29,77
26435965,11,2,9
26436356,2,1,1
26436474,2,0,2
26436849,62,15,47
26437175,16,7,9
26437843,0,0,0
26437915,47,11,36
26437927,26,1,25
26438023,31,4,27
26438033,53,31,22
26438164,13,2,11
26438444,20,5,15
26438704,147,72,75
26439172,35,8,27
26439752,14,7,7
26440348,10,9,1
26441143,35,12,23
26443345,55,19,36
26443420,16,7,9
26443591,75,11,64
26443804,60,20,40
26444223,114,37,77
26444752,1,0,1
2644516,18,3,15
26445572,0,0,0
26445828,120,23,97
26445996,174,84,90
26446058,264,62,202
26446331,89,28,61
26446416,68,15,53
26447373,117,18,99
26447385,182,74,108
26447921,14,4,10
2644801,445,91,354
26448244,181,82,99
26448650,7,2,5
26448652,257,131,126
26448731,9,2,7
26449359,8,0,8
26449578,32,14,18
26451038,4,1,3
2645282,7,1,6
26456497,19,6,13
26458133,85,25,60
26458142,4,3,1
26458343,10,1,9
26458760,16,3,13
26459130,12,7,5
26459566,63,7,56
26459848,4,1,3
26460230,19,3,16
26460919,17,1,16
26461088,71,29,42
26461888,47,22,25
26462889,13,5,8
2646294,5,1,4
26463063,6,1,5
26463507,0,0,0
2646365,119,44,75
26463883,18,2,16
26464087,13,6,7
26465187,2,2,0
26465889,33,3,30
26466133,41,18,23
26466477,79,16,63
26467022,15,8,7
26467184,6,1,5
26467447,4,1,3
26468984,12,1,11
26469049,50,9,41
26469401,24,6,18
26469573,3,0,3
26469729,5,3,2
26469747,0,0,0
26470104,19,6,13
26470452,92,19,73
26470469,1,0,1
2647075,963,220,743
26471087,0,0,0
26471160,16,1,15
26471243,12,4,8
26471555,40,4,36
26471756,11,3,8
26471793,34,18,16
26471926,1,1,0
26472275,0,2,-2
26472436,6,2,4
26472560,56,8,48
26472597,4,1,3
26472689,22,6,16
26472725,3,0,3
26473103,18,9,9
26473940,1,2,-1
264776,52,33,19
264777,3,1,2
264778,31,17,14
264779,15,9,6
264780,26,3,23
264782,10,3,7
264783,19,1,18
264789,57,13,44
26479842,1,0,1
26479920,55,10,45
26480119,26,9,17
26480805,10,1,9
26480995,3,0,3
26481744,37,17,20
26482627,128,25,103
26482679,6,2,4
26482859,34,5,29
26483289,52,9,43
26484409,6,2,4
26484468,20,7,13
26484622,30,14,16
2648482,457,59,398
26485370,12,17,-5
26485710,5,1,4
26486341,3,0,3
26489270,102,34,68
26489352,33,7,26
26489666,19,3,16
26490365,5,3,2
26490535,10,2,8
26490563,17,7,10
26490621,0,0,0
26491088,44,8,36
26491166,46,17,29
26492207,11,5,6
26492746,0,0,0
26493363,9,0,9
26494474,19,2,17
26494481,17,5,12
26495016,8,0,8
26495188,8,0,8
26495877,3,0,3
26496890,77,25,52
26496894,29,10,19
26497603,41,3,38
26497651,8,2,6
26497983,8,4,4
26498263,43,23,20
26498264,34,3,31
26498608,31,1,30
2649920,115,19,96
26505177,23,5,18
26505224,6,1,5
26505327,17,3,14
26505400,19,2,17
26505485,35,1,34
2650552,227,55,172
26505809,22,6,16
26507905,0,0,0
26508075,18,3,15
2650836,24,12,12
26508361,188,22,166
26508368,37,15,22
26508810,3,2,1
26509080,38,11,27
26509801,5,0,5
26509995,7,2,5
26510000,14,5,9
26510862,2,2,0
26511101,77,20,57
26511325,178,26,152
26511395,25,10,15
26511576,10,0,10
26511981,6,3,3
26512036,255,54,201
26512921,32,4,28
26513481,8,2,6
26514063,134,23,111
26514230,13,6,7
26514323,22,8,14
26515089,213,32,181
26515160,19,2,17
26515217,43,21,22
26515419,25,3,22
26515473,6,4,2
26515928,4,1,3
26517665,39,14,25
26518407,16,6,10
26518523,53,11,42
26518663,112,49,63
26518704,6,1,5
26518784,6,3,3
26518925,66,48,18
26520063,11,2,9
26520658,6,0,6
26521065,90,54,36
26521184,12,0,12
26521392,89,17,72
26522413,193,29,164
26522431,14,2,12
26523011,9,4,5
26523074,1,1,0
26524063,0,0,0
26524112,5,0,5
265248,37,7,30
26525127,14,4,10
26526094,4,1,3
26527297,35,6,29
26527557,26,1,25
26527716,50,11,39
26527824,29,6,23
2652801,20,11,9
26528216,117,70,47
26528275,58,19,39
26528567,37,11,26
26528662,25,18,7
2652917,535,64,471
26529279,98,51,47
26529888,51,6,45
26530141,21,6,15
26530595,64,16,48
26530892,4,1,3
26531439,0,1,-1
26532103,79,11,68
26532946,53,21,32
26533161,52,13,39
26539831,4,0,4
26541638,36,8,28
26541868,33,4,29
26542042,68,29,39
26546745,7,5,2
26548615,80,16,64
26548717,26,7,19
26550641,1,0,1
26551065,6,2,4
26552313,44,23,21
26552609,4,0,4
26552721,3,1,2
26552945,38,16,22
26553776,1,0,1
26554698,13,6,7
26554877,127,17,110
2655515,123,61,62
26555307,12,2,10
26555695,6,3,3
26556060,84,23,61
2655695,771,142,629
26557862,30,6,24
26558467,88,43,45
26559668,55,15,40
26561654,43,14,29
26562402,85,25,60
26563205,57,26,31
26563420,34,10,24
26563457,83,20,63
26564115,66,14,52
26564615,3,1,2
2656465,982,200,782
26564690,18,0,18
26564837,9,2,7
26566031,2,0,2
26566083,41,18,23
26566406,156,27,129
26566540,5,0,5
26566950,27,12,15
26567028,8,2,6
26567181,5,0,5
26567193,2,0,2
26568108,47,9,38
2656826,457,98,359
2656834,900,153,747
2656915,30,8,22
26569477,72,34,38
26569666,12,3,9
26570672,0,0,0
26579524,12,8,4
26579615,51,18,33
26579928,44,15,29
26580315,6,3,3
26580971,7,1,6
26582680,16,2,14
26582720,0,0,0
26582968,81,32,49
26582996,6,0,6
26583210,122,15,107
26583791,7,8,-1
26583954,1,1,0
26584164,62,28,34
26584981,22,5,17
26585260,2,0,2
26585885,39,12,27
26586359,10,7,3
26586383,68,27,41
26587121,22,3,19
26587823,36,10,26
26587981,7,1,6
26588288,12,9,3
26588602,0,0,0
26589670,32,8,24
26590167,24,6,18
26590297,45,12,33
26590808,75,29,46
26591237,130,38,92
26591923,32,5,27
26591951,1,0,1
26592152,0,0,0
26592171,14,3,11
26592382,66,10,56
26592489,25,2,23
26592599,36,19,17
26592631,61,21,40
26592760,83,24,59
26593764,61,29,32
26595197,8,3,5
26595703,83,24,59
26596231,146,38,108
26596239,2,1,1
26596318,33,6,27
26597044,41,3,38
26597049,4,2,2
2659707,1494,293,1201
26597447,0,0,0
26597582,36,6,30
26598380,48,24,24
26598552,13,0,13
26598586,2,0,2
26598684,8,1,7
26599393,32,14,18
26599496,13,8,5
26599752,28,0,28
26600295,31,6,25
26600323,2,0,2
26600457,14,2,12
26600587,24,8,16
26600950,13,5,8
2660137,121,29,92
26601932,83,12,71
26602949,8,0,8
26608641,0,0,0
26611730,48,11,37
26612057,23,1,22
26612145,0,0,0
26612856,31,4,27
26612891,12,1,11
26613523,4,5,-1
26613544,13,3,10
26613596,34,1,33
26613840,11,6,5
26614034,65,15,50
26614322,56,11,45
26615041,44,15,29
26616905,11,2,9
26617307,5,0,5
26617634,26,7,19
26618636,27,6,21
26619080,8,0,8
26619137,20,3,17
26619168,1,1,0
26619222,4,2,2
26619528,14,2,12
26619722,3,0,3
26620023,85,33,52
26620112,3,1,2
26620288,35,17,18
26621147,5,0,5
26621530,29,3,26
26621762,40,12,28
26621784,0,0,0
26622257,12,18,-6
26623061,30,17,13
2662517,18,2,16
26625206,67,26,41
26625497,19,1,18
26626132,101,46,55
26627240,6,1,5
26628070,45,12,33
26628202,67,14,53
26629436,0,0,0
26629652,1,0,1
26629698,13,0,13
26630746,1,0,1
26631037,25,14,11
26631514,12,5,7
26631655,80,28,52
26632863,86,36,50
26633660,70,25,45
26634570,0,0,0
26634580,1,0,1
26634620,32,5,27
26634842,41,13,28
26635514,1,0,1
26635614,3,3,0
26636280,3,1,2
26636610,16,6,10
26637149,16,6,10
26637161,95,41,54
26637835,5,4,1
26638299,2,2,0
26640219,167,19,148
26642047,46,19,27
26643076,18,1,17
26643862,20,6,14
26644282,48,29,19
26645524,109,14,95
26646085,6,2,4
26646714,2,0,2
26646994,0,0,0
26646995,10,2,8
26647092,0,0,0
26647143,6,4,2
26647172,4,1,3
26647252,157,35,122
26647469,58,4,54
26648627,75,27,48
26649027,27,8,19
26649938,9,1,8
26650083,8,1,7
26650214,44,15,29
26650753,1,2,-1
26650864,5,0,5
26650888,34,11,23
26651157,1,0,1
26651320,0,0,0
26651975,21,14,7
26652256,15,3,12
2665295,318,48,270
26653041,49,20,29
26653135,45,16,29
26653300,18,4,14
26653767,65,23,42
26654684,18,2,16
26654767,96,48,48
26655009,3,1,2
26655380,61,5,56
26655430,54,14,40
26657723,3,2,1
26658384,16,4,12
26659359,2,0,2
26659376,12,3,9
26659819,6,0,6
26661780,13,3,10
26661790,5,1,4
26662618,40,14,26
26663902,11,3,8
26666218,114,12,102
26666238,1,0,1
26666760,23,4,19
26667218,6,0,6
26667293,139,44,95
26667878,19,2,17
26667983,1,1,0
26672398,12,2,10
26672966,30,7,23
26674488,21,6,15
26676569,16,3,13
26677417,14,2,12
26677524,0,1,-1
26677816,9,2,7
26678149,4,0,4
26678581,2,0,2
26679207,65,12,53
26682116,38,4,34
26683026,71,8,63
26683200,15,5,10
26683298,6,3,3
26684144,4,1,3
26684319,94,15,79
26684642,12,13,-1
26684996,15,4,11
26685373,106,26,80
26686253,176,42,134
26687268,9,0,9
26688446,68,25,43
26688820,1,0,1
26688875,22,5,17
26689021,6,2,4
26689767,10,5,5
266899,50,8,42
26690360,8,3,5
2669410,3,0,3
2669675,2,3,-1
26698132,117,22,95
26698526,49,11,38
26699495,36,25,11
26700461,50,28,22
26700909,92,19,73
26701198,126,23,103
26701261,2,1,1
26701441,14,4,10
26701731,19,4,15
26702218,24,6,18
26702481,8,2,6
26702776,2,0,2
26702972,34,7,27
26704001,203,32,171
26704866,189,37,152
26705207,116,16,100
26705940,5,0,5
26707079,29,11,18
26707595,6,0,6
26708052,37,7,30
26708625,0,0,0
26709683,25,8,17
26709791,7,1,6
26709904,5,0,5
26710134,15,4,11
26710352,45,6,39
26710420,15,4,11
26710623,22,9,13
26710904,79,16,63
26710912,12,4,8
26710964,7,0,7
26711277,17,2,15
26711894,12,4,8
26712792,2,0,2
26713503,59,8,51
26713702,0,0,0
26714164,5,2,3
26715917,38,4,34
26716622,30,10,20
26717206,172,28,144
26719908,139,28,111
26722904,1,1,0
26723016,14,6,8
26727126,49,13,36
26728262,41,12,29
26728999,64,10,54
26729133,62,22,40
26729459,17,7,10
26730113,32,13,19
26731433,6,2,4
26731684,14,4,10
26731716,0,0,0
26732177,48,22,26
26732852,7,4,3
26733491,13,3,10
26733498,13,9,4
26733919,26,8,18
26734272,60,36,24
26734964,43,9,34
26735060,28,5,23
26735213,57,22,35
26735628,39,15,24
26736129,16,7,9
2673638,13,4,9
26736501,13,2,11
26736671,22,8,14
26736973,34,15,19
26737517,111,16,95
26738961,10,2,8
26741011,0,0,0
26742084,7,2,5
26743250,19,5,14
26743763,120,34,86
26744117,4,2,2
26744157,115,25,90
26744613,89,19,70
26744970,12,8,4
26745082,7,7,0
2674534,566,164,402
26746757,13,6,7
26747137,77,16,61
26747324,21,2,19
26747326,14,2,12
26747963,15,4,11
26748336,71,16,55
26748547,0,0,0
26748564,0,0,0
26748596,11,4,7
26748654,22,16,6
26748659,85,20,65
26748719,3,0,3
26749634,4,0,4
26749754,57,38,19
26749819,0,0,0
26753899,15,27,-12
2675641,68,18,50
26756512,47,18,29
26756900,32,12,20
26757411,15,2,13
26759447,31,10,21
26759565,5,1,4
26759667,16,10,6
26759848,2,1,1
26760310,3,2,1
26760365,0,0,0
26760424,9,0,9
26760546,29,21,8
26760832,11,1,10
26762702,15,2,13
26762894,23,4,19
26763001,3,0,3
26763103,88,48,40
26763789,62,10,52
26764128,17,7,10
26764346,119,33,86
26764967,64,18,46
26765564,194,34,160
26765767,54,21,33
26765771,17,3,14
26765772,12,3,9
26766399,5,3,2
26766437,31,6,25
26766870,19,1,18
26766906,39,7,32
26767081,1,0,1
26767424,1,0,1
2676782,115,34,81
26768075,2,0,2
26768321,41,1,40
26771444,21,14,7
26771629,90,38,52
26771632,26,9,17
26771730,80,21,59
26772212,8,4,4
26772409,6,1,5
26772851,7,2,5
26773437,0,0,0
26773671,34,12,22
26773895,165,41,124
26775531,0,1,-1
26777601,76,11,65
26778086,15,1,14
26778211,17,1,16
26778676,49,10,39
26778719,30,12,18
26779124,11,5,6
26779822,69,16,53
26780250,75,23,52
2678168,38,0,38
26782158,5,1,4
26782394,5,4,1
26783914,56,16,40
26788347,9,4,5
26789740,197,82,115
26791692,23,6,17
26792163,2,0,2
26792267,34,9,25
26792758,54,20,34
26793165,63,21,42
26794934,26,2,24
26795183,2,2,0
26795579,83,11,72
26795624,12,2,10
26795815,1,2,-1
26795864,2,2,0
26796635,49,26,23
26798459,13,2,11
26798740,21,3,18
26798960,84,18,66
26799520,12,7,5
26800906,33,13,20
26801298,21,13,8
2680130,295,56,239
26803459,20,7,13
26803864,7,2,5
26804090,82,27,55
26804246,139,34,105
26804945,3,0,3
2680557,5,0,5
26806506,61,7,54
26807445,8,3,5
26810556,60,26,34
26811345,15,3,12
26811937,46,16,30
26812199,13,1,12
26812714,1,2,-1
2681281,111,23,88
26812986,78,16,62
2681394,47,8,39
26814072,43,5,38
2682093,137,36,101
26822575,38,13,25
26822714,15,5,10
2682272,205,64,141
2682376,158,67,91
26824192,1,0,1
2682495,10,2,8
2682536,597,137,460
26826161,12,5,7
26826351,35,16,19
26827252,1,0,1
26827384,0,1,-1
26827489,46,20,26
2682768,261,44,217
26827756,2,1,1
26828347,6,4,2
26828682,5,1,4
26829894,3,1,2
26829909,12,6,6
26830509,44,18,26
26830606,17,1,16
26830974,24,8,16
26831186,96,8,88
26832101,30,8,22
26832275,23,10,13
26832616,3,0,3
26833205,0,0,0
26833521,6,1,5
26834457,82,14,68
26834522,50,25,25
26834654,2,3,-1
26835126,33,9,24
26835471,78,24,54
26835608,32,9,23
26835704,12,1,11
26835898,15,2,13
26836210,62,31,31
26836262,3,1,2
26836778,58,10,48
26837759,7,1,6
26837885,280,36,244
26837925,6,1,5
26838206,12,7,5
26838512,31,9,22
26839187,46,16,30
26839472,8,7,1
268398,1095,200,895
26840615,4,0,4
26841933,25,2,23
26843041,11,2,9
26843051,34,2,32
26843216,28,8,20
26843515,8,8,0
26843641,31,5,26
26844681,89,17,72
26845790,3,1,2
2684798,178,73,105
26851651,0,0,0
26853776,34,1,33
26853826,3,7,-4
26855743,17,6,11
26855940,18,3,15
26855995,62,19,43
26856622,1,1,0
26856686,29,5,24
26856902,34,2,32
26857210,33,8,25
26857258,33,9,24
26857644,15,7,8
26858186,46,22,24
26858703,70,48,22
26859171,226,35,191
26859404,38,14,24
26860120,2,2,0
26860167,95,40,55
26861122,51,23,28
26862052,4,0,4
26863069,21,3,18
26863159,20,4,16
26863990,4,0,4
26864146,19,9,10
26864478,7,1,6
26866398,21,4,17
26867308,25,1,24
26867452,8,2,6
26868053,3,1,2
26869780,56,18,38
26870033,53,23,30
26870181,121,35,86
26871213,3,0,3
26872240,51,13,38
26872560,19,6,13
26872623,8,1,7
26872894,6,1,5
26873160,10,3,7
26873433,0,0,0
26874649,23,6,17
26874656,44,22,22
26879943,31,3,28
26881791,61,33,28
26883270,2,2,0
26883742,26,4,22
26884627,24,4,20
26884917,4,3,1
2688666,6,1,5
26887370,89,28,61
26887781,15,7,8
26889094,55,6,49
26890233,86,22,64
26890464,10,3,7
26890758,10,6,4
26891163,8,3,5
26891611,11,3,8
26891622,1,0,1
26891961,0,0,0
26892803,0,0,0
26892931,46,18,28
26893319,1,0,1
26893354,22,13,9
26893390,123,35,88
26893744,21,3,18
26893937,15,4,11
26894383,1,0,1
26894704,4,2,2
26894906,1,0,1
26895016,13,3,10
26895153,6,2,4
26895992,0,0,0
26896418,45,22,23
2689712,27,6,21
26897598,43,9,34
26898087,21,2,19
26898283,198,75,123
26898515,5,0,5
2689987,453,76,377
2690320,682,134,548
26903779,0,0,0
26904009,7,2,5
2690476,97,21,76
26904923,0,0,0
26906221,43,18,25
269065,145,25,120
2690828,455,99,356
26909881,15,6,9
26910573,1,1,0
26910648,12,0,12
26911602,98,10,88
26911854,1,0,1
26912755,144,23,121
26913474,11,7,4
26914151,59,29,30
269148,247,105,142
26915030,48,3,45
26915141,86,17,69
26915242,78,10,68
2691533,616,113,503
26916744,0,0,0
26917948,76,21,55
26918109,7,0,7
26918281,23,13,10
26918767,99,36,63
2692069,631,127,504
26920797,4,0,4
26920975,13,2,11
26921152,45,21,24
26921464,23,4,19
26921641,15,4,11
26921813,9,6,3
26921971,9,0,9
26922270,1,3,-2
26922350,68,10,58
26923377,42,6,36
2692419,3,1,2
2693280,30,9,21
26933069,11,4,7
26933321,78,31,47
26933641,17,3,14
26933941,13,14,-1
26934118,54,28,26
26934744,2,0,2
26935876,33,12,21
26936498,15,10,5
26936570,32,15,17
26936831,14,4,10
26937213,43,12,31
26937649,76,25,51
26938013,4,1,3
26938748,81,38,43
26938952,38,14,24
26938964,86,11,75
26939813,7,0,7
26939865,26,14,12
26939994,1,1,0
26940206,55,17,38
26940467,5,1,4
26940755,18,4,14
26940949,9,3,6
26941690,25,2,23
26942092,11,6,5
26942133,35,8,27
26942701,9,1,8
2694320,10,4,6
26944437,45,24,21
26945058,40,21,19
26945428,75,19,56
26946226,0,0,0
26946389,11,2,9
2694644,109,46,63
26946579,8,4,4
26947062,46,10,36
26947196,2,0,2
26947794,0,0,0
26948180,43,14,29
26948222,24,7,17
26948405,67,20,47
26948513,1,0,1
26948833,9,0,9
26949670,12,1,11
26949891,26,1,25
26950119,65,18,47
26950933,45,17,28
26951052,0,0,0
26952281,18,3,15
26952455,4,0,4
26952857,4,1,3
26953024,53,9,44
26953113,81,19,62
26953762,4,0,4
26953955,44,7,37
26954400,6,0,6
26954493,14,1,13
26954969,17,5,12
26955597,1,0,1
26956114,9,3,6
26956974,1,0,1
26959027,2,2,0
26962628,7,3,4
26962742,10,2,8
26963791,4,4,0
26964669,4,1,3
26965314,2,1,1
26966021,4,1,3
26967445,10,3,7
26967992,3,0,3
26968115,24,3,21
26968652,59,7,52
26969493,20,3,17
26969592,7,0,7
26970001,9,7,2
26971382,72,9,63
26971433,5,0,5
26971455,0,0,0
26972597,59,30,29
26972661,0,0,0
26973327,3,0,3
26973847,54,10,44
26974642,6,3,3
2697472,66,37,29
26975215,79,50,29
26976232,242,42,200
26976265,7,3,4
26976763,3,4,-1
26978936,1,1,0
26979005,8,3,5
26979241,26,3,23
26979257,2,2,0
26979575,2,1,1
26979908,3,2,1
26981189,3,1,2
26981998,1,0,1
26983461,76,6,70
26983960,2,2,0
26984985,6,2,4
26985470,18,3,15
26986201,78,14,64
26986900,56,7,49
26987199,18,1,17
26988153,69,17,52
2698825,523,129,394
26989161,84,32,52
26989485,1,1,0
26989632,51,8,43
26989771,104,25,79
26989880,0,0,0
26990580,1,1,0
26990641,43,9,34
26990831,5,2,3
26991952,2,0,2
26992189,64,10,54
26992384,83,26,57
26993140,29,8,21
2699742,1,1,0
27002564,30,3,27
27003032,11,2,9
27004426,19,2,17
2700620,12,1,11
27007356,23,10,13
27007383,73,16,57
27007996,109,43,66
27008121,4,1,3
27008518,9,4,5
27008723,7,3,4
27009013,5,1,4
27009061,32,8,24
27009534,24,5,19
27009873,10,4,6
27010306,9,3,6
27010714,28,6,22
27010941,9,1,8
27012003,1,0,1
27013299,11,1,10
27013397,21,18,3
27013896,4,1,3
27014247,78,16,62
27014274,22,2,20
27015225,17,2,15
27015807,18,4,14
27016134,158,43,115
27016435,9,1,8
27016761,35,5,30
27017208,4,0,4
27019083,2,1,1
27019331,7,5,2
27019345,3,0,3
27019348,1,0,1
27019420,35,5,30
27019544,18,5,13
27019585,9,1,8
27021288,42,19,23
27021369,7,5,2
27021525,21,5,16
27022088,4,4,0
27022233,18,4,14
27022743,46,9,37
27024308,4,0,4
27024852,5,2,3
27025429,37,2,35
27025498,4,0,4
27025816,151,26,125
27025903,14,10,4
27026005,98,21,77
27026020,31,18,13
27026764,89,33,56
27027240,66,29,37
27027855,174,29,145
27028011,182,47,135
27028145,163,41,122
27028199,7,2,5
27028238,189,49,140
27028528,0,0,0
27028784,2,0,2
2702881,21,3,18
27028910,0,0,0
27029110,77,6,71
27029268,20,1,19
27030289,15,2,13
27035574,1,2,-1
27037369,34,5,29
27038722,69,25,44
27039951,118,16,102
27040266,83,15,68
27040273,31,8,23
27040317,37,4,33
27040341,0,0,0
27041480,21,10,11
27041553,5,2,3
27041607,76,24,52
27042225,125,42,83
27042360,1,4,-3
27042796,6,4,2
27042855,1,1,0
27042898,24,8,16
27043994,1,0,1
27044173,0,0,0
27044273,46,18,28
27044289,12,7,5
27044342,60,31,29
27044347,53,14,39
27044531,5,0,5
27045066,9,2,7
27045076,44,11,33
27045157,15,8,7
27045337,57,19,38
27045929,2,0,2
2704745,218,30,188
27047958,9,1,8
27048423,13,5,8
27048502,92,18,74
2704912,5,3,2
27049885,18,1,17
27050023,3,3,0
27050085,105,35,70
27050549,151,24,127
27050617,0,0,0
27051430,11,2,9
27052028,24,13,11
27052808,3,0,3
27052818,71,21,50
27053150,52,15,37
27053694,10,3,7
27054001,10,1,9
27054613,24,9,15
27054712,29,3,26
270549,141,44,97
27056405,53,23,30
27056614,8,2,6
27056681,5,2,3
27056718,22,3,19
27056895,2,0,2
27057557,24,6,18
27058201,5,1,4
27058610,2,0,2
2705865,31,4,27
27058952,49,12,37
27058961,86,37,49
270600,128,22,106
27060864,38,10,28
27062355,79,16,63
27062466,3,0,3
27065924,61,22,39
2706674,35,22,13
27067141,7,0,7
27067525,3,1,2
27067829,18,6,12
27070203,73,12,61
27071415,263,46,217
27071592,7,3,4
27072766,69,51,18
27073942,14,5,9
27074028,2,0,2
27074781,33,6,27
27075012,37,5,32
27075280,24,5,19
27075758,58,10,48
27076401,6,1,5
27076635,11,2,9
27077304,19,6,13
27077563,8,2,6
2707775,17,4,13
27077841,55,14,41
27078981,30,17,13
27079262,7,3,4
27079651,14,4,10
27080138,20,6,14
27080211,0,0,0
27080306,94,14,80
27080468,8,1,7
27080705,12,5,7
27080946,26,10,16
27081185,17,0,17
27081509,0,0,0
27081524,36,7,29
27081715,3,0,3
27082319,166,61,105
27082480,18,9,9
27082491,3,0,3
27083191,20,5,15
27083273,19,7,12
27083534,152,24,128
27083847,0,0,0
27083869,32,4,28
27086031,20,1,19
27087059,250,56,194
27087343,31,4,27
27087563,46,11,35
2709352,295,91,204
27094853,41,14,27
27095124,49,4,45
27095151,17,4,13
27095286,4,1,3
27097472,50,14,36
27097492,168,22,146
27098111,30,16,14
27098571,56,13,43
27098682,4,0,4
27098949,62,21,41
27099980,44,5,39
27100098,0,0,0
27100640,34,5,29
2710102,43,13,30
27101392,126,31,95
27101942,39,5,34
27102208,139,22,117
27102479,1,0,1
27102571,0,0,0
27102631,8,3,5
27102758,1,0,1
27102996,10,2,8
27103023,3,1,2
27103307,18,3,15
27103656,3,1,2
27103671,20,2,18
27103702,2,0,2
27104044,2,0,2
27104197,3,1,2
27105642,5,3,2
27105897,12,2,10
27106635,2,0,2
27107300,54,33,21
27107894,14,4,10
27108447,134,42,92
27108756,116,29,87
27108836,141,37,104
27108901,188,50,138
27108906,108,14,94
27109492,3,0,3
27109603,125,40,85
27109697,89,11,78
27109759,119,36,83
27109793,66,21,45
27109896,5,2,3
27110391,48,12,36
27110735,145,29,116
27111322,23,10,13
271122,10,5,5
27117881,7,0,7
27118382,66,19,47
27118423,42,16,26
27118583,0,0,0
27119413,41,2,39
27120062,14,1,13
27120460,24,11,13
27120997,3,0,3
27122435,28,11,17
27123272,145,14,131
27123287,108,21,87
27123873,19,4,15
27124930,23,11,12
27126052,146,28,118
27126103,7,3,4
27126151,29,7,22
27126163,1,0,1
27127257,4,0,4
27128040,22,4,18
27128135,49,7,42
27128682,0,0,0
27128850,104,23,81
27131101,2,2,0
27131472,59,8,51
27131566,99,13,86
27131734,12,1,11
27131777,59,3,56
27132316,8,0,8
27133178,31,15,16
27133999,40,4,36
27134610,10,3,7
27134642,145,20,125
27134813,4,0,4
27135028,9,1,8
27135434,28,19,9
27135542,2,0,2
27135628,9,1,8
27135947,42,11,31
27136240,17,6,11
27137142,2,2,0
271373,326,144,182
271424,49,5,44
2714298,84,11,73
27143466,56,5,51
2714362,28,14,14
27144732,75,14,61
27146732,43,6,37
27147698,3,1,2
2714787,375,73,302
27147999,2,1,1
27149938,8,0,8
27150271,12,0,12
27150392,12,2,10
27150778,46,12,34
27150906,11,1,10
27151451,44,11,33
27151630,1,1,0
27152812,1,0,1
27152983,1,1,0
27153031,9,3,6
2715314,540,122,418
27153388,10,5,5
27154425,30,2,28
2715481,264,111,153
27155166,17,5,12
27155380,0,0,0
27155672,34,13,21
27156366,1,0,1
27156442,38,9,29
27156744,59,24,35
27157084,32,4,28
27157523,59,26,33
27158285,37,10,27
27158592,6,2,4
27159101,7,5,2
27159368,1,2,-1
27160864,33,9,24
27160866,1,0,1
27162789,17,5,12
27163294,13,6,7
27163693,38,7,31
27163753,44,27,17
27163925,0,0,0
27164181,0,0,0
27164284,18,5,13
27165396,6,0,6
27165397,4,1,3
27166098,12,1,11
27166227,2,0,2
2716634,219,61,158
27166448,23,6,17
27167645,13,3,10
27167673,15,2,13
27167868,1,0,1
27168002,5,0,5
27169298,20,5,15
27169967,2,1,1
27171242,128,20,108
27171483,161,43,118
27176181,4,2,2
27177209,3,0,3
27177221,15,7,8
27178350,0,0,0
27178833,30,8,22
27180324,82,34,48
27180473,5,1,4
27180507,18,0,18
27180651,49,10,39
27181332,11,0,11
271815,131,39,92
27181555,5,2,3
27181690,4,2,2
27181876,3,2,1
27182048,3,0,3
27182154,19,3,16
27182544,16,3,13
27183063,1,0,1
27183359,14,2,12
27183465,0,0,0
27183761,3,2,1
27184100,18,4,14
27184240,7,1,6
27184337,14,6,8
27184357,1,0,1
27184559,52,8,44
27184570,1,0,1
27184681,14,14,0
27185204,2,5,-3
27185818,4,4,0
27186193,4,3,1
27186248,66,18,48
27186414,46,6,40
27186515,10,2,8
27186748,2,1,1
27187254,11,5,6
27187891,46,14,32
27187895,35,4,31
27188492,1,0,1
27188495,96,25,71
27188862,6,1,5
27189326,4,1,3
27189487,13,1,12
27189549,112,32,80
27189795,2,0,2
27189867,16,3,13
27189943,54,10,44
27190334,34,19,15
27190359,4,0,4
27190743,0,1,-1
27190771,7,3,4
27191326,18,6,12
27191470,80,37,43
27191681,13,2,11
27192654,41,7,34
27192780,62,21,41
27192877,64,9,55
27194093,10,0,10
27194241,14,2,12
27194410,1,1,0
27194449,50,17,33
27194973,40,19,21
27196904,13,5,8
27196995,20,1,19
27198171,162,42,120
27198907,13,2,11
27199252,24,2,22
27199608,9,2,7
2719967,83,35,48
27199777,0,0,0
27200316,151,22,129
27200690,8,1,7
27201209,2,0,2
27201840,1,0,1
27202523,155,31,124
27205669,111,13,98
27207193,76,33,43
27207196,20,7,13
2720830,228,35,193
27209778,15,1,14
27211423,1,0,1
27211522,69,26,43
27211852,13,6,7
2721250,24,2,22
27213166,47,6,41
27214226,0,0,0
27214547,14,2,12
27215205,118,20,98
27216334,12,1,11
27216526,2,0,2
27216708,19,7,12
27217281,3,1,2
27218072,3,0,3
27218137,1,1,0
27218330,30,4,26
2721893,20,9,11
27220016,98,12,86
27220378,27,7,20
27220389,50,10,40
27221598,5,1,4
27221618,8,4,4
27221780,55,18,37
27222331,1,1,0
27222805,27,8,19
27223088,33,13,20
27223131,11,2,9
27223897,13,5,8
27224097,23,4,19
27224236,20,5,15
27224414,21,3,18
27225579,56,11,45
27226191,31,2,29
27226500,10,3,7
27227703,6,0,6
27227704,3,1,2
27228707,24,1,23
27229714,71,34,37
27230111,0,0,0
27230885,25,1,24
27230939,7,2,5
27231759,27,0,27
27232684,88,17,71
27232902,80,10,70
27233928,97,46,51
27240297,74,38,36
27240308,1,0,1
27241573,20,7,13
27241962,3,0,3
27242488,45,14,31
27242983,3,1,2
27243200,7,2,5
27243214,5,3,2
27243221,51,6,45
27243339,6,1,5
27244438,50,13,37
27244439,1,1,0
27245100,17,1,16
27245304,17,8,9
27245611,0,0,0
27245632,129,21,108
27245635,2,0,2
27245765,10,15,-5
27245845,0,0,0
27247374,6,2,4
27247681,15,2,13
27248174,5,2,3
27248290,12,2,10
27249242,121,27,94
27249437,80,21,59
27249540,31,12,19
27250350,18,7,11
27250579,8,3,5
27251765,18,4,14
27251939,23,5,18
27252265,2,0,2
27252422,10,0,10
27252424,83,30,53
27252474,56,13,43
27252509,20,10,10
27252599,2,0,2
27252736,6,3,3
27252868,20,6,14
27252933,59,12,47
272530,112,28,84
27253299,51,13,38
27253823,59,8,51
27254074,2,1,1
27254480,9,2,7
27256213,6,2,4
27257483,0,0,0
27259829,5,1,4
27259966,17,1,16
27260691,0,0,0
27261844,15,1,14
27268187,42,15,27
27268648,43,43,0
27269385,70,9,61
27269922,26,9,17
27269956,22,10,12
27270622,28,3,25
27271387,15,2,13
27271652,5,1,4
27272939,4,1,3
27273101,50,27,23
27273189,41,18,23
27273347,15,2,13
27273541,2,0,2
27273592,13,4,9
27273737,28,19,9
27274016,13,5,8
27274849,29,14,15
27274991,163,27,136
27275066,102,35,67
27275271,3,3,0
27275729,4,0,4
27275868,348,46,302
27276006,23,4,19
27276055,2,0,2
27276065,6,1,5
2727626,92,43,49
27276455,10,5,5
27276511,1,0,1
27276553,2,0,2
27276616,5,0,5
27276764,16,7,9
27276935,3,1,2
27277250,14,6,8
27277324,11,0,11
27277491,0,0,0
27277593,8,0,8
27277647,40,16,24
27277929,40,17,23
27278702,45,21,24
27278961,29,10,19
27279905,0,0,0
27280346,2,1,1
27280356,15,7,8
27280414,8,4,4
27281047,28,3,25
2728159,417,63,354
27281892,0,0,0
27283326,39,4,35
27283473,4,0,4
272835,359,131,228
2728436,124,43,81
27284541,54,10,44
27284945,5,3,2
27285637,121,13,108
27285975,12,7,5
27286191,54,5,49
2728633,42,29,13
27286426,10,0,10
27287005,3,1,2
27287218,1,0,1
27287520,43,7,36
27287808,80,7,73
2728860,39,14,25
27289234,15,1,14
27289454,41,10,31
27289526,15,2,13
2729040,20,5,15
27291148,8,1,7
27294306,3,4,-1
27296357,28,4,24
27297426,3,0,3
2729885,766,206,560
27299677,62,18,44
27299826,74,22,52
27299834,15,5,10
27301584,10,4,6
27301797,0,0,0
27302903,40,13,27
27303499,66,5,61
27303576,80,4,76
27304694,16,13,3
27304761,0,0,0
27304784,33,6,27
27305308,23,10,13
27305635,26,4,22
27306264,65,10,55
27306859,55,15,40
27307552,11,2,9
27309461,34,12,22
27309756,3,1,2
27310000,2,0,2
27310158,11,2,9
27311047,4,0,4
27311175,11,3,8
27311250,34,5,29
27311705,8,8,0
27312057,6,1,5
27313556,20,7,13
27318604,18,2,16
27319069,24,9,15
27320059,7,2,5
27320315,42,13,29
27321722,83,17,66
27322806,1,0,1
27324257,3,0,3
27324278,5,1,4
27324501,58,17,41
27325308,30,4,26
27326172,9,0,9
27326239,54,13,41
27326445,102,41,61
27326865,418,140,278
27326874,1,1,0
27327534,29,10,19
27327568,33,11,22
27327782,79,25,54
27327869,1,0,1
27328021,121,31,90
27328172,58,9,49
27328363,2,1,1
27328679,0,0,0
27328704,12,5,7
27328982,3,2,1
27329115,0,0,0
27329206,15,11,4
27329708,40,9,31
27329947,10,5,5
27330101,1,0,1
27330537,21,3,18
27330639,6,3,3
27330785,10,0,10
27330808,44,4,40
2733087,180,41,139
27331336,64,19,45
27331837,5,1,4
27332423,30,7,23
27332591,9,2,7
27332936,4,0,4
27333180,34,10,24
27333542,74,10,64
27333673,63,16,47
27333891,58,27,31
27334088,19,4,15
27334101,15,3,12
2733482,24,7,17
27334922,22,6,16
27335047,8,2,6
27335435,0,0,0
27335987,48,7,41
27336318,2,0,2
27338856,6,1,5
27343974,19,6,13
27344670,33,9,24
27346770,32,6,26
27347120,5,0,5
27347963,7,4,3
27348019,0,0,0
27348113,45,12,33
27348629,8,2,6
27348721,110,22,88
27349108,17,0,17
27349630,12,2,10
27349831,11,4,7
27350012,6,0,6
27351143,15,5,10
27351374,0,1,-1
27351776,36,11,25
27352259,53,28,25
27352403,12,4,8
27352491,0,2,-2
27352526,13,7,6
27352643,10,12,-2
27352795,14,1,13
27352934,34,4,30
2735296,243,58,185
27353483,42,24,18
27353637,24,13,11
27354393,22,6,16
27355060,21,10,11
2735614,12,1,11
27356226,0,0,0
27356428,14,2,12
27356545,61,10,51
27357126,3,0,3
27357435,104,20,84
27357904,0,0,0
27358493,19,21,-2
27358561,1,0,1
27358696,2,2,0
27359182,12,2,10
27359224,32,13,19
27359416,22,9,13
27359878,8,3,5
27360281,4,1,3
27360318,5,0,5
27360676,27,17,10
27360992,9,1,8
27361936,18,1,17
27362499,47,15,32
27362958,12,8,4
27363124,189,35,154
27363411,100,21,79
27364440,3,2,1
27365237,13,8,5
27365484,3,0,3
27366410,59,20,39
27366947,5,5,0
27367580,4,1,3
27368329,2,6,-4
27368715,41,22,19
27369136,2,0,2
27369755,9,2,7
27369999,21,3,18
27371193,24,12,12
27373064,0,0,0
27375740,18,4,14
27377406,0,0,0
27379056,7,4,3
27379468,8,2,6
27380251,22,8,14
27380504,6,1,5
27381099,75,48,27
27381255,187,32,155
27381502,6,2,4
27381613,15,11,4
27381734,2,0,2
2738174,105,34,71
27382575,30,11,19
27382842,63,24,39
27383038,3,1,2
27383079,29,6,23
27383136,11,2,9
27383736,0,0,0
27384040,40,10,30
27384101,43,26,17
27384222,12,1,11
27384298,11,0,11
27384643,11,6,5
27384935,15,2,13
27385063,12,3,9
27385604,6,0,6
27385763,47,16,31
27386084,1,2,-1
27386197,2,0,2
27386202,2,0,2
27386477,7,2,5
27386729,9,4,5
27386797,8,2,6
27386839,56,11,45
27386934,19,6,13
27386956,11,0,11
27386963,2,2,0
27387489,1,0,1
27387812,4,2,2
27388391,77,20,57
27388491,0,0,0
27388703,3,3,0
27388724,6,1,5
27389314,33,4,29
27389573,31,10,21
27389578,10,6,4
27389595,45,6,39
27389636,13,5,8
27389809,5,3,2
27390085,9,1,8
27390091,3,1,2
27390113,27,16,11
27390587,16,3,13
27390679,54,28,26
27390755,28,15,13
27390945,1,0,1
27392136,8,6,2
27392230,4,0,4
27392240,3,1,2
27392553,20,13,7
27392776,5,0,5
27392848,14,5,9
27393025,6,4,2
27393269,51,17,34
27393439,18,3,15
27393525,74,32,42
27393742,57,12,45
273941,52,11,41
27394638,14,3,11
27395055,16,2,14
27395140,84,30,54
27395212,11,4,7
27396033,14,14,0
27396160,21,5,16
27396284,19,4,15
27396562,27,4,23
27396683,31,7,24
27397431,133,16,117
27397602,26,8,18
27397626,9,2,7
27397706,10,1,9
27399268,5,0,5
27399499,7,0,7
27399625,2,0,2
27399848,23,9,14
27400427,86,11,75
27400543,3,0,3
27401182,20,5,15
27401504,63,21,42
27402601,15,6,9
27403240,19,10,9
27404421,38,22,16
27404719,17,6,11
27404981,40,19,21
27410427,37,14,23
27412015,19,4,15
27413266,29,2,27
27413295,109,16,93
27415234,33,6,27
27415464,14,4,10
27415565,2,0,2
27415709,7,1,6
27416174,1,0,1
27416364,42,15,27
27416437,21,5,16
27416631,12,0,12
27416674,3,9,-6
27416923,52,14,38
27416981,21,13,8
27418870,30,3,27
27419128,7,1,6
27419598,43,8,35
27420806,4,0,4
27421108,22,4,18
27421245,5,4,1
27421754,20,6,14
2742199,3,1,2
27422333,140,23,117
2742267,166,25,141
27423008,2,2,0
27423181,101,28,73
27423499,30,11,19
27424000,0,1,-1
27424360,3,0,3
27424689,6,1,5
27425412,3,1,2
27425568,33,6,27
27425810,9,0,9
27425883,90,14,76
27427984,33,11,22
27428244,5,0,5
27429803,12,9,3
27430839,187,31,156
27431419,82,26,56
27431659,2,0,2
27432295,28,3,25
27432662,7,2,5
27432687,76,26,50
27433235,93,22,71
27433894,52,16,36
27434166,27,9,18
27434288,51,8,43
27434315,117,41,76
27434394,1,0,1
27434636,52,19,33
27434691,45,19,26
27435155,30,7,23
27440073,125,17,108
27442505,4,0,4
27444538,41,8,33
27445265,7,2,5
27445319,0,0,0
27445456,16,8,8
27445773,72,23,49
2744609,57,10,47
2744696,17,7,10
27447482,57,21,36
27447984,40,15,25
27448081,2,0,2
27448496,18,7,11
27448574,20,12,8
27448996,36,17,19
27449648,134,31,103
27450526,68,11,57
27450681,0,1,-1
27451155,0,0,0
27451268,23,10,13
27451642,11,3,8
27451732,4,2,2
27451809,9,4,5
27452792,0,0,0
27453130,8,1,7
27454152,8,3,5
27454618,46,28,18
27454629,6,2,4
27454753,35,9,26
27454864,17,8,9
27455202,17,6,11
27455249,14,7,7
27455300,10,6,4
27455893,6,1,5
27455898,31,15,16
27456081,68,14,54
27456241,2,2,0
27456473,39,19,20
27456515,3,0,3
27456585,87,4,83
27456680,4,2,2
27456898,120,20,100
27457076,3,0,3
27457634,10,1,9
27457740,15,0,15
27458630,24,3,21
27458706,144,24,120
27459115,3,0,3
27459395,0,0,0
27459735,18,0,18
27459785,12,8,4
27459867,24,4,20
27459988,12,9,3
27460596,2,0,2
27460928,7,3,4
27461718,196,16,180
27461939,147,39,108
27463685,41,11,30
27463770,77,22,55
27464121,12,4,8
27465164,29,4,25
27465220,3,3,0
27465718,25,8,17
27465795,54,19,35
27465944,14,1,13
27466160,34,4,30
27470383,19,10,9
27471553,47,13,34
27473090,79,16,63
274740,96,43,53
27474033,38,9,29
27474377,5,2,3
27474720,1,0,1
2747532,58,33,25
27475410,74,17,57
27475482,7,3,4
27475849,4,2,2
27475935,25,6,19
27476238,17,2,15
27476736,25,2,23
27477072,20,6,14
27477157,174,49,125
27477279,25,5,20
27477929,4,2,2
27478182,43,11,32
27478260,86,31,55
27478359,41,28,13
27478420,4,0,4
27480356,0,0,0
27480527,8,6,2
27480969,24,9,15
27481162,28,10,18
27482502,7,0,7
27482964,78,26,52
27483127,30,15,15
27483468,5,0,5
27485821,64,8,56
27485885,5,1,4
27487269,0,0,0
27488936,24,5,19
27489064,45,7,38
27490560,9,0,9
27490634,1,0,1
27491047,7,7,0
27491386,29,4,25
27491487,65,15,50
27491491,29,12,17
274918,21,11,10
27491902,30,16,14
27492361,15,2,13
27493014,60,22,38
2749403,21,13,8
27495953,3,0,3
27497164,6,1,5
27497583,20,6,14
27497713,18,4,14
27497811,16,3,13
27498120,171,52,119
2749814,45,13,32
27498393,28,12,16
27498691,135,33,102
27498734,0,0,0
27498971,50,9,41
27499145,13,4,9
27499225,10,0,10
27499541,0,1,-1
27499713,8,7,1
27499889,3,0,3
27500310,0,0,0
27500553,9,10,-1
27501060,33,2,31
27501228,17,1,16
27501823,43,20,23
27501925,8,4,4
27501952,0,0,0
27502291,81,22,59
27502430,18,0,18
27502433,57,5,52
27502434,5,0,5
27502667,3,1,2
27502886,55,8,47
27503091,11,3,8
27503376,45,7,38
27503654,68,14,54
27503872,2,0,2
27504216,14,4,10
27504459,2,0,2
27504883,18,1,17
27505225,6,1,5
27505969,66,11,55
27506153,38,7,31
27506687,38,10,28
27506727,36,12,24
27506838,71,20,51
27507525,30,14,16
27507784,4,0,4
27508252,44,13,31
27508765,97,42,55
27509921,56,12,44
27512302,38,7,31
27512860,3,0,3
27513985,7,0,7
27513989,66,10,56
275140,144,64,80
27514227,26,13,13
27514972,20,10,10
27515286,7,1,6
27515361,41,6,35
27515479,5,0,5
27515585,34,6,28
27515652,15,8,7
27515809,12,3,9
27515837,6,0,6
27515941,163,21,142
27516111,2,1,1
27516252,44,18,26
27516421,0,0,0
27516447,7,3,4
27516621,71,9,62
27517322,2,2,0
27517568,0,0,0
27518473,17,6,11
27518517,35,23,12
27518587,29,10,19
27519909,11,5,6
27520069,73,16,57
27520272,7,1,6
27520374,147,31,116
27520969,6,2,4
27521338,5,0,5
27521386,3,1,2
27521703,44,5,39
27522199,122,41,81
27522209,9,0,9
27522249,3,6,-3
27523053,4,3,1
27523465,36,7,29
27523468,23,16,7
27523579,0,0,0
27523637,36,13,23
27523741,31,7,24
27523821,1,0,1
27523936,14,1,13
27523974,2,4,-2
27524058,51,9,42
27524233,124,21,103
27524565,0,0,0
27524585,84,18,66
27525069,174,49,125
27525101,2,0,2
27525425,122,43,79
27525667,63,16,47
27525820,115,20,95
27525838,58,25,33
27526093,12,8,4
27526519,84,35,49
27526782,90,34,56
27527406,32,15,17
27527439,46,20,26
27527578,24,10,14
27527765,329,50,279
27528100,135,47,88
27531349,12,9,3
27532336,2,1,1
27532368,90,26,64
27532506,19,14,5
27532753,24,3,21
27533616,51,31,20
27534828,12,11,1
27534930,15,7,8
27535764,38,8,30
27536016,10,2,8
27536056,52,12,40
27536127,29,7,22
27536145,76,15,61
27536527,109,25,84
27536801,12,6,6
2753699,109,41,68
27537015,2,0,2
27537534,15,5,10
27537808,84,19,65
27538032,39,11,28
27538063,11,3,8
27538942,5,1,4
27539174,3,0,3
27539536,19,3,16
27539818,76,30,46
27539910,35,30,5
27539944,58,16,42
27540704,30,2,28
27541442,33,1,32
27541930,7,4,3
27542538,29,7,22
27542668,23,3,20
27543098,6,1,5
27543234,110,6,104
27543591,12,1,11
27543609,12,2,10
27543666,2,0,2
27543961,6,2,4
2754405,334,59,275
27544108,12,2,10
27544187,70,31,39
27544448,34,11,23
2754514,22,4,18
27545307,19,4,15
27545759,24,8,16
27547004,31,12,19
27547604,10,1,9
27547890,10,2,8
27547988,77,14,63
27548117,35,5,30
27548497,30,8,22
27548549,77,10,67
27548628,5,0,5
27548941,0,0,0
27549045,27,5,22
27549591,16,4,12
27550048,5,5,0
2755176,33,16,17
27552688,73,30,43
27552879,0,0,0
27553880,19,7,12
27554625,2,1,1
27558897,14,2,12
27559913,39,5,34
27561160,7,0,7
27561345,57,13,44
27561494,84,33,51
27561580,35,15,20
27561661,17,4,13
27561745,22,11,11
27561753,73,25,48
27561986,7,9,-2
27562066,4,0,4
27562120,3,1,2
27562169,19,4,15
27562735,0,0,0
27563117,31,18,13
27563452,5,1,4
27563640,75,25,50
27563757,23,11,12
27564155,23,7,16
27564708,133,56,77
27564988,20,1,19
27565383,0,0,0
27565420,38,13,25
27566096,35,9,26
27566252,30,5,25
27566291,10,2,8
27566338,4,1,3
27566389,1,0,1
27567665,0,0,0
27568238,20,1,19
27568398,76,26,50
27568917,2,1,1
27569302,13,6,7
27569807,2,5,-3
27570193,112,18,94
27570212,47,17,30
27570311,0,0,0
27570346,0,1,-1
27570596,50,16,34
27570612,72,23,49
27570660,19,7,12
27571506,5,2,3
27571698,2,0,2
27571987,117,52,65
27572568,42,12,30
27573258,7,1,6
27573758,7,6,1
2757382,226,72,154
27574490,15,6,9
27574543,3,0,3
27574590,11,4,7
27574613,21,6,15
27575824,47,5,42
27576020,22,7,15
27576043,3,0,3
27576477,0,0,0
27576484,51,7,44
27576645,15,2,13
27577427,66,36,30
27577515,0,0,0
27577758,8,3,5
27579419,94,32,62
2757957,147,27,120
27579634,11,4,7
27579657,40,4,36
27580346,24,17,7
27580371,78,41,37
27580491,19,1,18
27580512,79,9,70
27584574,21,7,14
2758609,71,26,45
27586595,1,5,-4
27588408,18,4,14
27588506,7,1,6
27588544,27,6,21
27588799,68,9,59
27588950,1,0,1
27589311,54,29,25
27590365,19,8,11
27590558,24,0,24
27591003,51,12,39
27591059,25,16,9
27591143,7,2,5
27591213,20,2,18
27591418,10,2,8
27591716,0,0,0
27592097,0,0,0
27592513,84,31,53
27592863,58,21,37
27592869,21,8,13
27592870,34,11,23
27593387,52,15,37
27593654,54,17,37
27593688,12,1,11
27593967,0,1,-1
27594035,4,2,2
27594200,0,0,0
27594233,29,8,21
27594393,5,0,5
27594417,28,9,19
27594681,9,3,6
27594945,16,3,13
27595148,0,0,0
27595180,10,5,5
27595319,28,18,10
27595932,30,12,18
27596249,29,9,20
27596659,73,17,56
27596728,58,20,38
27596836,18,3,15
27596900,0,0,0
27597159,13,4,9
27597243,24,7,17
27597860,62,27,35
27598304,48,10,38
27598487,108,42,66
27598715,46,10,36
27598842,130,51,79
27598886,30,2,28
27598894,22,8,14
27599050,91,30,61
27599250,22,11,11
27599892,13,3,10
27600779,4,1,3
27600898,12,3,9
27601187,34,4,30
27601630,43,11,32
27603289,13,6,7
27603319,5,0,5
27604007,114,32,82
27604168,16,5,11
27605713,4,2,2
27605956,101,41,60
27605964,20,4,16
27606916,219,23,196
2760693,88,19,69
27607664,7,4,3
276082,76,16,60
27608585,6,2,4
27609102,3,0,3
27609141,21,4,17
27609160,16,3,13
27609175,0,2,-2
27614344,1,2,-1
2761637,11,1,10
27616977,19,4,15
27617472,42,10,32
27618609,39,20,19
2761866,766,119,647
27619568,22,14,8
27619721,52,7,45
27620111,23,9,14
27620263,43,11,32
27620289,18,2,16
27620655,18,8,10
27620743,2,1,1
27620906,78,47,31
27620955,4,1,3
27621019,6,1,5
27621131,3,1,2
27621188,27,11,16
27621409,20,1,19
27621780,55,16,39
27621786,1,0,1
27621838,52,12,40
27622102,46,13,33
27622104,10,0,10
27622321,5,0,5
27622476,4,0,4
27622819,12,4,8
27623130,29,10,19
27623344,0,0,0
27623729,69,17,52
27624163,3,2,1
27624287,28,4,24
27624295,57,29,28
27624296,85,27,58
27624434,27,13,14
27624531,6,0,6
27624913,43,20,23
27624968,52,21,31
27624983,1,1,0
2762514,282,92,190
27625342,23,3,20
27625868,69,24,45
27625926,1,1,0
27626286,12,1,11
27626552,28,16,12
27626781,25,7,18
27627254,2,0,2
27627349,4,0,4
27627686,3,0,3
27627845,51,22,29
27628761,142,30,112
27629029,37,10,27
27629092,96,21,75
27629698,4,1,3
27630357,2,0,2
27630377,26,8,18
27631121,2,1,1
27631184,3,0,3
27632455,115,17,98
27632693,2,3,-1
27632840,82,9,73
27632860,18,11,7
27633269,21,8,13
27633561,89,9,80
27633689,12,2,10
27634119,30,8,22
27635127,2,0,2
27635513,54,8,46
27635628,5,3,2
27635963,12,3,9
27636104,2,1,1
27636745,60,7,53
27643595,33,19,14
27643981,51,3,48
27644260,16,3,13
27646644,13,3,10
27646736,85,20,65
27647052,42,10,32
27647602,43,20,23
27647665,58,14,44
27648098,25,4,21
27648701,39,13,26
27649416,56,16,40
27649495,30,1,29
27650214,81,26,55
27650231,16,3,13
27650233,21,3,18
27650234,19,1,18
27650235,47,7,40
27650236,51,17,34
27650238,66,5,61
27650239,70,18,52
27650462,61,17,44
276510,169,71,98
27651110,10,0,10
27651259,22,19,3
27652192,12,4,8
27652831,66,12,54
27652903,50,19,31
27652960,21,9,12
27653455,8,4,4
27653836,16,6,10
27653886,35,11,24
2765443,23,7,16
27654678,4,1,3
2765477,257,90,167
27656882,0,0,0
27656885,1,3,-2
27657128,62,12,50
27657591,0,0,0
27657997,19,1,18
27658315,59,39,20
27658601,18,4,14
27659111,49,6,43
27661715,79,20,59
27661719,11,2,9
27664398,45,8,37
27665102,51,17,34
27665299,26,8,18
27667597,1,0,1
27669379,4,0,4
27669923,26,5,21
27670286,9,0,9
27670356,134,29,105
27670791,28,9,19
27671239,61,14,47
27672320,0,0,0
27672680,45,6,39
27673659,128,16,112
27674362,28,12,16
27674494,2,0,2
27676090,118,27,91
27676118,0,0,0
27676716,14,3,11
27676887,105,41,64
27677110,91,14,77
27677528,23,8,15
27677722,18,0,18
27678155,74,15,59
27678466,29,3,26
2767880,157,58,99
27678822,17,0,17
27679719,6,1,5
27679992,5,0,5
27680419,108,30,78
27681085,65,9,56
27685449,69,19,50
27685620,36,14,22
27685988,12,1,11
27686255,49,30,19
27686661,38,14,24
27688325,6,2,4
27688547,9,2,7
276888,17,10,7
27689723,30,9,21
27689831,50,14,36
27689858,8,1,7
27690718,4,5,-1
27690964,55,16,39
27691234,43,9,34
27691341,20,3,17
27691454,45,18,27
27691754,59,19,40
27692739,24,4,20
27693530,41,17,24
27693770,320,39,281
27693875,4,1,3
27693993,83,9,74
27694332,64,37,27
27694361,25,9,16
27694545,2,1,1
2769468,23,10,13
27695323,38,6,32
27695775,0,0,0
27695782,13,2,11
27695924,18,7,11
27696060,0,0,0
27696109,11,3,8
27696371,3,0,3
27696873,51,8,43
27697433,9,0,9
27697613,50,5,45
27697854,101,38,63
27698015,37,13,24
27698197,0,2,-2
27699063,87,10,77
27699919,19,1,18
27700773,14,3,11
27700988,184,31,153
27701575,226,32,194
27701959,42,26,16
27702238,0,0,0
27702573,0,0,0
27704207,9,3,6
27704429,18,9,9
27704798,25,12,13
27709686,30,13,17
27710041,13,9,4
27710700,38,11,27
27710832,3,0,3
27711272,9,6,3
27711654,29,16,13
27711937,29,3,26
27712862,9,4,5
27713305,21,4,17
27713702,27,6,21
27713878,68,34,34
27714040,17,7,10
27714220,49,15,34
27715120,37,13,24
27715413,81,14,67
27716508,61,14,47
27716724,3,1,2
27716939,68,17,51
27717092,60,24,36
27717372,22,6,16
27717711,28,7,21
27717783,48,12,36
27718090,12,1,11
27718202,108,34,74
27718382,65,17,48
27719002,56,13,43
27719043,42,25,17
27719455,69,54,15
27719506,15,1,14
27719843,11,1,10
27720234,60,19,41
27720270,10,1,9
27720403,46,18,28
27720678,30,10,20
27720966,6,3,3
27721585,3,2,1
27722036,11,6,5
27722520,49,11,38
2772356,1,0,1
27723642,35,6,29
27724041,35,13,22
27724533,45,11,34
27726847,18,12,6
27726949,2,0,2
27727086,73,20,53
27727110,89,32,57
27727257,44,13,31
27727302,19,9,10
27728018,23,7,16
27729836,18,10,8
27729861,1,0,1
27730107,12,6,6
27731122,6,2,4
2773139,201,32,169
27732756,0,1,-1
2773369,171,66,105
27734763,5,0,5
27734995,1,0,1
2773685,12,6,6
27739031,85,11,74
27739492,4,1,3
27740022,3,3,0
27740821,9,5,4
27740906,10,2,8
27740919,21,4,17
27740933,60,13,47
27741277,26,10,16
27741800,43,9,34
27742690,63,8,55
27742935,21,17,4
2774294,314,94,220
27743314,25,1,24
27743625,54,19,35
27743869,2,1,1
27743964,80,27,53
27744116,74,31,43
27744226,32,12,20
27744240,14,4,10
27744253,0,0,0
27744276,1,0,1
27744318,19,13,6
27744411,32,13,19
27744432,25,10,15
27745002,18,4,14
27745291,153,23,130
27745348,2,0,2
27746251,43,19,24
27746331,8,2,6
27746585,121,59,62
27746696,84,22,62
27746931,2,0,2
27747363,11,4,7
27747484,1,0,1
27747792,2,0,2
27747852,13,3,10
27747926,24,8,16
27748439,3,0,3
27748754,1,0,1
27749134,27,11,16
27749514,29,8,21
27749588,7,3,4
27750764,2,1,1
27750926,12,3,9
27751012,153,44,109
27751027,15,7,8
27752570,86,11,75
27752658,5,2,3
27753907,12,4,8
27754781,7,7,0
27754857,52,15,37
27754924,20,11,9
27755255,36,12,24
27756731,165,17,148
27757163,12,1,11
27757803,44,5,39
27757963,0,0,0
277580,12,4,8
27758237,3,0,3
2775878,312,171,141
27759812,70,10,60
27760724,8,3,5
27764181,146,22,124
27764298,24,11,13
2776485,367,27,340
27767007,10,2,8
27767323,0,0,0
2776756,3,1,2
27768626,4,2,2
27768668,1,0,1
27768781,10,6,4
27769255,18,7,11
27769628,16,1,15
27769829,145,21,124
27770318,41,19,22
27770528,32,1,31
27770547,27,6,21
27770710,5,1,4
27771197,16,3,13
27771250,6,3,3
27771352,6,1,5
27772086,2,0,2
27773219,4,2,2
27773909,34,12,22
27773963,47,11,36
27774075,63,13,50
27774119,26,4,22
27774200,9,9,0
27774545,76,15,61
27774942,1,0,1
27775202,4,1,3
27775229,1,0,1
27775363,3,0,3
27775557,2,0,2
27775602,88,15,73
27775948,3,1,2
27776013,0,0,0
27776053,34,8,26
27776734,43,13,30
2777733,74,32,42
27778194,25,8,17
27778586,6,4,2
27780069,1,1,0
27780171,162,20,142
27780595,22,3,19
27780646,39,2,37
27780986,1,0,1
27781578,10,3,7
27781845,16,3,13
27782337,9,2,7
27782723,65,26,39
27784067,8,5,3
27784135,26,8,18
27784821,72,15,57
27784872,13,3,10
27785011,36,6,30
27786276,138,62,76
27786741,94,27,67
27791434,25,11,14
27791617,4,5,-1
27791684,2,0,2
27792016,3,0,3
27792304,28,7,21
27792642,49,7,42
27794532,38,9,29
27794579,8,0,8
27794599,33,1,32
27794645,11,5,6
27795675,1,0,1
27796596,13,5,8
27796769,3,0,3
27797024,1,0,1
27797052,2,0,2
27797185,1,0,1
27797246,5,0,5
27797331,0,0,0
27797665,41,25,16
27797876,10,11,-1
27797983,20,4,16
27798628,36,17,19
27799182,0,0,0
27799243,31,10,21
27799360,17,5,12
27799599,8,3,5
27800008,13,1,12
27800169,4,0,4
27800193,5,3,2
27800271,20,16,4
27800365,9,3,6
27800829,34,16,18
27801228,60,22,38
2780157,27,7,20
27802329,8,1,7
27802383,39,2,37
27802667,20,6,14
27805161,21,4,17
2780524,484,96,388
27805836,16,2,14
27806093,10,6,4
27806262,3,1,2
27806939,68,22,46
27806989,7,2,5
27807018,11,4,7
27807550,46,15,31
27807685,29,6,23
27807971,69,14,55
27808610,93,16,77
27810109,83,27,56
27811095,15,3,12
27811351,32,9,23
27811771,4,0,4
27811783,5,0,5
27818141,6,2,4
27818469,26,10,16
27818592,7,0,7
27819625,89,9,80
27819627,43,12,31
27819782,4,2,2
27821500,17,4,13
27821824,36,14,22
2782293,61,28,33
27823316,31,10,21
27823334,30,8,22
27823472,9,2,7
27823710,9,1,8
27823749,6,0,6
27823782,22,4,18
27823983,46,13,33
27824155,23,4,19
27824829,7,6,1
27825155,13,4,9
27825455,92,32,60
27825526,10,3,7
27825562,44,8,36
27826405,57,16,41
27827260,21,3,18
27827674,92,21,71
27827696,35,5,30
27827837,3,0,3
27827855,26,16,10
27828506,65,16,49
27828670,112,27,85
27829714,19,16,3
27829991,5,5,0
27830319,20,6,14
27830553,47,14,33
27831042,16,0,16
27831431,24,5,19
27831494,12,5,7
27832532,21,7,14
27832874,14,3,11
27833221,12,1,11
27833267,9,2,7
27833425,21,10,11
27833442,28,14,14
27833488,350,47,303
27833800,10,6,4
27834773,20,4,16
27835051,58,27,31
27839774,6,1,5
27840674,7,5,2
27840709,32,16,16
2784115,100,20,80
27841778,49,15,34
27841962,44,11,33
27841994,1,2,-1
27842204,28,6,22
27842262,25,9,16
27842564,35,16,19
27843777,168,28,140
27843882,28,13,15
27845565,11,5,6
2784641,6,4,2
27846442,37,10,27
27847264,9,6,3
27848499,30,19,11
27848700,4,0,4
27848988,2,1,1
27849322,32,4,28
27850930,0,0,0
27851017,50,9,41
27851453,19,4,15
27851629,1,0,1
27852135,64,13,51
27852194,95,40,55
27852900,57,22,35
27853458,3,1,2
27853826,16,0,16
27854170,10,2,8
27855351,4,0,4
278559,28,6,22
27858187,15,5,10
27858665,8,2,6
27858806,39,5,34
27859338,148,45,103
27861083,0,0,0
27862575,16,6,10
27863096,43,16,27
27863349,253,69,184
27863458,22,7,15
27863468,63,16,47
27864111,86,7,79
27864531,65,9,56
27864675,181,58,123
27864694,33,7,26
27865947,62,18,44
27866109,37,14,23
27866266,6,0,6
27866278,4,0,4
27866743,18,7,11
27868002,6,1,5
27868188,12,2,10
2786820,108,14,94
27868765,89,22,67
27868852,59,15,44
27868923,3,2,1
27869144,11,2,9
27870759,2,2,0
27870931,1,1,0
27870994,49,26,23
27871577,18,4,14
27872336,151,32,119
27872360,6,0,6
27872396,0,0,0
27872586,4,0,4
27872832,4,0,4
27872918,12,2,10
27873812,31,11,20
27873858,31,20,11
27874305,12,1,11
27874765,56,11,45
27874771,79,8,71
27875493,20,3,17
27875687,17,6,11
27876095,24,9,15
27876571,2,0,2
27882185,15,24,-9
27882584,125,27,98
278837,202,34,168
27884516,10,1,9
27884850,20,4,16
27884879,16,4,12
27885245,11,2,9
27885370,7,1,6
27885494,11,1,10
27885920,17,4,13
27886755,20,3,17
27887247,63,20,43
27887317,49,17,32
27887580,11,2,9
27889512,13,1,12
27889807,190,23,167
27890026,21,9,12
27890100,44,16,28
27890591,30,7,23
27890900,0,0,0
27891167,21,4,17
27891721,144,28,116
27891824,35,4,31
27892583,6,1,5
27893289,22,4,18
27893304,18,14,4
27894137,4,0,4
27894245,30,1,29
27894668,8,5,3
27895130,18,5,13
27895184,23,5,18
27895523,8,1,7
27898114,69,20,49
27898681,70,30,40
27899076,86,38,48
27899274,99,30,69
27899490,86,18,68
27899598,13,18,-5
27900128,326,56,270
27900803,15,4,11
27901523,0,0,0
27904655,8,9,-1
27907586,42,12,30
27907768,9,3,6
2790788,117,29,88
27911123,17,7,10
27913203,160,21,139
27913688,23,5,18
27913936,4,2,2
27914007,247,44,203
27914571,0,1,-1
27914687,44,13,31
27914919,19,16,3
27915257,16,4,12
27915412,27,7,20
27915492,26,8,18
27915770,10,0,10
27915912,43,8,35
27916094,7,3,4
27916312,115,21,94
27916583,9,3,6
27916734,13,13,0
27916822,6,1,5
27917121,1,0,1
27917324,1,0,1
27918045,22,3,19
27918447,36,9,27
27918452,9,6,3
27918513,57,15,42
27918682,2,1,1
27919009,24,1,23
27919451,39,9,30
27920053,59,18,41
27920102,1,0,1
27920141,82,36,46
27920316,0,0,0
27920779,219,28,191
27921189,29,8,21
27922337,22,4,18
27922340,12,3,9
27923201,6,2,4
27923365,80,21,59
27923680,23,10,13
27924078,109,34,75
27924842,30,9,21
27925272,8,9,-1
27925450,9,2,7
2792557,263,73,190
27926422,22,2,20
27926877,15,4,11
27926913,26,6,20
27928081,2,0,2
27929177,5,0,5
27929242,20,8,12
27929666,0,3,-3
27930569,49,13,36
27930816,4,2,2
27931108,20,4,16
27931958,30,4,26
27933506,45,10,35
27938283,14,5,9
27938864,46,17,29
2793919,111,28,83
27941914,12,6,6
27942162,1,0,1
27943608,10,4,6
27944112,92,26,66
27944153,11,2,9
27944169,29,21,8
27945618,1,1,0
27948189,65,6,59
27948850,10,4,6
27950395,37,14,23
27950656,30,12,18
27950724,158,31,127
27951627,25,13,12
27953397,41,17,24
27953800,4,1,3
27953819,41,6,35
27954159,5,0,5
27954279,74,42,32
27954491,2,0,2
27954768,5,8,-3
27954771,0,0,0
27954800,2,0,2
27954802,3,1,2
27954804,5,5,0
27954816,2,0,2
27954818,8,10,-2
27954819,2,6,-4
27954824,1,0,1
27954829,1,0,1
27954835,4,4,0
27954836,5,1,4
27954905,95,35,60
27955108,1,1,0
27955110,3,0,3
27955119,5,1,4
27955122,1,0,1
27955129,1,0,1
27955133,0,0,0
27955138,3,4,-1
27955143,4,0,4
27955146,3,10,-7
27955147,3,0,3
27955151,2,1,1
27955155,1,1,0
27955166,2,0,2
27955172,6,4,2
27955173,0,2,-2
27955240,52,9,43
27955534,3,0,3
27955541,4,0,4
27955550,10,4,6
27956073,0,3,-3
27956944,1,1,0
27957717,39,11,28
27957772,29,3,26
27957823,34,10,24
2795795,8,3,5
27958004,10,3,7
27958370,3,1,2
27958425,12,1,11
27959435,18,3,15
27960462,6,0,6
27960566,29,4,25
27960852,16,4,12
27960986,51,17,34
27961659,39,7,32
27961894,52,6,46
27962447,27,11,16
2796554,23,3,20
2796795,85,9,76
27968200,15,4,11
27970015,6,3,3
27970211,2,0,2
27970892,32,15,17
27971301,43,15,28
27971485,21,2,19
27971622,35,14,21
27971753,9,3,6
27971768,0,0,0
27971814,3,0,3
27972049,6,3,3
27972234,0,0,0
27972754,10,6,4
2797277,23,5,18
27972782,12,0,12
27972787,40,11,29
2797363,582,145,437
27973895,22,5,17
27973931,7,1,6
27974015,28,10,18
27974350,29,10,19
27974760,23,5,18
27974818,54,16,38
27974832,8,4,4
27975230,61,15,46
27975356,66,15,51
27975539,42,13,29
27976111,48,35,13
27976157,26,10,16
27976456,27,3,24
27977429,6,4,2
27977736,25,8,17
27977804,31,8,23
27977894,5,2,3
27977932,18,4,14
27978189,26,17,9
27978492,27,6,21
27978584,37,8,29
27980192,21,9,12
27980460,2,0,2
27980680,8,1,7
27980712,29,18,11
27980752,1,0,1
27981541,192,23,169
27981977,56,8,48
27982101,108,40,68
27982654,29,28,1
27983461,6,6,0
27985009,81,20,61
27985492,29,7,22
27985598,51,9,42
27985668,72,12,60
27985960,43,7,36
27988093,15,7,8
27988690,11,4,7
2799453,84,18,66
27994877,4,0,4
27995626,22,4,18
27995879,68,26,42
27996485,31,9,22
27996786,3,0,3
27997395,47,22,25
27998221,49,21,28
27998531,23,4,19
27998558,6,1,5
27998628,35,14,21
27998629,14,12,2
27999542,24,11,13
28000088,8,3,5
28000159,25,12,13
28000176,49,13,36
28000292,35,10,25
28001063,9,2,7
28001092,20,8,12
28001215,10,1,9
2800129,126,33,93
28001528,89,18,71
28001661,0,0,0
28002069,89,22,67
28002490,116,21,95
28002633,18,2,16
28003122,31,13,18
28003239,0,0,0
28003788,3,0,3
28006636,86,13,73
28007006,16,2,14
28007013,13,10,3
28007910,0,0,0
28008154,12,7,5
28008193,56,17,39
28009383,19,4,15
28010220,81,17,64
28010435,107,21,86
28011589,61,16,45
28012612,21,4,17
28012695,61,9,52
28016377,23,5,18
28016926,13,2,11
28018146,50,5,45
28018165,40,19,21
28018580,51,13,38
28018740,161,23,138
28020005,32,7,25
28020522,49,10,39
28020663,0,0,0
28021913,7,0,7
28022914,49,5,44
280234,673,222,451
28023749,43,9,34
28024155,89,17,72
28025913,17,13,4
28027808,25,10,15
28027834,21,2,19
28028188,68,7,61
28028200,26,19,7
2802932,165,61,104
28029975,17,4,13
28030253,15,4,11
28031128,0,0,0
2803155,305,89,216
28031720,94,41,53
28032533,208,28,180
28038091,4,1,3
28038357,6,2,4
28038906,30,8,22
28039025,6,3,3
28039293,17,9,8
28039365,13,1,12
28040002,87,13,74
28040134,1,0,1
28040316,5,2,3
28040411,50,13,37
28041056,11,3,8
28041431,0,0,0
28042631,33,4,29
28043461,14,2,12
28044283,33,7,26
28044289,12,4,8
28044490,12,1,11
28044688,2,1,1
28046391,5,1,4
28046494,17,5,12
28047277,40,8,32
28048360,19,10,9
28048629,77,23,54
28048758,52,2,50
28049647,8,1,7
28049998,28,4,24
28051712,0,0,0
28052680,17,5,12
28052972,10,9,1
28053406,3,3,0
2805861,104,13,91
2805886,160,25,135
2805914,128,17,111
28061076,40,2,38
28062014,65,18,47
28062477,5,1,4
28063620,29,10,19
28064256,17,12,5
28064534,55,23,32
28064786,11,0,11
28065809,17,9,8
28065924,53,5,48
28066068,6,3,3
28066428,27,2,25
28066511,11,3,8
28066630,9,4,5
28066895,0,0,0
28067011,27,3,24
28067560,9,0,9
28068013,2,1,1
28068625,13,1,12
28068718,8,1,7
28068966,8,0,8
28069023,8,0,8
28069030,68,19,49
28069129,5,1,4
28069258,60,13,47
28069603,59,19,40
28069816,21,4,17
28069953,50,28,22
28070883,44,15,29
28071058,14,5,9
28071181,26,7,19
28071425,2,2,0
28072157,45,14,31
28072638,29,6,23
28072716,34,6,28
2807287,13,5,8
28072915,8,0,8
28073029,0,0,0
28073359,11,2,9
28073500,0,0,0
28074381,76,13,63
28075261,18,5,13
28075910,19,5,14
28075963,7,7,0
28076203,106,8,98
28076838,12,2,10
28076933,3,1,2
28076941,73,38,35
28077302,12,6,6
28077395,27,7,20
28077767,2,0,2
28078356,47,12,35
2807924,94,25,69
28080069,40,9,31
2808285,185,88,97
28085873,16,16,0
28086181,6,4,2
28086524,87,19,68
28086678,9,2,7
28086861,5,2,3
28087147,11,1,10
28087691,27,8,19
280894,84,7,77
28090512,24,3,21
28090626,14,8,6
28090639,36,4,32
28090894,73,29,44
28092284,201,54,147
28092394,35,8,27
28092929,7,3,4
28093033,42,11,31
28093113,62,25,37
28093810,12,1,11
28094685,64,19,45
28095537,9,2,7
28095718,1,0,1
28096725,12,3,9
28097268,129,29,100
28098132,18,7,11
28098820,253,34,219
28099162,75,25,50
28099612,6,3,3
28099858,0,0,0
28099926,186,25,161
28100005,43,9,34
28100116,58,19,39
28100220,75,37,38
28100378,2,0,2
28101219,11,6,5
28101304,24,7,17
28103418,23,10,13
28103600,6,5,1
28103742,18,3,15
28104447,57,18,39
28104820,56,16,40
28105053,74,10,64
28105097,189,44,145
28105194,45,20,25
28105298,88,18,70
28105321,4,2,2
28105956,4,1,3
28105985,22,6,16
2810611,5,0,5
28106482,9,12,-3
28106579,6,2,4
28107645,1,0,1
28113389,7,0,7
28113814,8,2,6
28115279,29,24,5
28115679,60,31,29
28115730,193,24,169
28115848,28,6,22
28116202,18,6,12
28116758,51,14,37
28117107,178,26,152
28117503,5,1,4
28117878,153,23,130
28118045,27,20,7
28118233,3,2,1
28118599,16,4,12
28118730,40,15,25
28118736,9,1,8
28118890,4,3,1
28119350,13,3,10
28119391,240,39,201
28119910,18,2,16
28120602,29,14,15
28121162,153,25,128
28122411,23,8,15
28124584,0,1,-1
28124715,13,10,3
28124883,52,18,34
28124909,13,5,8
28125825,1,0,1
28125956,20,8,12
28126451,0,0,0
28126665,6,4,2
28126773,19,0,19
28126853,1,1,0
28127267,12,8,4
28127819,9,1,8
28128048,11,1,10
28128269,12,8,4
28129209,19,1,18
28129567,63,34,29
28130253,4,4,0
28130865,9,6,3
28131326,19,6,13
28131480,38,6,32
28131680,90,25,65
28132135,8,2,6
28132937,6,0,6
28132951,1,0,1
28133024,0,0,0
28133471,11,4,7
2813352,93,29,64
28134406,3,0,3
28134536,45,9,36
28134537,9,3,6
2813834,5,1,4
28140625,5,0,5
2814200,1114,345,769
28143448,56,8,48
28144557,11,16,-5
28144634,12,1,11
28145025,4,2,2
28145627,5,3,2
28145921,6,0,6
28146088,41,27,14
28146248,64,6,58
28146543,5,0,5
28146674,91,17,74
28146777,0,0,0
28146904,27,4,23
28146950,3,0,3
28147028,28,10,18
28147402,3,0,3
28147501,8,1,7
28147926,41,19,22
28149306,1,0,1
28149551,6,3,3
28150055,126,16,110
28150670,30,11,19
28151042,15,1,14
28151685,12,4,8
28151725,22,8,14
28152210,43,23,20
28152307,35,13,22
28152946,20,6,14
28154107,53,17,36
28155468,38,20,18
28156012,26,2,24
281563,187,28,159
28156452,3,0,3
28156806,14,3,11
28157352,66,18,48
28158679,22,11,11
28159063,11,4,7
28161039,65,17,48
28163626,1,0,1
28169502,39,12,27
28169604,58,8,50
28170182,124,32,92
2817043,15,3,12
28171093,0,0,0
28171119,14,5,9
28171240,65,16,49
28171416,81,22,59
28172460,7,2,5
28172563,2,0,2
28172918,98,19,79
28173035,23,4,19
28173279,18,5,13
28173348,27,3,24
28173433,10,0,10
28174252,6,2,4
28174395,66,9,57
28174721,44,12,32
28174772,28,12,16
28175554,7,14,-7
28176053,44,27,17
28176310,3,0,3
28176316,14,8,6
28176516,48,17,31
28177270,9,4,5
28178156,47,13,34
28178336,81,24,57
28178661,83,11,72
28179024,4,0,4
28179137,3,0,3
28179909,86,15,71
28180600,2,0,2
28180915,20,13,7
28181904,15,0,15
28182344,28,13,15
28182546,59,9,50
28184196,30,2,28
28184307,6,0,6
28185047,19,0,19
28185101,59,37,22
28185503,16,7,9
28189180,16,2,14
28189479,3,0,3
28190090,31,11,20
28190602,2,0,2
28191187,14,12,2
28192279,39,20,19
28192742,43,12,31
28193354,0,0,0
28194114,87,12,75
28194438,2,2,0
28196726,6,3,3
28196789,4,1,3
28197178,33,12,21
28197608,6,2,4
28198191,19,5,14
28199150,7,3,4
28199578,33,3,30
28199704,6,2,4
28200135,35,11,24
28200324,93,35,58
28200771,3,0,3
28200962,14,4,10
28201163,63,23,40
28201438,29,17,12
28203746,66,21,45
28204282,2,2,0
28204395,9,2,7
28204436,27,9,18
28204515,20,7,13
28204826,0,0,0
28206131,256,44,212
28211107,22,0,22
28211112,50,14,36
28211285,42,10,32
28212116,5,1,4
28212508,19,6,13
28212730,12,2,10
28213428,9,2,7
28213571,53,21,32
28213578,26,2,24
28214157,78,22,56
28215192,31,3,28
28215441,11,6,5
28215498,43,29,14
28216231,5,0,5
28216430,49,21,28
28216744,1,0,1
28217654,47,17,30
28218618,97,21,76
28219000,63,22,41
28219082,51,10,41
282198,250,96,154
28220275,71,16,55
28221329,26,4,22
28221700,8,4,4
28221713,22,3,19
28222375,4,1,3
28222379,23,17,6
28222704,0,0,0
28223265,3,1,2
28223330,116,48,68
28223818,3,0,3
28224634,20,4,16
28225548,191,46,145
2822582,131,23,108
28226737,3,0,3
2822720,456,255,201
282329,36,11,25
28233338,2,4,-2
28235102,11,4,7
28235596,35,21,14
28235722,0,0,0
28237545,8,0,8
28237725,27,11,16
28238393,2,0,2
28238510,62,15,47
28238694,40,23,17
28238825,11,2,9
28238833,18,2,16
28238837,11,3,8
28239097,16,6,10
28239547,35,9,26
28239744,75,19,56
28239836,6,2,4
28240409,1,0,1
28240466,12,0,12
28240948,11,15,-4
28241359,6,1,5
28241857,19,11,8
28242590,2,0,2
28242763,64,30,34
28243604,19,6,13
28243695,17,6,11
28243719,34,11,23
28244229,15,2,13
28244474,8,0,8
28244540,47,8,39
28244563,21,1,20
28244600,31,13,18
28245012,3,1,2
28245349,106,14,92
28245390,1,0,1
28245552,12,0,12
28245840,47,12,35
28245856,59,6,53
28246570,44,27,17
28247273,4,1,3
28247512,8,3,5
28247634,5,0,5
28248036,2,0,2
28248379,12,2,10
28249192,5,3,2
28249476,29,9,20
28249755,13,0,13
28249885,48,18,30
28249929,7,1,6
28250047,104,10,94
28250635,3,0,3
28251131,10,2,8
28251212,180,54,126
28252019,11,1,10
28252025,12,5,7
28252200,80,9,71
28252320,79,4,75
28252778,15,8,7
28253043,127,25,102
28253105,36,12,24
28253138,48,18,30
28253215,17,1,16
28253817,15,12,3
28254196,9,0,9
28254251,0,2,-2
28254580,51,14,37
28254864,1,4,-3
28256500,4,0,4
28260696,17,7,10
28262461,18,3,15
28264346,4,1,3
28264607,3,2,1
28265387,4,3,1
28265455,20,5,15
28265648,7,2,5
2826567,74,16,58
28266715,3,2,1
28267250,77,9,68
28267354,2,1,1
28267832,38,4,34
28267901,4,0,4
28268165,100,47,53
28268183,7,2,5
28268286,44,19,25
28268456,139,34,105
28268470,21,7,14
28268491,13,8,5
28268598,1,1,0
28268831,4,1,3
28268916,5,0,5
28269019,10,2,8
28269169,2,0,2
28269500,3,0,3
28270187,39,10,29
28270524,20,4,16
28271120,62,8,54
28271502,62,22,40
28272217,45,9,36
28273138,10,5,5
28273261,29,8,21
28273407,0,0,0
28274989,0,0,0
28275473,47,21,26
28275647,2,2,0
28276091,13,3,10
2827729,126,30,96
28279025,31,10,21
28279166,8,1,7
28279185,106,12,94
28280885,40,13,27
28282318,9,6,3
28282348,6,0,6
28282972,68,14,54
28283624,14,1,13
28283966,5,3,2
28284318,77,29,48
28285025,24,7,17
28294388,7,1,6
28294592,9,1,8
28294630,31,8,23
28294706,14,5,9
28295504,21,8,13
28295656,21,7,14
28296774,81,39,42
28297000,2,1,1
28297498,76,39,37
28297512,4,2,2
28297585,9,3,6
28297615,96,13,83
28297925,30,3,27
28298072,24,5,19
28298626,109,22,87
28298804,9,1,8
28299027,0,0,0
28299028,65,14,51
28299048,23,4,19
28299326,85,22,63
28299507,31,4,27
28299515,85,24,61
28299858,27,14,13
28300060,74,30,44
28300499,2,0,2
28301605,11,2,9
28301618,134,23,111
28301700,82,15,67
28301718,25,4,21
28301744,0,0,0
28301950,106,23,83
28302174,0,0,0
28302856,30,15,15
28303157,5,0,5
28304425,3,0,3
28304744,15,7,8
28306229,7,1,6
28307429,2,1,1
28307657,32,4,28
28307822,3,0,3
28308023,32,5,27
28308582,0,0,0
28308585,4,1,3
28308863,4,0,4
28309400,52,12,40
28309680,6,1,5
28310684,89,29,60
28312680,2,1,1
28312733,161,41,120
28313479,35,16,19
28317107,80,37,43
28322269,2,0,2
28323593,1,2,-1
28324376,14,7,7
28324399,31,15,16
28324990,50,12,38
28325601,1,0,1
28326002,29,11,18
28326698,10,3,7
28328297,45,25,20
28329270,21,5,16
28330637,3,1,2
28331223,19,7,12
28331487,64,10,54
28331897,299,49,250
28332063,28,8,20
28332111,1,0,1
28332500,15,7,8
28332709,9,2,7
28333149,26,4,22
28333581,7,1,6
28334267,0,1,-1
28334880,9,4,5
28334920,43,17,26
28335681,35,11,24
28335900,156,61,95
28336022,19,12,7
28336088,6,0,6
28336270,58,10,48
28337574,14,4,10
28337718,47,18,29
28337924,30,7,23
28338112,7,5,2
28338470,71,14,57
28339076,75,25,50
28339144,95,37,58
28339465,17,3,14
28339917,70,24,46
28339918,29,15,14
28341342,27,1,26
28344424,45,16,29
28349336,32,4,28
28350158,68,13,55
28351201,22,13,9
28351221,10,2,8
28351636,19,9,10
28352103,14,6,8
28352131,41,9,32
28352138,8,3,5
28352636,40,18,22
28353029,90,30,60
28353210,50,9,41
28353561,28,18,10
28354882,13,4,9
28354969,11,1,10
28355750,72,24,48
28355813,4,0,4
28356768,24,0,24
28356801,2,1,1
283569,52,17,35
28356982,29,8,21
28357049,2,0,2
28357498,67,29,38
28358229,45,21,24
28358617,54,25,29
28358737,25,8,17
28358899,37,6,31
28358931,22,9,13
28359293,21,11,10
28359368,97,37,60
28359377,4,0,4
28359455,38,13,25
28359573,2,0,2
28361035,21,8,13
28362012,16,3,13
28362178,10,12,-2
28362495,17,2,15
2836252,24,8,16
28363593,22,15,7
28363938,60,15,45
28364709,0,0,0
28365084,20,9,11
28365553,64,20,44
2836575,232,35,197
2836632,33,4,29
28367064,22,4,18
2836979,71,22,49
28374022,6,0,6
28374889,9,5,4
28375134,22,3,19
28375692,73,19,54
28376631,21,3,18
28377065,7,1,6
2837746,80,18,62
28377608,0,0,0
28378248,8,3,5
28378905,6,0,6
28379102,5,1,4
28380398,72,13,59
28383154,5,1,4
28383595,23,3,20
28384748,15,5,10
28385034,23,16,7
28385298,53,19,34
28385428,18,4,14
28385455,92,26,66
28386544,40,15,25
28386854,13,3,10
28386872,3,2,1
28387242,0,0,0
28387521,145,39,106
28388181,69,17,52
28388496,21,1,20
28389087,106,26,80
28390070,127,47,80
2839143,665,448,217
28394544,11,2,9
28394803,4,0,4
28394922,27,4,23
28395118,119,21,98
28395632,69,24,45
28396610,3,1,2
28396713,26,2,24
28396869,47,8,39
28397131,74,36,38
28398136,10,2,8
28398641,0,0,0
2839894,253,114,139
28398991,99,25,74
28399328,18,7,11
28399744,10,5,5
28399931,44,12,32
28400149,19,3,16
28400935,24,3,21
28401819,22,21,1
28402185,17,2,15
28402516,8,2,6
28403384,5,3,2
28404242,3,1,2
28404502,7,4,3
28404806,12,2,10
28405547,2,0,2
28405595,112,24,88
28406431,64,9,55
28406500,12,1,11
28407732,36,10,26
28407765,54,13,41
28407872,80,22,58
28408092,56,24,32
28408099,10,2,8
28408965,61,15,46
28409385,13,5,8
28409903,16,0,16
28410072,32,11,21
2841245,490,100,390
28420210,31,11,20
28421040,16,6,10
28421205,42,13,29
28421802,45,13,32
28421872,66,10,56
28422944,13,2,11
28423736,16,2,14
28423751,16,4,12
28423961,1,0,1
28424335,4,0,4
28424517,3,0,3
28426185,41,9,32
28426245,11,5,6
28426692,81,23,58
28426705,108,19,89
28427664,1,0,1
28427786,31,14,17
28428049,5,2,3
2842848,100,28,72
28428503,48,19,29
28428512,42,12,30
28428744,20,5,15
28429021,18,8,10
28429044,23,8,15
28429667,32,19,13
28429677,0,0,0
28430342,43,9,34
28430438,4,1,3
28431069,45,12,33
28431506,55,33,22
28431721,18,2,16
28431930,24,6,18
28432146,28,8,20
28432380,107,38,69
28432575,25,13,12
28433846,6,2,4
28434247,36,12,24
28435062,19,6,13
28435140,11,5,6
28435148,39,14,25
28436053,13,1,12
28436217,8,3,5
28436335,26,4,22
28436438,15,8,7
28436894,4,2,2
28437464,19,8,11
28437488,2,1,1
28437575,78,31,47
28439140,2,0,2
28439488,24,3,21
284423,98,25,73
28442644,5,2,3
284437,25,6,19
28444083,4,1,3
2844505,43,13,30
28446894,2,0,2
28447340,46,2,44
28447670,35,12,23
28447833,13,1,12
28449207,34,10,24
28450140,4,0,4
28450709,66,27,39
28450901,39,9,30
28451163,2,0,2
28451176,37,24,13
28451273,4,2,2
28451333,5,1,4
28451404,26,2,24
28451637,8,1,7
28452158,169,53,116
28452399,40,4,36
2845252,250,66,184
2845260,447,93,354
28452853,31,10,21
284532,94,50,44
2845347,68,12,56
28453751,33,4,29
28453824,88,34,54
28454169,6,0,6
28455052,3,0,3
28455085,15,11,4
28455200,4,0,4
28455319,55,7,48
28455565,35,11,24
28455764,76,40,36
28455775,59,14,45
28455945,56,4,52
28457061,0,0,0
28457501,7,3,4
28457602,51,18,33
28457770,30,9,21
28459071,34,19,15
28459233,5,0,5
284603,2,2,0
28460764,8,1,7
28461450,10,5,5
28461756,20,2,18
28461950,22,2,20
28462655,16,2,14
28463182,0,0,0
28463350,1,0,1
28464076,66,13,53
28464786,46,19,27
28465518,48,10,38
28465985,49,6,43
28466535,71,16,55
28467390,10,0,10
28472781,9,3,6
28473299,81,47,34
28474097,30,5,25
28474357,8,2,6
28474935,11,4,7
28475519,9,4,5
28475773,65,17,48
28475959,53,31,22
28476121,1,0,1
28476332,6,3,3
28476468,36,12,24
28476570,18,11,7
28476687,24,12,12
28476738,19,8,11
28476861,35,16,19
28476886,10,2,8
28476945,39,9,30
28477107,11,6,5
28477877,89,23,66
28478430,8,3,5
28478579,2,0,2
28479545,15,6,9
28479932,18,4,14
28480679,5,2,3
28480703,31,16,15
28480757,1,0,1
28482342,23,4,19
28483071,28,14,14
28483594,6,0,6
28483848,28,9,19
28483952,12,4,8
28484026,38,10,28
28484074,19,5,14
28484078,4,1,3
28484234,13,4,9
28484244,34,6,28
28484757,12,1,11
28486098,6,4,2
28486174,126,39,87
28486495,1,2,-1
28487285,5,2,3
28487704,17,4,13
28487710,39,11,28
28487789,63,17,46
28487798,13,3,10
28488078,79,14,65
28488132,3,0,3
28488848,9,1,8
28488920,129,13,116
28488951,10,2,8
28489720,99,23,76
28490375,2,2,0
28490761,125,25,100
28491124,15,2,13
28491152,9,1,8
28491550,0,0,0
28491926,35,14,21
28492085,84,8,76
28492267,106,26,80
28492377,83,24,59
28492483,102,22,80
2849266,327,58,269
28493190,110,16,94
28493768,15,1,14
28494453,4,0,4
28502956,2,3,-1
28503164,49,23,26
28503460,72,38,34
28503948,19,5,14
28504039,57,10,47
28505084,66,16,50
28505426,60,6,54
28506240,12,4,8
28506604,13,4,9
2850742,15,6,9
28508767,47,21,26
28509165,21,12,9
28509410,29,8,21
28509413,22,6,16
28510517,61,7,54
28511913,49,13,36
28512227,13,4,9
28512963,22,16,6
28513020,27,9,18
28513383,3,0,3
28513406,9,0,9
28513699,2,1,1
28514009,4,0,4
28514048,21,11,10
2851421,14,1,13
28516046,32,7,25
28516778,102,30,72
28517169,46,13,33
28517203,4,1,3
28517238,0,0,0
28518542,185,64,121
28518602,13,2,11
28518796,55,24,31
2851908,20,11,9
28520101,3,0,3
28520144,54,14,40
28520999,3,0,3
28521194,15,4,11
2852239,479,117,362
28526672,87,25,62
28528642,4,1,3
28529231,10,8,2
28529567,5,0,5
2853001,144,39,105
28531069,64,14,50
28531220,13,8,5
28531786,7,4,3
28532240,19,6,13
28532482,1,0,1
28533164,18,6,12
28533927,62,15,47
28533973,5,0,5
28534478,73,28,45
28534917,29,14,15
2853511,415,93,322
28535410,9,2,7
28535711,6,0,6
2853593,26,5,21
28535940,37,12,25
28536402,6,6,0
28537099,55,22,33
28537102,30,7,23
28537142,26,15,11
28537546,2,1,1
28537569,29,0,29
28538050,10,3,7
28538307,47,16,31
28539603,8,0,8
28540003,3,0,3
28540182,92,10,82
28540299,2,0,2
28540685,38,11,27
28542505,10,1,9
28542963,5,3,2
28546191,0,0,0
2854777,20,1,19
28550720,4,1,3
28552050,5,0,5
28552274,17,11,6
28552277,0,0,0
28552558,35,18,17
28552875,118,34,84
28553152,0,0,0
28553380,9,3,6
28553842,6,1,5
28553896,72,28,44
28554222,39,8,31
28555536,27,8,19
28555880,8,0,8
28555894,1,0,1
28555983,2,0,2
28556950,42,9,33
28557970,20,6,14
28558631,0,0,0
28559662,60,22,38
28559793,39,5,34
28560011,23,0,23
28560156,43,7,36
2856020,124,46,78
28560860,28,1,27
28561395,5,2,3
28562031,18,4,14
28563023,12,1,11
28563205,17,4,13
2856518,82,12,70
2856792,30,14,16
28568187,31,16,15
2856896,42,7,35
28569670,41,8,33
28569804,3,0,3
28570050,0,1,-1
28570153,0,0,0
28570771,7,0,7
28570966,64,13,51
28572328,43,8,35
28572485,54,23,31
28572495,31,5,26
28573635,11,2,9
28574236,81,26,55
28574425,0,0,0
28574543,3,0,3
28575450,4,0,4
28575538,16,5,11
28575817,23,2,21
28575990,50,17,33
28576055,18,4,14
28576219,30,17,13
28577636,3,0,3
28578043,3,1,2
28578565,49,7,42
28578897,4,1,3
28578944,11,4,7
28579149,59,12,47
28579327,24,24,0
28579599,17,1,16
28579626,38,8,30
28579899,22,3,19
28580543,30,12,18
28580984,57,18,39
28581369,10,0,10
28581941,109,24,85
28582415,12,2,10
28582479,17,3,14
28582895,51,3,48
28583400,18,9,9
28583534,14,2,12
28590161,48,9,39
28592731,31,16,15
28594149,64,35,29
28594518,3,2,1
28595582,0,0,0
28595873,10,4,6
28596557,13,0,13
28596640,187,80,107
28596653,4,0,4
28596688,26,10,16
28596842,3,4,-1
28597323,10,3,7
28597401,8,2,6
28598344,8,0,8
28598585,32,8,24
28598697,2,0,2
28599019,21,8,13
28599087,137,34,103
28599101,35,12,23
28599602,81,27,54
28599788,25,11,14
28599858,65,13,52
28600063,39,7,32
28601225,12,8,4
28601248,3,2,1
28601292,0,0,0
28601507,53,9,44
28602876,36,21,15
28602920,32,8,24
28603346,4,0,4
28604071,3,0,3
28604084,157,27,130
28605496,9,1,8
28605889,106,51,55
28605942,54,8,46
28606271,115,23,92
28606581,7,2,5
28606903,3,2,1
28607165,16,6,10
28607565,13,8,5
28607629,3,1,2
28607661,9,4,5
28607689,164,53,111
28608405,5,3,2
28608569,99,20,79
28609043,106,30,76
28609238,91,21,70
28609359,2,2,0
28609476,75,6,69
28611422,100,41,59
2861670,58,14,44
28616752,24,4,20
28619559,0,0,0
2862006,8,1,7
28621156,9,2,7
28621869,34,10,24
28621953,47,19,28
28622267,8,4,4
28622455,4,2,2
28622779,3,1,2
28622780,108,23,85
28622792,111,71,40
28622982,37,6,31
28623052,0,0,0
28623256,41,11,30
28623525,80,16,64
28623577,2,2,0
28623599,56,14,42
28623748,36,11,25
28624420,21,3,18
28624485,4,1,3
28624490,6,1,5
28624681,3,0,3
28625172,126,26,100
28625366,76,10,66
28627028,41,18,23
28627767,18,4,14
28628318,151,16,135
28629964,8,4,4
28630326,35,15,20
28630355,22,20,2
28631945,12,2,10
28632075,128,44,84
28632708,34,9,25
28632824,6,2,4
28632980,10,3,7
28633747,49,15,34
28633874,2,0,2
28634210,1,2,-1
28634349,4,0,4
28635034,26,9,17
28635808,98,23,75
28636996,21,13,8
28637246,14,5,9
28637433,39,4,35
28637515,20,4,16
28637778,30,5,25
28637999,28,11,17
28638103,111,23,88
28638128,30,10,20
28638521,10,3,7
28649302,18,1,17
28649376,3,0,3
28650541,1,0,1
28650885,14,2,12
28651335,1,0,1
28651924,29,4,25
28651971,46,10,36
28652100,39,5,34
28652235,15,12,3
28652466,34,15,19
28652501,34,8,26
28652571,20,11,9
28652646,1,0,1
28652979,32,12,20
28653230,24,8,16
28654016,29,6,23
28654405,4,1,3
28654406,47,13,34
28654579,10,4,6
28654607,66,7,59
28654963,54,7,47
28655346,42,5,37
28655948,58,10,48
28655989,18,5,13
28656014,25,9,16
28656239,2,0,2
28656354,74,22,52
28656734,19,1,18
28657168,9,3,6
28657170,23,2,21
28657213,16,10,6
28657276,37,10,27
28657614,0,0,0
28658027,50,23,27
28658105,31,2,29
28658217,32,13,19
28658609,10,4,6
28658914,62,10,52
28659008,1,0,1
28659184,124,44,80
28659225,17,2,15
28660414,27,2,25
28660462,17,2,15
28660467,0,0,0
28660794,7,2,5
28660826,9,2,7
28660875,0,0,0
28662831,20,3,17
28663356,34,15,19
28664394,105,54,51
28664961,27,8,19
28665272,23,9,14
28665623,1,2,-1
28665865,62,7,55
2866677,2,2,0
28666876,20,6,14
28666904,59,15,44
28667243,75,24,51
286675,210,54,156
28668200,41,12,29
28668968,36,16,20
28670297,12,3,9
2867273,93,28,65
28675773,0,0,0
28676895,1,1,0
28677093,0,1,-1
28677173,94,19,75
28678076,0,1,-1
28678317,1,0,1
28679320,35,2,33
28679595,16,5,11
28679969,148,27,121
28680434,21,3,18
28680724,8,1,7
28680813,0,0,0
28681191,75,36,39
28681372,34,9,25
28681641,28,4,24
28681736,0,0,0
28681795,6,2,4
2868232,76,14,62
28682327,0,0,0
28682496,60,14,46
28682968,3,0,3
28683153,52,6,46
28683191,35,5,30
28683567,26,5,21
28683738,5,0,5
28684052,21,7,14
28684062,90,21,69
28684193,94,25,69
28684261,25,9,16
28684370,43,31,12
28687322,2,0,2
28687324,4,0,4
28687575,7,3,4
28687822,15,15,0
28688549,24,9,15
28688717,10,0,10
28688808,10,4,6
28689111,2,0,2
28689346,25,7,18
28689957,9,4,5
28690714,11,3,8
28691606,3,1,2
28691673,4,0,4
28691717,6,4,2
2869190,8,3,5
28692008,1,0,1
28692706,7,3,4
28693071,16,7,9
28694124,103,18,85
28695453,135,53,82
28695632,77,50,27
28697736,216,39,177
28698994,24,6,18
28702043,43,9,34
28703898,50,15,35
28703973,7,3,4
28704432,72,50,22
28705808,5,1,4
28706066,32,19,13
28706540,7,2,5
28706754,2,0,2
28706803,40,18,22
28707528,0,0,0
28707805,34,4,30
28707934,40,12,28
28708042,12,4,8
28708166,45,0,45
28708301,0,0,0
28708747,2,0,2
28708932,1,1,0
28709195,5,1,4
28709241,59,8,51
28710015,71,22,49
28710232,1,0,1
28710477,4,2,2
28710725,27,7,20
28711371,26,8,18
28711394,44,15,29
28711604,56,21,35
28711625,7,4,3
28712022,1,0,1
28712084,6,1,5
28712342,38,15,23
28712470,10,2,8
28712497,53,29,24
28712778,45,9,36
28712876,49,20,29
28713051,10,1,9
28713453,13,3,10
28713454,20,5,15
28713652,35,9,26
28713657,19,4,15
28713826,47,12,35
2871410,13,8,5
28714665,29,2,27
28714768,5,0,5
28715563,7,4,3
28716041,3,1,2
28716046,8,3,5
28716584,63,17,46
28717421,10,1,9
2871771,83,66,17
28717825,8,1,7
28717939,4,6,-2
28718387,67,16,51
28718436,2,1,1
28719885,7,1,6
28719992,3,0,3
28721435,96,20,76
28722262,28,7,21
28722562,5,1,4
28726142,14,6,8
28726211,35,8,27
28726700,31,9,22
28727171,32,14,18
28727534,39,4,35
28727711,60,6,54
28728425,12,3,9
28728465,4,0,4
28728675,4,1,3
28729433,0,0,0
28729465,12,3,9
28729601,12,2,10
28729947,24,10,14
28730051,23,2,21
28730195,14,2,12
28731726,28,13,15
28731858,0,1,-1
28731949,4,1,3
28733509,12,1,11
28734140,16,13,3
28735635,17,2,15
28735961,22,1,21
28736107,2,0,2
28736804,9,1,8
28737100,1,0,1
28737128,3,0,3
28737219,41,11,30
28737424,45,17,28
28738073,9,4,5
28739081,6,3,3
28739852,121,13,108
2874224,486,176,310
28745346,4,1,3
28745460,31,7,24
28745569,66,3,63
28745808,45,6,39
28746212,9,1,8
28746653,64,16,48
28746770,6,0,6
28747298,6,1,5
28748480,5,2,3
28748712,22,6,16
28748895,5,1,4
28749035,7,6,1
28750222,54,21,33
28750292,3,1,2
28750509,21,7,14
28750757,20,6,14
28751047,54,10,44
28752276,4,1,3
28752470,0,0,0
28753373,89,19,70
28753730,5,2,3
28753789,46,13,33
28754307,0,0,0
28754442,184,46,138
28754468,4,0,4
28755096,20,8,12
28755478,8,0,8
28755547,11,2,9
28756390,60,20,40
28756434,23,8,15
28756566,6,1,5
28756704,64,13,51
28756738,3,1,2
28757063,9,3,6
28757729,27,5,22
28757836,34,5,29
28758205,37,13,24
28758365,19,0,19
28758662,84,11,73
28759040,12,4,8
28759172,0,0,0
28759584,30,3,27
28759619,46,10,36
28759748,4,4,0
28760134,23,10,13
28760289,17,1,16
28765600,42,16,26
28766476,42,10,32
28766634,0,0,0
28766818,7,0,7
28768117,29,10,19
28768145,18,2,16
28768406,2,1,1
28768456,11,2,9
28768745,41,24,17
28769105,4,6,-2
28769164,2,3,-1
28769412,18,3,15
28769455,0,0,0
28769829,0,0,0
28770044,83,32,51
28771422,21,3,18
28771693,30,27,3
28771783,55,12,43
28772259,47,27,20
28772532,34,15,19
28772624,11,5,6
28773153,48,18,30
28773177,80,34,46
28773203,0,1,-1
28773267,26,2,24
28773407,15,6,9
28773936,59,12,47
28773995,9,3,6
28774100,20,7,13
28774152,22,6,16
28774211,0,1,-1
28774560,3,1,2
28774644,68,25,43
28774895,27,5,22
28776001,111,52,59
28776844,11,2,9
28776859,11,5,6
28777192,136,41,95
28777377,23,5,18
28777844,36,18,18
28778246,62,41,21
28778390,12,6,6
28779110,72,29,43
28779349,133,15,118
28779535,54,12,42
28779660,0,0,0
28779950,50,24,26
28780042,56,21,35
28780061,74,13,61
28780155,0,0,0
28780599,70,18,52
28780646,12,3,9
28780659,13,11,2
28780990,9,3,6
28783043,2,1,1
28783449,19,12,7
28783521,7,0,7
28783672,47,9,38
28784601,4,5,-1
28784811,7,2,5
2878520,24,0,24
28791938,81,12,69
28793505,0,0,0
28795356,56,7,49
28795821,49,16,33
28795987,171,27,144
28796241,6,3,3
28796331,94,19,75
28796665,34,7,27
28796666,16,2,14
28796798,12,5,7
28797043,69,5,64
28797230,99,24,75
28797294,70,11,59
28797977,7,3,4
28798023,17,2,15
28798472,15,5,10
28799013,28,2,26
28799592,10,2,8
28799827,50,7,43
28800699,52,29,23
28800962,5,1,4
28801208,4,0,4
28801356,24,8,16
28801689,28,17,11
28801771,46,13,33
28801809,49,18,31
28801975,14,3,11
28802566,14,1,13
2880265,158,19,139
28803013,148,39,109
28804401,0,0,0
28804524,55,19,36
28804586,105,34,71
2880469,133,65,68
28804898,54,19,35
28805267,63,26,37
28805389,73,34,39
28805805,23,19,4
28806397,3,2,1
28806480,32,5,27
28807329,20,2,18
28807637,44,13,31
28808189,43,5,38
28808824,13,6,7
28808938,10,6,4
28809152,161,50,111
28809798,21,5,16
28809849,7,1,6
28810023,6,0,6
28810226,89,39,50
28811234,0,0,0
28811332,29,15,14
28812358,31,4,27
28819307,11,17,-6
28819336,32,6,26
28820591,2,3,-1
28822736,40,22,18
28823128,6,2,4
28823378,31,9,22
28823720,2,1,1
28823911,13,2,11
28824448,4,1,3
28824593,76,15,61
28824671,4,0,4
28824944,43,7,36
28825107,0,0,0
28825410,32,8,24
28825564,24,2,22
28825689,48,25,23
28826036,0,0,0
28826041,32,6,26
28826137,1,0,1
28826306,52,17,35
28826327,0,0,0
28827460,68,24,44
28827756,39,4,35
28827757,11,3,8
28828200,9,1,8
28828647,32,6,26
28828822,65,7,58
28828887,24,5,19
28829142,3,1,2
28829438,3,2,1
28830294,98,27,71
28830602,70,23,47
28830949,14,4,10
28831093,85,33,52
28831277,12,3,9
28831565,98,32,66
28831685,10,2,8
28831722,32,18,14
28831734,137,19,118
28831767,44,32,12
28832017,1,1,0
28832097,6,1,5
28832472,53,25,28
28832994,68,23,45
28833016,17,9,8
28833568,6,2,4
28833633,3,0,3
28833636,0,0,0
28833676,5,1,4
28833701,3,2,1
28834204,23,2,21
28834657,13,4,9
28834946,5,2,3
28835377,87,8,79
28835416,73,26,47
28836016,24,3,21
28836454,37,4,33
28837232,12,6,6
28837390,17,3,14
28838260,14,2,12
28838343,4,1,3
28838351,17,3,14
28838432,25,5,20
28838703,62,24,38
2883954,11,8,3
28840886,57,16,41
288410,70,22,48
28841485,18,2,16
28842467,44,13,31
28848707,0,0,0
28849998,29,4,25
28850501,200,40,160
2885063,263,107,156
28851424,9,3,6
28851790,21,5,16
28852028,28,13,15
28852304,5,0,5
28852911,0,0,0
28852954,9,4,5
28853201,10,0,10
28853233,5,1,4
28853885,2,1,1
28854219,2,0,2
28854350,27,5,22
28854581,2,0,2
28855387,6,2,4
28856050,12,4,8
2885623,91,46,45
28856278,8,6,2
28856344,154,23,131
28856539,25,4,21
28856614,1,0,1
28856823,3,2,1
28857001,91,27,64
28857428,6,2,4
28858418,51,26,25
28859328,45,15,30
28859556,5,0,5
28859602,61,14,47
28859661,0,0,0
28859719,95,27,68
28860268,6,2,4
28860301,61,12,49
28860429,18,9,9
28860547,71,22,49
28860680,0,0,0
28860926,17,7,10
28862207,82,13,69
28862560,128,22,106
28864602,63,12,51
28865033,0,1,-1
28865250,6,2,4
28865641,2,0,2
28866250,61,19,42
28866542,81,19,62
2886726,141,53,88
28867992,11,0,11
28870317,44,15,29
28870681,1,0,1
28876058,36,14,22
28877881,53,21,32
28878801,6,0,6
28879174,21,4,17
28879223,23,10,13
28879367,20,5,15
28879649,43,12,31
28879703,0,0,0
28880037,19,1,18
28880649,5,1,4
28881427,17,10,7
28881462,46,8,38
28881986,59,13,46
28882598,0,0,0
28882772,26,6,20
28883834,0,0,0
28883954,80,6,74
28884075,6,2,4
28884498,16,2,14
28884908,7,1,6
28885334,27,6,21
28885531,48,6,42
288857,52,17,35
28886164,21,1,20
28886296,76,12,64
28886407,15,3,12
28887058,11,16,-5
28887444,30,10,20
28887674,110,29,81
28888764,34,20,14
28888984,2,0,2
28889501,12,3,9
28889667,17,8,9
28890657,0,0,0
28890922,43,12,31
28890934,0,0,0
28891064,3,0,3
28891069,13,2,11
28891089,31,9,22
2889261,202,55,147
28892611,5,0,5
28894480,26,14,12
28894897,60,25,35
28901031,1,0,1
28901218,37,10,27
28902673,26,10,16
28903869,6,2,4
28904489,0,0,0
28904724,23,2,21
28907405,5,0,5
28907852,84,22,62
2890867,13,2,11
28908718,29,9,20
28909255,9,1,8
28909659,44,11,33
28910399,12,3,9
28910824,35,9,26
28911049,16,4,12
28911212,195,43,152
28912263,55,10,45
28912380,21,4,17
28914371,2,1,1
28914497,0,0,0
28915056,10,2,8
28921374,12,3,9
28921963,6,0,6
28922392,0,0,0
28922479,4,5,-1
28922576,19,0,19
28923112,15,6,9
28923632,15,2,13
28924162,7,5,2
28925834,4,4,0
2892678,76,32,44
28927346,20,10,10
28927565,3,1,2
28928015,5,2,3
28928600,102,17,85
28928800,5,3,2
28928803,40,3,37
28929371,46,11,35
28929503,0,0,0
28929754,1,0,1
28930513,3,0,3
28930570,25,8,17
28930951,86,32,54
28931143,39,3,36
28931616,32,15,17
28932280,20,10,10
28932566,55,4,51
28932577,0,0,0
28932768,13,1,12
28934316,9,2,7
28934659,30,7,23
28934857,27,6,21
28935214,21,9,12
28935356,9,1,8
28935392,5,0,5
2893640,138,15,123
28936582,3,0,3
28937013,7,1,6
28938794,5,3,2
289422,141,25,116
28943780,4,0,4
2894624,24,5,19
28947002,39,5,34
28947029,9,3,6
28947230,5,2,3
28947466,2,2,0
28947855,7,1,6
28948543,0,0,0
28948817,72,23,49
28949571,30,7,23
28949805,5,2,3
28950056,2,1,1
28950391,0,0,0
28950503,29,17,12
28950674,27,12,15
28950813,18,6,12
28951014,20,9,11
28951067,59,26,33
28951127,23,5,18
28951827,34,5,29
28952195,16,1,15
28952725,1,0,1
28952791,34,14,20
28952832,11,0,11
28953031,4,2,2
28953057,162,55,107
28953615,10,5,5
28954049,55,8,47
28954355,6,3,3
28954486,25,7,18
28954929,7,5,2
2895528,30,9,21
28955667,29,16,13
28956322,2,1,1
28956448,0,0,0
28956783,180,32,148
28957118,22,7,15
28958099,9,3,6
2895862,493,158,335
28958629,11,4,7
28958677,2,2,0
28958696,11,7,4
28959206,25,1,24
28959906,7,3,4
28960173,12,7,5
28960685,2,1,1
28961364,2,0,2
28961720,104,43,61
28961882,0,0,0
28965889,5,0,5
28969465,10,1,9
28969697,0,0,0
28970884,94,40,54
28970902,31,11,20
28972080,19,10,9
28972094,6,1,5
28972269,29,11,18
28972971,5,0,5
28973123,13,6,7
28973427,30,35,-5
28973458,17,12,5
28973619,11,5,6
2897363,84,13,71
28973796,23,7,16
28974429,2,2,0
28974712,11,3,8
28974919,56,14,42
28974927,18,5,13
28975030,2,1,1
28975683,4,1,3
28975928,15,7,8
28976112,26,22,4
28976348,7,2,5
28976360,17,2,15
28976410,35,5,30
28976675,37,10,27
28976820,0,0,0
28977740,2,0,2
28977958,34,25,9
28978602,8,2,6
28979205,0,0,0
28979596,15,3,12
289802,113,26,87
28980686,79,30,49
28980690,99,36,63
28981922,24,5,19
28981945,6,1,5
28982034,55,13,42
28982871,103,11,92
28983277,47,12,35
28983792,17,1,16
28984632,16,6,10
28985031,51,9,42
28985887,25,6,19
28985947,46,15,31
28986684,47,21,26
28987168,4,1,3
28987619,50,17,33
28991929,18,2,16
28991947,20,4,16
2899201,45,26,19
28994642,9,0,9
28994652,4,1,3
28995645,0,0,0
28995750,140,22,118
28995877,2,1,1
28995982,41,8,33
28996204,48,21,27
28996537,4,3,1
28996988,25,9,16
28997196,24,4,20
28997369,62,16,46
28997422,4,3,1
28997773,14,1,13
28998147,28,9,19
28998215,11,4,7
28998306,19,2,17
28998563,15,4,11
28998576,23,3,20
28999081,54,21,33
28999169,80,11,69
28999247,8,3,5
28999707,40,6,34
28999974,29,10,19
29000140,19,13,6
29000185,3,2,1
29000340,5,1,4
29000626,130,41,89
29001012,60,9,51
29001285,19,4,15
29001851,3,1,2
29002912,95,32,63
29004659,44,23,21
29004932,52,18,34
29005284,24,8,16
29005350,14,6,8
2900583,3,0,3
29008306,117,51,66
2900877,66,20,46
29009113,134,48,86
29009640,95,21,74
29010231,1,1,0
29010335,48,28,20
29010648,4,4,0
29011926,77,26,51
29012218,21,7,14
29012701,16,4,12
29016869,79,21,58
29018566,68,19,49
29018691,10,0,10
29019313,56,18,38
29019336,16,7,9
29020189,61,49,12
29020323,26,5,21
29020451,9,2,7
29020596,60,30,30
29020709,20,5,15
29020877,11,3,8
29020985,85,27,58
29021039,4,1,3
29021753,18,1,17
29021780,55,19,36
29022490,30,20,10
29022655,46,13,33
29023173,135,52,83
29023291,0,0,0
29023408,45,15,30
2902348,592,142,450
29023957,30,10,20
29024116,25,14,11
29024402,3,2,1
29024447,3,1,2
29024654,183,30,153
29024725,26,3,23
29026114,5,2,3
29026445,170,23,147
29026600,27,11,16
29026630,4,0,4
29026676,7,0,7
29026879,32,21,11
29026933,79,26,53
29027835,13,3,10
29027889,78,19,59
29028060,41,10,31
29028776,54,12,42
29029334,38,13,25
29029822,9,1,8
29029965,23,5,18
29030609,16,4,12
29031555,95,19,76
29032156,14,6,8
29032871,22,4,18
29033639,47,11,36
29033913,44,7,37
29034997,36,11,25
29035522,2,0,2
29035810,13,3,10
29036857,58,30,28
29037066,112,41,71
290376,3,1,2
29037616,106,35,71
290378,3,1,2
29040929,10,9,1
29043924,63,6,57
29044478,17,3,14
29044593,56,20,36
29045202,1,0,1
29045209,77,32,45
29045467,30,8,22
29045826,16,5,11
29046672,14,2,12
29046886,16,8,8
29046967,4,0,4
29047746,10,4,6
29047826,4,6,-2
29048353,19,6,13
29048530,32,16,16
29049305,0,0,0
29049369,52,28,24
29049623,23,21,2
29050482,1,1,0
29050973,8,10,-2
29051215,5,2,3
29052744,18,6,12
29053139,71,13,58
29054503,65,27,38
29055203,23,2,21
29055729,32,10,22
29056877,40,4,36
29057011,20,5,15
29057275,18,1,17
29057290,16,10,6
29058059,129,27,102
29058586,141,37,104
29058595,20,5,15
29058672,17,4,13
29058704,126,25,101
29058825,143,38,105
29060134,3,0,3
29060573,64,34,30
2906069,48,18,30
29060843,66,46,20
29064739,9,3,6
29064798,11,5,6
29065049,30,6,24
29065816,65,16,49
29068665,9,3,6
29068906,47,6,41
29068938,36,13,23
29069749,0,1,-1
29069910,78,3,75
29069971,0,0,0
29070074,3,2,1
29070127,13,0,13
29070358,41,5,36
29070816,1,3,-2
29070997,45,11,34
29072096,3,1,2
29072203,28,1,27
29072472,91,12,79
29072533,37,9,28
29073396,36,17,19
29074066,41,12,29
29075577,4,2,2
29077206,15,1,14
29078145,13,0,13
29078535,19,9,10
29078633,1,0,1
29078737,0,0,0
29078861,1,0,1
29078862,13,7,6
29079162,142,24,118
29081312,6,3,3
29087068,11,3,8
29087101,39,14,25
29087445,60,12,48
29087565,9,2,7
29088444,69,22,47
29088946,13,6,7
29088950,15,2,13
29089301,7,3,4
29089312,28,12,16
29089437,37,3,34
29089502,3,0,3
29089723,3,1,2
29090242,69,20,49
29091687,15,5,10
29091726,53,9,44
29091832,54,12,42
290923,41,13,28
29092343,64,16,48
29093701,39,10,29
29093961,9,7,2
29094762,20,5,15
29095227,0,0,0
29095690,93,15,78
29096083,56,12,44
29096780,41,14,27
29097051,264,41,223
29097128,84,13,71
29097343,1,0,1
29098097,98,14,84
29098201,7,0,7
29098736,132,20,112
29098868,11,5,6
29099082,6,3,3
29099922,90,11,79
29099942,28,13,15
29100403,147,34,113
29100727,27,7,20
29100788,84,10,74
29100882,12,4,8
29100994,189,57,132
29101004,136,31,105
29101593,124,22,102
29102264,61,12,49
29102959,25,9,16
29103351,41,25,16
29109579,9,1,8
29110598,0,1,-1
29110679,33,7,26
29111962,31,8,23
29113298,18,3,15
29113463,40,2,38
29113961,73,18,55
29114189,13,3,10
29114285,13,4,9
29114447,24,6,18
29114492,51,24,27
29114534,2,1,1
29114581,4,1,3
29115068,1,2,-1
29115454,3,0,3
29115700,10,2,8
29115716,1,1,0
29115757,8,1,7
29116176,2,4,-2
29116255,43,16,27
29116538,11,2,9
29117335,11,0,11
29117664,5,1,4
29119340,1,0,1
29120946,0,0,0
29121061,34,13,21
29122085,0,0,0
29122272,33,11,22
29122621,13,11,2
29123758,86,34,52
29123940,112,36,76
2912510,17,8,9
29126595,12,0,12
29126901,3,1,2
29127913,99,17,82
29127977,25,12,13
29128001,9,1,8
29128152,1,0,1
29128777,47,22,25
29128901,6,1,5
29129426,1,2,-1
29129550,22,6,16
29130730,8,4,4
29132197,87,32,55
29138270,67,7,60
2913853,143,33,110
29139098,6,2,4
29140390,28,2,26
29142114,50,10,40
29142243,27,5,22
29142406,121,40,81
29143326,13,10,3
29143385,4,3,1
29143942,0,0,0
29144257,14,0,14
29144296,40,8,32
29144324,1,0,1
29144384,36,14,22
29144513,0,0,0
29144786,2,0,2
29145011,62,22,40
29145162,17,3,14
29145414,3,0,3
29145470,121,28,93
29145570,34,16,18
29145719,1,0,1
29145742,7,0,7
29146311,17,3,14
29146404,42,18,24
29146802,1,3,-2
29148301,89,21,68
29148583,27,11,16
29149074,18,4,14
29149192,5,0,5
29149455,16,4,12
29149505,6,0,6
29149524,44,25,19
29149919,23,5,18
29150335,10,1,9
29151010,12,3,9
29152248,44,13,31
29152463,66,9,57
29153762,0,0,0
29154457,19,3,16
29154544,80,15,65
29156592,129,30,99
29156724,33,11,22
29156929,54,8,46
29157253,2,0,2
29157604,17,2,15
29157725,22,7,15
29158910,13,1,12
29160253,0,0,0
29160366,72,24,48
29163648,17,6,11
29167334,72,9,63
29167510,62,19,43
29167600,32,14,18
2916767,658,392,266
29167696,68,23,45
2916820,53,21,32
29168637,6,0,6
2916885,9,1,8
29169502,23,7,16
29169839,11,8,3
2917011,4,0,4
29170386,17,10,7
29171122,35,2,33
29171181,5,1,4
29171213,31,3,28
29171578,35,12,23
29172209,21,10,11
29172211,8,3,5
29172417,3,2,1
29172496,28,6,22
29172798,56,9,47
291731,3,1,2
29173137,0,3,-3
29173311,5,0,5
29173552,42,15,27
29174026,7,1,6
29174487,112,22,90
29175015,2,4,-2
2917506,68,6,62
29176185,52,9,43
29176332,35,14,21
29177673,13,4,9
29177797,44,10,34
29178194,28,5,23
29178279,25,14,11
29178770,8,4,4
29179044,126,14,112
2917935,117,23,94
29179771,9,3,6
29180934,35,24,11
29180997,6,0,6
29181457,35,9,26
29181798,0,0,0
29182109,21,8,13
2918211,0,0,0
29182309,27,6,21
29182347,66,26,40
29182580,4,1,3
29183038,5,1,4
29183597,35,10,25
29183819,51,16,35
29184535,12,6,6
29185213,116,21,95
29185257,10,3,7
29186739,12,1,11
29186959,55,29,26
29196844,3,0,3
29197559,13,5,8
29197722,26,7,19
29197938,4,1,3
29198201,14,7,7
29198246,4,1,3
29198969,54,31,23
29199493,29,28,1
29199582,67,18,49
29199663,57,7,50
29200784,31,6,25
29201403,16,6,10
29201430,1,1,0
29201459,9,3,6
29201460,0,0,0
29201478,4,1,3
29201498,3,0,3
29201616,4,4,0
29201704,93,24,69
29201734,4,0,4
29201794,206,27,179
29201995,13,3,10
29202025,4,1,3
29202044,36,12,24
29202471,21,11,10
29202592,37,18,19
29202923,5,3,2
29204155,20,4,16
29204265,2,2,0
29204276,1,0,1
29204490,4,0,4
29205122,1,0,1
29205430,13,3,10
29205613,99,13,86
29205614,8,2,6
29206039,37,9,28
29206271,17,13,4
29206307,16,7,9
29207560,6,2,4
29207693,26,11,15
29207841,5,2,3
29208397,9,4,5
29210815,20,6,14
29211205,3,0,3
29211510,117,18,99
29211988,0,0,0
29212225,5,2,3
29212617,36,7,29
29212670,4,0,4
29213065,34,17,17
29213579,0,0,0
29214220,25,13,12
2921453,925,336,589
29215141,104,9,95
29220561,36,8,28
2922216,96,42,54
29223872,151,42,109
29224959,3,0,3
29225226,13,7,6
29226625,28,14,14
29226648,31,5,26
29227512,8,2,6
29228330,41,24,17
29228498,4,1,3
29228551,51,26,25
29229860,10,2,8
29230425,4,0,4
29230752,12,1,11
29230802,16,3,13
2923116,74,23,51
29231375,62,17,45
29232080,32,5,27
29232156,21,7,14
29232261,14,6,8
29232304,0,0,0
29232457,21,9,12
29232848,90,34,56
29233083,14,3,11
29233094,1,0,1
29233101,36,9,27
29233219,9,3,6
29233375,0,0,0
29233525,52,20,32
29233847,6,0,6
29234070,52,34,18
29234507,1,0,1
29235079,16,3,13
29235822,3,3,0
29235926,25,19,6
29236035,0,1,-1
29236078,31,17,14
29239550,18,7,11
29240246,2,0,2
29245693,6,5,1
29246464,10,3,7
29246986,6,0,6
29247522,5,1,4
29247609,17,1,16
29247777,24,3,21
29248604,48,17,31
29249330,9,0,9
29249448,13,5,8
29249960,8,1,7
2925012,36,9,27
29250584,21,2,19
2925093,35,16,19
29251110,9,1,8
29251458,27,4,23
29251527,17,12,5
29251751,49,37,12
29251907,52,20,32
29252231,12,1,11
29252320,0,0,0
29254308,12,0,12
29255071,45,11,34
29255776,87,21,66
29256774,15,4,11
29257221,6,1,5
29257291,7,1,6
29257387,66,12,54
2926013,502,82,420
29260556,45,24,21
29260619,21,3,18
29264383,2,0,2
29265748,10,1,9
29265749,130,27,103
2926580,71,23,48
2926667,28,11,17
29267460,40,4,36
29267664,7,3,4
29267840,80,28,52
29268138,22,6,16
29268737,7,2,5
29268754,7,1,6
29268810,47,21,26
29269879,32,1,31
29270174,4,1,3
29270563,0,0,0
29271201,60,33,27
29271459,180,45,135
29271671,153,61,92
29272371,27,4,23
29272814,0,0,0
29272884,7,1,6
29273182,9,0,9
29273201,82,8,74
29273501,8,2,6
29274045,19,5,14
29274285,4,1,3
29274396,9,5,4
29274461,56,9,47
29274689,41,11,30
29275034,14,1,13
29275073,5,0,5
29275953,2,0,2
29276384,55,27,28
29276880,22,6,16
29277374,4,1,3
29277766,17,3,14
29278749,4,0,4
29279772,3,1,2
29280026,40,10,30
29280133,4,0,4
29280150,69,27,42
29280200,2,0,2
29280281,36,11,25
29280964,22,7,15
29281126,6,6,0
29281344,6,0,6
29281418,44,10,34
29281721,6,4,2
29281987,181,53,128
29281998,10,0,10
29282116,51,17,34
29284245,53,17,36
29290789,31,7,24
2929183,118,52,66
29292639,15,4,11
29293779,0,0,0
29294439,45,7,38
29295505,47,7,40
29295650,50,11,39
29295661,1,1,0
29295795,19,8,11
29295885,11,1,10
29295933,18,3,15
29296471,80,28,52
29296516,17,8,9
29297015,52,12,40
29297101,83,12,71
29297702,15,1,14
29297842,51,11,40
29297956,16,1,15
29298168,8,0,8
29298347,0,1,-1
29298481,97,14,83
29299928,12,4,8
29300371,7,1,6
29300450,5,1,4
29300556,10,4,6
29300864,3,1,2
29300918,7,0,7
29301165,23,2,21
29301457,66,15,51
29301512,22,6,16
29301862,26,4,22
29302626,50,3,47
29302855,32,11,21
29303138,14,6,8
29303353,8,1,7
29303752,1,0,1
29303832,0,0,0
29304498,4,1,3
29304881,132,18,114
2930504,5,1,4
29305809,4,3,1
2930665,12,0,12
29307548,53,12,41
29307745,5,0,5
29307766,67,19,48
29307770,11,2,9
29307931,35,2,33
29308983,9,2,7
29309746,9,4,5
29310037,4,1,3
29310674,50,15,35
29311593,163,45,118
29311707,0,0,0
2931488,356,103,253
29316755,1,0,1
29318532,9,2,7
29319146,3,1,2
29320173,37,5,32
29320334,2,0,2
29320674,30,5,25
29321844,13,2,11
29323355,15,2,13
29323898,42,9,33
29324259,22,9,13
29324300,0,0,0
29325159,17,4,13
29325406,17,6,11
29325541,111,15,96
29325604,104,30,74
29326132,8,2,6
29326726,13,1,12
29327226,18,7,11
29327355,54,19,35
29327546,2,0,2
29327571,47,7,40
29328145,23,7,16
29328280,39,7,32
29328364,2,1,1
29328664,19,2,17
29329665,22,3,19
29329884,33,12,21
29329894,6,0,6
29330192,22,10,12
29330219,104,24,80
29330785,90,12,78
29331691,52,17,35
29331724,4,0,4
29332106,2,0,2
29334209,3,3,0
29336493,47,8,39
29337001,12,4,8
29337536,25,3,22
29338073,41,16,25
29338527,1,0,1
29343629,4,1,3
29345715,10,8,2
29347789,5,0,5
2934808,120,24,96
29348211,31,12,19
29349362,93,35,58
29349398,16,3,13
29349559,4,1,3
29349569,37,18,19
29349710,15,3,12
29350166,13,2,11
29350224,1,0,1
29350365,34,9,25
29350578,3,2,1
29350665,7,1,6
29351049,2,0,2
29351479,68,36,32
29352404,12,7,5
29352540,11,1,10
29352824,42,4,38
29353040,0,0,0
29353957,4,1,3
29353967,59,7,52
29354222,0,0,0
29354238,36,8,28
29354456,9,6,3
29354572,14,8,6
29354592,18,5,13
29354652,1,0,1
29354659,10,0,10
29354872,7,1,6
29354978,4,0,4
29355202,21,4,17
29355408,2,2,0
29356107,39,5,34
29358893,13,0,13
29359160,55,13,42
29359363,23,10,13
29359991,3,2,1
29360005,38,3,35
29361327,63,30,33
29361988,20,3,17
29362165,24,5,19
29362223,4,1,3
29362874,57,14,43
29362919,4,2,2
29363059,181,30,151
29363329,79,23,56
29363688,18,9,9
29363984,1,0,1
29364706,64,27,37
29364995,14,4,10
29365012,95,40,55
29366268,7,1,6
29368674,62,9,53
2936993,21,12,9
29375175,2,0,2
29377584,49,21,28
29378481,6,2,4
29378554,4,4,0
29378764,24,6,18
29379022,30,13,17
29379887,77,23,54
29380566,26,9,17
29380886,16,2,14
29381372,10,2,8
29381671,28,8,20
29381885,18,1,17
29382912,82,35,47
29384609,8,2,6
29384698,24,2,22
29384868,30,4,26
29385737,15,4,11
29385903,82,17,65
29385926,14,4,10
29386006,21,1,20
29386280,80,24,56
29386324,3,2,1
29387211,40,30,10
29387356,7,2,5
29387593,3,1,2
29387857,5,1,4
29388068,22,9,13
29388777,53,12,41
29388936,27,9,18
29389337,65,14,51
29389878,25,2,23
29390048,33,13,20
29391130,32,5,27
29391388,3,2,1
29391682,53,22,31
29392163,30,7,23
29392280,84,17,67
29392703,107,22,85
29392715,28,8,20
29392725,25,4,21
29392738,2,3,-1
29392893,23,8,15
29392983,0,0,0
29393335,53,11,42
29393661,4,2,2
29394557,0,0,0
29394927,1,1,0
29401175,90,23,67
29403239,19,11,8
29404385,7,0,7
29404667,6,1,5
29404761,2,0,2
29404872,18,11,7
29406136,9,4,5
29406266,24,10,14
29406654,56,6,50
29407501,29,9,20
29407822,4,0,4
29408195,5,3,2
29409236,78,4,74
29409241,6,1,5
29409586,20,4,16
29409688,5,2,3
29409892,148,12,136
29410347,6,5,1
29410586,55,27,28
29411818,93,41,52
29412207,56,25,31
29414084,3,0,3
29414433,39,14,25
2941562,19,2,17
29415849,15,8,7
29416050,51,7,44
29416456,1,1,0
29417265,54,13,41
294177,279,105,174
29418033,33,14,19
29418066,41,18,23
29418193,10,1,9
29419319,2,1,1
29419602,0,0,0
29419673,119,15,104
29420183,111,29,82
294247,511,117,394
29425059,83,18,65
29425211,6,2,4
29426213,44,5,39
29427170,6,0,6
29427318,1,0,1
29427336,18,4,14
29427349,9,0,9
29427409,0,0,0
29427848,1,2,-1
29427917,19,11,8
29428578,35,10,25
29428920,14,6,8
29429447,29,6,23
29429735,19,1,18
29429985,11,2,9
29430129,25,5,20
29430490,6,0,6
29430496,142,79,63
29430696,9,5,4
29431467,29,13,16
294315,98,33,65
29431631,19,6,13
29432833,29,10,19
29433109,7,1,6
29433381,7,1,6
29433766,12,1,11
29434101,15,2,13
29434491,22,4,18
29435371,43,2,41
29435606,36,6,30
29435644,11,3,8
29435672,4,1,3
29437581,1,0,1
29439066,2,1,1
29444433,86,10,76
29447316,20,1,19
29447388,20,7,13
29447551,34,6,28
29447967,2,0,2
29448266,9,3,6
29448502,13,5,8
29448858,7,5,2
29449990,134,25,109
29450278,16,2,14
29450507,35,8,27
2945271,17,2,15
29453106,76,5,71
29453207,3,0,3
29453468,7,0,7
29453977,10,3,7
29454094,12,6,6
29454703,24,7,17
29455011,71,10,61
29455380,12,2,10
29455647,4,1,3
29456234,13,2,11
29456250,4,2,2
29456327,0,0,0
29456630,13,4,9
29457296,7,0,7
29458180,4,2,2
29458783,17,3,14
29459245,10,1,9
29459360,5,2,3
29459367,86,16,70
29459509,3,1,2
29459722,7,4,3
29459780,4,5,-1
29459808,10,5,5
29459995,0,0,0
29460001,0,0,0
29460002,10,5,5
29460180,12,4,8
29460901,4,1,3
29460959,1,1,0
29461118,25,3,22
29462171,1,0,1
29469504,6,2,4
29472074,39,12,27
29472126,6,0,6
29473164,5,0,5
29473454,47,12,35
29473560,27,8,19
29473844,106,42,64
29473921,34,7,27
29473953,44,11,33
29474212,69,8,61
29474242,3,1,2
29474515,3,1,2
29474545,44,15,29
29474576,36,17,19
29474736,72,11,61
29474758,6,1,5
29474920,17,10,7
29475055,40,24,16
29475058,1,3,-2
29476192,61,19,42
29476303,0,0,0
29477050,0,0,0
29477418,3,1,2
2947896,172,70,102
29479052,14,9,5
29479095,19,8,11
29479549,1,3,-2
29479601,0,3,-3
29480409,69,15,54
29480516,58,11,47
29480549,36,10,26
29481047,4,2,2
29481457,1,0,1
29482014,2,0,2
29482190,39,6,33
29482968,94,10,84
29483645,24,5,19
29484133,14,3,11
29484551,0,0,0
29484647,29,6,23
29484842,17,1,16
29485069,2,0,2
29486189,39,5,34
29486580,37,8,29
29486603,13,2,11
29487257,61,23,38
29487684,55,7,48
29487970,40,7,33
294887,153,90,63
29489372,17,2,15
29489954,48,11,37
2949420,63,12,51
29499019,121,24,97
2949918,239,70,169
29499188,25,4,21
29499359,82,13,69
29500101,29,8,21
29501780,0,0,0
29501833,37,8,29
29501862,5,1,4
29502143,0,0,0
29502273,18,6,12
29502574,65,11,54
29502708,10,1,9
29502720,4,3,1
29503018,112,13,99
29503122,64,35,29
29503267,5,0,5
29503268,5,1,4
29503703,2,2,0
29503799,22,4,18
29503819,13,5,8
29503941,12,6,6
29504142,22,3,19
29504151,6,1,5
29504224,46,10,36
29504528,22,16,6
29504678,2,2,0
29504740,5,3,2
29504945,33,9,24
29505041,15,6,9
29505438,13,2,11
29505470,16,3,13
29505549,28,8,20
29505608,0,0,0
29505683,12,3,9
29505816,9,1,8
29505867,23,10,13
29507204,2,2,0
29507578,12,6,6
29507594,14,6,8
29507747,24,6,18
29508610,17,3,14
29509545,6,1,5
29510241,53,18,35
29510477,90,27,63
29510919,4,1,3
29510974,8,6,2
29511027,23,9,14
29512503,4,0,4
29512865,34,5,29
29513287,30,16,14
29513416,4,0,4
29513685,6,2,4
29515062,2,0,2
29515228,3,0,3
29515257,128,12,116
29515456,16,4,12
29515484,28,8,20
29515852,24,3,21
29516186,45,5,40
29516226,1,0,1
29516242,16,11,5
29516799,33,10,23
29517146,38,14,24
29517399,3,0,3
29518641,0,0,0
2951921,84,24,60
29523376,0,0,0
29525077,134,34,100
29525579,10,2,8
29527050,32,22,10
29527073,13,4,9
29528383,16,3,13
29528420,3,1,2
29528423,0,0,0
29528433,17,7,10
29528894,26,19,7
29529370,59,30,29
29529563,16,4,12
29530158,7,2,5
29530752,7,3,4
29530856,60,15,45
29530893,11,5,6
29531185,26,19,7
29531329,22,11,11
29531896,0,0,0
29532268,18,4,14
29532416,4,2,2
2953249,0,0,0
29533069,38,9,29
29533491,0,0,0
29533742,4,0,4
29534027,64,21,43
29534179,39,22,17
29534527,31,5,26
29534560,70,5,65
29534617,2,2,0
29534757,33,15,18
29535119,0,0,0
29535227,11,2,9
29535245,29,13,16
29536149,6,2,4
29536260,10,7,3
29536546,26,2,24
29537137,5,0,5
29538451,17,2,15
29542069,10,4,6
29542226,39,11,28
29542229,44,14,30
29542361,12,0,12
29542572,33,4,29
29543460,0,0,0
29544749,2,2,0
29552292,24,2,22
29554358,6,2,4
29554383,54,17,37
29554469,48,8,40
29554677,2,0,2
29555250,4,0,4
29555888,15,6,9
29556177,98,36,62
29556706,3,1,2
29556812,51,19,32
29556979,13,1,12
29557679,11,1,10
29557820,79,23,56
29558209,20,17,3
29558300,49,11,38
29558654,0,0,0
29558687,31,3,28
29558723,8,3,5
29558959,78,33,45
29559163,67,20,47
29559755,4,0,4
29560236,36,12,24
29560405,48,6,42
29560794,45,11,34
29561584,11,3,8
29562964,26,11,15
29564241,0,0,0
29564509,4,2,2
29564818,60,20,40
29566013,96,13,83
29566455,9,3,6
29566830,0,1,-1
29567422,7,3,4
29567591,29,14,15
29567796,4,0,4
29567847,5,1,4
29567980,9,2,7
29568137,3,2,1
29568284,0,0,0
29568439,1,0,1
29569045,3,1,2
29569429,17,10,7
29569798,72,19,53
29569831,16,2,14
29569931,1,0,1
29570217,54,16,38
29570409,42,12,30
29570571,98,35,63
29570610,75,29,46
29570764,21,6,15
29571338,0,0,0
29574917,0,1,-1
29574952,17,10,7
2957732,187,61,126
29578816,64,8,56
29579836,7,6,1
29580578,69,8,61
29581631,79,8,71
29581674,7,2,5
29582303,72,27,45
29583195,3,2,1
29583348,45,22,23
29583756,11,1,10
29583977,57,33,24
29584480,6,1,5
29585108,13,3,10
29585119,9,2,7
29585165,34,8,26
29585195,11,4,7
29585223,17,7,10
29585333,24,8,16
29585568,13,6,7
29585638,24,4,20
29586319,12,12,0
29586813,50,21,29
29587194,17,6,11
29587660,2,1,1
29587670,13,1,12
29588041,3,0,3
29588677,13,2,11
29589798,95,17,78
29590391,0,0,0
29591387,131,21,110
29591746,31,17,14
29592153,27,11,16
29592506,31,14,17
29592507,4,1,3
29592516,18,4,14
29592985,202,29,173
29594069,8,3,5
29601018,0,2,-2
29601347,44,1,43
29601612,2,0,2
29601922,21,3,18
29602609,30,14,16
29602744,16,2,14
29603008,15,5,10
29603116,31,8,23
29603829,3,0,3
29604455,27,13,14
29605009,0,0,0
29605148,30,5,25
29605192,116,11,105
29607635,31,17,14
29608207,5,1,4
29608439,8,5,3
29609515,2,1,1
29609536,19,1,18
29609965,34,8,26
29610697,4,0,4
29610855,9,10,-1
29612386,19,4,15
2961591,35,6,29
29616853,15,2,13
29618478,48,14,34
29618715,42,9,33
29619401,5,0,5
2961981,113,64,49
29619894,10,4,6
29620158,19,4,15
29620223,1,0,1
29620334,3,0,3
29620623,62,17,45
29621709,1,2,-1
29622150,49,13,36
29622758,0,0,0
29624026,275,29,246
29624071,8,3,5
29624586,29,14,15
29624982,0,0,0
29625133,15,2,13
29625194,4,0,4
29625356,118,15,103
29625501,97,22,75
29625687,9,4,5
29625892,31,10,21
29626461,72,19,53
29626922,3,2,1
29626933,0,0,0
2962765,580,154,426
29627661,12,4,8
29628301,49,6,43
2962834,14,4,10
29628548,77,14,63
29628963,15,0,15
29629223,58,14,44
29629824,6,0,6
29630059,10,2,8
2963008,9,3,6
29630237,51,26,25
29630294,19,7,12
29630524,0,0,0
29630823,75,14,61
29630957,1,1,0
29631748,9,0,9
29639940,77,15,62
29640629,17,1,16
29640744,63,12,51
29641199,2,0,2
2964179,4,1,3
29642442,16,3,13
29642901,10,5,5
29643386,6,0,6
29643781,26,13,13
29643859,27,12,15
29644293,53,16,37
29644462,19,5,14
29644691,0,1,-1
29645019,19,1,18
29645215,9,3,6
29645387,13,1,12
29645664,1,0,1
29645765,67,10,57
29645810,3,5,-2
29645816,1,1,0
29646018,133,34,99
2964617,408,156,252
29646210,0,0,0
29646358,103,13,90
29646566,110,13,97
29647221,27,5,22
29647451,6,9,-3
29647900,16,9,7
29648015,48,26,22
29648249,17,11,6
29648681,41,8,33
29648794,9,4,5
29648857,45,33,12
29649138,23,9,14
29649169,42,23,19
29649371,12,8,4
29650350,68,10,58
29650540,35,7,28
29650829,4,1,3
29650854,10,4,6
29650866,9,0,9
29650867,4,0,4
29650884,10,8,2
29651330,22,0,22
29651379,67,21,46
29651426,10,3,7
29651478,3,0,3
29651702,3,2,1
29651943,12,12,0
29652062,4,0,4
29652569,13,1,12
29653197,14,2,12
29653198,6,0,6
29653311,6,2,4
29653768,14,3,11
29654010,70,33,37
29654384,22,6,16
29655680,10,8,2
29655783,10,1,9
29656521,0,0,0
29656653,6,0,6
29656978,23,6,17
29657353,2,0,2
29657819,41,5,36
29659252,41,14,27
29660412,17,7,10
29665961,16,8,8
29666618,37,14,23
29666703,1,0,1
29666712,12,1,11
29667256,13,0,13
29667952,31,9,22
29668890,59,12,47
29669359,2,1,1
29669771,83,17,66
29669921,20,5,15
29670296,34,16,18
29670349,3,0,3
29670595,107,16,91
29670928,1,0,1
29670953,27,4,23
29671135,34,14,20
29671159,1,1,0
29671226,15,3,12
29671497,46,9,37
29671524,20,13,7
29671823,66,29,37
29672386,4,3,1
29672397,6,4,2
29672755,6,1,5
29672936,12,1,11
29673341,29,8,21
29673965,24,2,22
29674056,2,1,1
29674101,9,1,8
29674452,14,5,9
29675162,20,11,9
29675505,84,14,70
29675507,3,0,3
29675537,3,4,-1
29675800,31,17,14
29676612,4,0,4
29677154,2,0,2
29677285,0,0,0
29677504,10,2,8
29678068,5,0,5
29678442,24,7,17
29678516,0,0,0
29680726,8,1,7
29680798,25,6,19
29680993,10,3,7
29681589,4,1,3
29681710,71,19,52
29681740,1,1,0
29683210,65,13,52
29683556,20,5,15
29684072,114,58,56
29684358,8,4,4
29684599,35,7,28
29684834,68,25,43
29686553,48,8,40
29686746,0,0,0
29688032,12,8,4
29694452,39,6,33
29694500,41,6,35
29694608,27,3,24
29694637,28,7,21
29694818,56,12,44
29695360,6,4,2
29695825,19,6,13
29695861,20,2,18
29696253,14,7,7
29696274,20,1,19
29696568,29,9,20
29697063,0,0,0
29697309,49,21,28
29697390,3,0,3
29697431,2,0,2
29697582,0,0,0
29697818,0,1,-1
29697860,32,7,25
29697908,2,0,2
29697915,3,2,1
29699002,4,0,4
29699074,1,0,1
29699095,25,10,15
29699172,16,12,4
29699547,4,1,3
29699712,128,24,104
29699720,0,0,0
29699760,21,2,19
29699822,38,17,21
29699992,40,4,36
29700004,1,0,1
29700341,18,2,16
29700350,17,10,7
29700477,10,0,10
29700850,40,5,35
29700956,14,2,12
29701053,6,7,-1
29701788,14,4,10
29701997,97,10,87
29702113,22,7,15
29702349,40,4,36
29702450,27,3,24
29702647,1,0,1
29703375,72,13,59
29703549,5,2,3
29703836,1,0,1
29705162,1,0,1
29705238,34,19,15
29708694,53,4,49
29709169,7,3,4
29709415,21,11,10
2971621,20,2,18
2971667,38,4,34
2971708,735,300,435
29721450,15,2,13
2972172,94,15,79
29722136,7,0,7
2972260,738,284,454
29723907,17,4,13
29724433,10,4,6
2972490,58,31,27
29725088,108,19,89
29725254,28,13,15
29725614,30,4,26
29726372,37,12,25
29726446,56,15,41
29726556,1,0,1
29726669,7,3,4
2972756,88,22,66
29727842,25,4,21
29727933,5,2,3
29728475,1,2,-1
29728574,41,5,36
29728752,3,1,2
29728951,2,0,2
29729472,14,3,11
29729616,14,8,6
29729746,3,1,2
29730162,9,3,6
29730260,0,0,0
29730678,9,1,8
29730842,2,1,1
29731191,17,11,6
29731876,14,5,9
29731903,9,2,7
29731904,13,7,6
29732210,6,5,1
29733231,8,5,3
29735407,14,5,9
29735689,122,15,107
29735934,32,7,25
29735949,64,9,55
29736454,44,15,29
29736671,18,4,14
29737513,10,3,7
29737613,6,8,-2
29737926,4,6,-2
2974379,37,18,19
29746226,0,0,0
29746569,39,5,34
29747515,29,12,17
29749173,19,19,0
29749189,25,4,21
29749303,24,2,22
29749501,11,5,6
29749505,2,1,1
29749579,15,4,11
29749631,15,2,13
29750357,23,4,19
29750418,3,0,3
29750428,5,0,5
29750983,17,7,10
29751666,13,3,10
29752790,9,0,9
29752822,4,0,4
29752859,96,13,83
29753050,5,0,5
29753069,56,14,42
29753697,5,3,2
29754159,3,1,2
29754658,9,1,8
29754879,6,2,4
29754977,11,1,10
29755579,13,5,8
29755937,1,0,1
29755996,38,12,26
29756033,29,7,22
29756472,4,0,4
29757104,39,27,12
29758774,1,0,1
29758952,15,4,11
29759142,33,5,28
29759370,17,2,15
29759435,48,6,42
29759610,2,5,-3
29759896,35,21,14
29759917,91,6,85
29760169,0,0,0
29760175,15,1,14
29761306,105,15,90
29761601,83,39,44
29766254,0,3,-3
29767415,6,1,5
29767416,10,0,10
29767791,7,4,3
29768930,104,21,83
29768941,0,1,-1
29769156,30,5,25
29769198,65,11,54
29769241,5,3,2
29769587,58,9,49
29769655,0,1,-1
29769816,69,26,43
29770478,11,1,10
29771918,15,4,11
29772797,28,15,13
29773177,0,0,0
29773232,0,1,-1
29773594,7,1,6
29774643,3,0,3
29774702,21,6,15
29774900,3,0,3
29775612,34,3,31
29775932,14,3,11
29776015,35,17,18
29776680,2,0,2
29776979,94,21,73
29777405,20,11,9
2977750,160,70,90
29777799,62,5,57
29778107,115,18,97
29780395,5,3,2
29780420,73,25,48
29782928,13,5,8
29787182,5,0,5
29787708,17,4,13
29788204,4,1,3
29788207,80,21,59
29788263,48,21,27
29788439,53,5,48
29788664,30,17,13
29788979,1,1,0
29789360,50,33,17
29790115,1,2,-1
29790226,0,0,0
29790689,13,2,11
29791059,0,0,0
29791574,21,5,16
29792174,53,6,47
29792281,9,1,8
29792921,12,2,10
29793118,30,1,29
29793191,11,1,10
29793503,10,0,10
29793554,4,2,2
29793575,58,10,48
29793753,22,4,18
29794248,37,20,17
29794559,40,29,11
29794577,65,14,51
29794898,3,4,-1
29794921,89,18,71
29795420,2,0,2
29796085,13,2,11
29796194,16,3,13
29796264,4,2,2
29796488,21,2,19
29796848,16,13,3
29797211,27,11,16
29797605,25,2,23
29797787,8,1,7
29797899,329,56,273
29797990,22,6,16
29798028,0,0,0
29798359,45,10,35
29798553,69,15,54
29798687,30,2,28
29798741,17,7,10
29798786,11,0,11
29799407,126,15,111
29799543,12,3,9
29800025,0,0,0
29800104,16,8,8
29800309,0,0,0
29800623,5,1,4
29800879,19,1,18
29801001,84,19,65
29801484,28,7,21
29803026,3,2,1
29803143,42,12,30
29807490,38,13,25
29810095,17,0,17
29810273,116,22,94
29810716,5,2,3
29811365,80,21,59
29811600,4,4,0
29812441,13,9,4
29813246,7,2,5
29813295,14,6,8
29813871,21,4,17
29814048,1,0,1
29814817,2,0,2
29815173,49,6,43
29815399,3,0,3
29815696,11,1,10
29815797,16,11,5
2981590,285,90,195
29815949,7,1,6
29816239,0,1,-1
29816340,15,4,11
29817261,51,12,39
29817503,53,16,37
29817614,30,8,22
29817788,42,12,30
29818107,21,6,15
29818448,1,0,1
29819288,10,2,8
29819769,29,17,12
2982082,34,8,26
29820901,3,0,3
29821004,13,4,9
29821395,27,5,22
29821653,5,0,5
29821896,4,0,4
29822064,3,0,3
29822421,41,8,33
29822812,3,3,0
29823058,8,5,3
29823118,34,8,26
29823858,5,2,3
29824018,18,14,4
2982405,140,22,118
29824182,19,9,10
29824877,44,10,34
29825284,47,15,32
29825492,10,2,8
29825996,17,6,11
29826023,21,21,0
29826695,10,3,7
29826735,81,19,62
29826758,30,7,23
29827714,182,60,122
29827735,21,5,16
29827992,1,1,0
29829185,58,12,46
29829243,1,0,1
29829286,36,8,28
29829332,12,2,10
29829403,13,4,9
29829878,1,0,1
29830081,58,13,45
29832352,60,14,46
29838063,2,0,2
29838124,8,2,6
29839233,2,0,2
29839971,6,1,5
29841465,42,6,36
29841567,20,17,3
29841575,45,10,35
29841830,45,12,33
29841843,29,8,21
29841864,4,0,4
29841975,8,0,8
29842535,2,0,2
29843112,44,18,26
29843131,20,1,19
29843449,2,1,1
29843473,4,3,1
29843760,23,6,17
29844907,7,0,7
29845407,4,2,2
29845552,14,3,11
29845662,25,12,13
29845741,12,4,8
29845799,20,17,3
29845851,14,4,10
29846030,57,16,41
29846772,23,6,17
29846992,0,1,-1
29847147,18,3,15
29847521,14,2,12
29847606,33,7,26
29847759,8,3,5
29847905,13,10,3
29848130,14,16,-2
29849131,9,2,7
29849428,4,2,2
29849611,30,6,24
29850198,57,23,34
29850213,3,1,2
29850265,0,0,0
29850289,3,1,2
29850346,24,5,19
29850452,25,6,19
29850719,6,1,5
29850890,8,0,8
29851197,6,1,5
29851229,32,2,30
29851531,0,0,0
29852205,39,5,34
29852220,3,1,2
29852237,65,12,53
29852682,34,4,30
29852939,19,7,12
29853123,8,3,5
29853177,49,18,31
29854322,96,27,69
29854781,18,2,16
29855116,41,18,23
29855422,7,1,6
2985664,53,20,33
29857201,11,0,11
29857477,18,7,11
29861913,48,20,28
29865014,15,4,11
29865024,0,0,0
29865071,3,2,1
29865442,11,10,1
29866157,22,7,15
29866952,12,4,8
29867359,18,8,10
29867589,52,6,46
29867603,19,2,17
2986788,529,107,422
29868269,22,14,8
2986844,82,39,43
29868477,71,15,56
29868576,55,17,38
29869456,50,6,44
29869513,0,1,-1
29869629,46,22,24
2986981,626,140,486
29870066,19,12,7
29870688,1,2,-1
29871232,8,1,7
29871463,11,5,6
29871595,57,21,36
29871740,0,0,0
29872345,7,0,7
29872406,29,13,16
29872682,39,7,32
29873223,8,0,8
29874029,15,13,2
29875211,0,0,0
29875611,45,14,31
29875644,75,21,54
29875836,7,5,2
29876568,42,26,16
29877034,39,35,4
29877463,160,36,124
29878456,42,13,29
29879647,4,1,3
29880164,0,0,0
29880322,33,10,23
29881486,13,0,13
29882350,35,11,24
29889124,4,0,4
29889669,35,15,20
29889995,6,7,-1
29890128,4,0,4
29890275,1,0,1
29890672,41,7,34
29891341,16,3,13
29891390,21,10,11
29891618,9,1,8
29891811,65,25,40
29891915,40,19,21
29892460,6,4,2
29892705,4,0,4
29892855,12,0,12
29892975,3,2,1
29893019,19,10,9
29893229,2,1,1
29893267,31,11,20
29893295,3,2,1
29893939,49,19,30
29894016,3,1,2
29894161,40,9,31
29894967,32,6,26
29895379,150,31,119
29895653,14,2,12
29895860,20,8,12
29896278,21,3,18
29896303,91,12,79
29896531,61,4,57
29896693,1,1,0
29896735,25,4,21
29897259,47,14,33
29897559,31,5,26
29897887,11,6,5
29898186,41,6,35
29898523,61,12,49
29898948,32,8,24
29899274,9,3,6
29899584,0,0,0
29899837,9,3,6
29900302,36,2,34
29900832,17,3,14
29900969,28,5,23
29901029,49,9,40
29901107,68,20,48
29901369,5,2,3
29901778,4,0,4
29903325,22,5,17
29903449,62,10,52
29903806,45,6,39
29904377,4,2,2
29904629,71,26,45
29905937,10,1,9
29907540,44,8,36
29908534,0,4,-4
29910705,1,0,1
29913238,45,4,41
29913872,0,0,0
29914971,4,1,3
29915350,1,4,-3
29915400,49,12,37
29915959,67,15,52
29916106,15,5,10
29916260,9,4,5
29916342,57,10,47
29916768,6,1,5
29917214,19,2,17
29917493,5,0,5
29918119,16,6,10
29918680,21,2,19
29918833,111,20,91
29919062,33,13,20
29919225,47,19,28
29920065,9,3,6
29920557,129,23,106
29921032,1,0,1
29921496,30,6,24
29922263,69,14,55
29922368,24,17,7
29923291,0,0,0
29923704,26,15,11
29924055,17,10,7
29924930,55,13,42
29925913,13,6,7
29926080,8,2,6
29926512,35,20,15
29926666,34,19,15
29926780,15,15,0
29927341,1,0,1
29927361,2,4,-2
29927542,14,13,1
29927573,0,0,0
29932908,51,21,30
29933072,82,18,64
29934170,5,0,5
29934565,28,6,22
29934671,2,0,2
29934711,8,15,-7
29934939,24,9,15
29935173,15,7,8
29935176,14,2,12
29935296,83,11,72
29935298,3,1,2
29935769,47,10,37
29935792,12,2,10
29936144,103,16,87
29936716,32,10,22
29936738,18,6,12
29937279,0,0,0
29937310,12,2,10
299374,409,108,301
29937467,1,1,0
29937956,42,16,26
29940014,1,1,0
29940385,4,2,2
29940952,2,1,1
29941246,16,0,16
29941474,75,11,64
29941549,11,4,7
29942491,37,22,15
29943733,2,0,2
29943867,8,5,3
29943915,3,1,2
29944148,25,5,20
2994426,64,34,30
29946528,5,2,3
29947506,0,0,0
29947980,11,1,10
29948368,2,0,2
29950828,12,1,11
29950925,31,3,28
29951149,7,4,3
29952018,27,5,22
29952682,20,2,18
29953346,3,0,3
29953481,3,0,3
29953718,5,0,5
29953720,35,9,26
29954079,3,0,3
29954162,7,4,3
29954379,10,1,9
29954482,36,2,34
29954875,20,6,14
29955029,57,16,41
29955296,5,1,4
29955310,11,7,4
29955369,6,1,5
29955401,5,1,4
29955888,3,0,3
29956259,4,0,4
29956426,12,5,7
29956729,32,17,15
29956837,4,5,-1
29956979,0,0,0
29957389,23,7,16
29957546,181,34,147
29957674,4,0,4
29957778,81,23,58
29957882,3,0,3
29958395,16,1,15
29958906,21,8,13
29959518,82,14,68
29960540,9,3,6
29960647,3,0,3
29961157,9,1,8
29961780,51,15,36
29962194,23,0,23
29962741,27,8,19
29963070,24,7,17
29964271,10,2,8
29969182,2,1,1
299735,175,54,121
29973978,16,1,15
29974378,6,7,-1
29974458,12,3,9
29974490,18,12,6
29974561,1,0,1
29974650,14,5,9
29975262,1,0,1
29975292,9,2,7
29975379,107,18,89
29975759,51,11,40
29975829,5,2,3
29976512,1,0,1
29976768,31,3,28
29976847,47,12,35
29976910,6,2,4
29976941,7,1,6
29977389,1,0,1
29978026,30,12,18
29978294,5,5,0
29979005,8,1,7
29979431,3,1,2
29979470,114,36,78
29979545,46,14,32
29979769,6,2,4
29980059,17,1,16
29980412,31,9,22
29980599,135,60,75
29980675,43,21,22
29981060,21,4,17
29981499,9,2,7
29981756,97,34,63
29982349,16,4,12
29982503,22,5,17
29982589,9,2,7
29982632,12,2,10
29983121,4,1,3
29983522,3,0,3
29983734,8,2,6
29983987,27,1,26
29984220,27,20,7
29984325,48,22,26
29984545,6,1,5
29984708,61,32,29
29985248,135,21,114
29985769,13,3,10
29986269,20,6,14
29986328,1,1,0
29986690,27,7,20
29986928,12,4,8
29987546,21,9,12
29988353,103,27,76
29988518,17,2,15
29988654,4,1,3
29989134,28,8,20
29990634,2,2,0
29992891,0,0,0
29998254,18,7,11
29998964,6,0,6
30000712,5,2,3
30000920,32,7,25
30001460,108,17,91
30001895,0,0,0
30001919,67,12,55
30002140,46,29,17
30002627,0,0,0
30003203,0,0,0
30003248,17,4,13
30003657,46,15,31
30003825,32,11,21
30003916,2,0,2
30004229,54,9,45
30004437,12,2,10
30004665,2,0,2
30004800,9,3,6
30004817,0,0,0
30004934,34,6,28
30004965,4,0,4
30004985,4,1,3
30005610,91,25,66
30006154,1,1,0
30006215,45,13,32
30006470,12,3,9
30006550,45,11,34
30007073,43,5,38
30007152,12,1,11
30007649,37,16,21
30008665,14,8,6
30009175,24,14,10
30009222,66,21,45
30009667,59,10,49
30009767,19,7,12
30009898,11,3,8
30010220,2,0,2
30011358,23,7,16
30011479,5,4,1
30011714,30,16,14
30012037,62,29,33
30012254,42,23,19
30012567,20,8,12
30013103,171,33,138
30013251,3,3,0
30013349,31,5,26
30013386,1,1,0
30014131,4,1,3
30014357,41,6,35
30015358,29,9,20
30015771,0,0,0
30016746,75,15,60
30017095,1,0,1
30017347,96,33,63
30018034,27,14,13
30019289,26,16,10
30025468,1,0,1
30027320,5,1,4
30027423,19,10,9
30027631,10,0,10
30028013,34,13,21
30028087,60,25,35
30028165,38,10,28
30028329,28,10,18
30028343,0,1,-1
30028792,6,11,-5
30028798,9,1,8
30028874,59,15,44
30028938,30,3,27
30029261,16,8,8
30029304,2,1,1
30029387,0,1,-1
30029676,26,9,17
30030281,43,16,27
30030771,7,2,5
30030854,72,8,64
30031586,40,12,28
30031786,11,0,11
30031804,143,35,108
30031948,4,10,-6
30032041,6,9,-3
30032113,28,11,17
30032188,12,8,4
30032348,12,5,7
30032352,0,0,0
30034638,6,1,5
30034926,6,2,4
30035139,32,5,27
30035293,2,0,2
30035311,15,3,12
30035866,137,23,114
30035875,2,1,1
30036009,0,0,0
30036080,32,16,16
3003622,28,8,20
30036317,9,1,8
30036331,25,1,24
3003642,94,39,55
30036682,25,12,13
30036702,34,13,21
30036840,25,13,12
30036841,2,2,0
30036995,37,10,27
30037170,103,52,51
30037997,38,15,23
30038443,39,11,28
30038692,55,11,44
30039255,13,2,11
30040017,62,32,30
30040149,0,0,0
30040655,0,0,0
30040697,9,5,4
30041168,0,0,0
30042843,1,0,1
30042986,69,21,48
30043580,11,1,10
30043656,143,32,111
30043874,15,2,13
30044490,1,3,-2
3004493,34,21,13
3004593,41,21,20
30051249,3,3,0
30052724,0,0,0
30053018,44,12,32
30053290,19,12,7
30054247,49,22,27
30054379,57,19,38
30054562,30,4,26
30054709,0,0,0
30054975,45,18,27
30055451,58,20,38
30055548,5,0,5
30056197,3,2,1
30056357,27,6,21
30056844,33,11,22
30056951,10,1,9
30058888,11,4,7
30059647,48,5,43
30060205,21,5,16
30061487,8,5,3
30061508,17,12,5
30061614,35,8,27
30062277,176,36,140
30063250,4,1,3
30065188,8,2,6
30065226,1,1,0
30065909,18,13,5
30068341,14,6,8
30068734,38,20,18
30069692,1,2,-1
300723,184,60,124
30077080,100,52,48
30077537,6,2,4
30078006,5,0,5
30078444,39,4,35
30078609,53,17,36
30079294,1,0,1
30079391,16,7,9
30079600,13,5,8
30079630,6,1,5
30079747,3,1,2
30080168,33,16,17
30080772,4,1,3
30081123,4,1,3
30081740,6,0,6
30081846,1,0,1
30082001,14,2,12
30082558,12,2,10
30082617,12,2,10
30082645,2,1,1
3008303,149,44,105
30083419,5,0,5
30083430,0,0,0
30083452,6,0,6
30083738,28,8,20
30083824,9,1,8
30083879,10,3,7
30084336,2,0,2
30084450,12,6,6
30084480,30,9,21
30084737,4,1,3
30085291,18,7,11
30085365,20,2,18
30085528,41,16,25
30085825,12,2,10
30085944,24,5,19
30086036,20,9,11
30086096,20,6,14
3008619,23,2,21
3008650,6,2,4
30086562,89,19,70
30087221,45,10,35
30087833,9,5,4
30088520,9,1,8
30090374,73,22,51
30096159,13,6,7
3009705,4,2,2
30098724,51,14,37
30099593,29,9,20
30099706,68,23,45
30100132,0,0,0
30100160,34,14,20
30100278,0,0,0
30100445,2,3,-1
30100457,6,1,5
30100519,20,0,20
30101117,1,0,1
30101418,82,12,70
30101860,8,5,3
30101984,22,3,19
30101985,24,4,20
30102089,22,2,20
30102317,26,7,19
30102532,6,1,5
30103371,2,1,1
30104011,46,11,35
30104682,6,0,6
30104886,13,11,2
30105417,0,1,-1
30106075,14,0,14
30107061,2,0,2
3010714,261,105,156
30107428,4,4,0
30107687,23,10,13
3010784,226,134,92
30108879,0,2,-2
30109323,30,7,23
30109352,10,6,4
30109429,43,3,40
30109528,25,7,18
30110309,6,0,6
30112545,13,1,12
30115127,1,0,1
30115545,15,7,8
30115905,16,3,13
30116219,1,0,1
30116716,30,4,26
30118178,3,1,2
30118530,6,4,2
30118622,48,12,36
30118822,19,6,13
30118891,19,3,16
30119969,7,1,6
30120100,25,4,21
30120116,16,3,13
30120299,43,23,20
30120693,25,7,18
30120907,27,4,23
30120925,0,0,0
30121194,85,14,71
30121716,13,3,10
30122707,4,0,4
30122822,12,5,7
30122840,1,3,-2
30123175,119,13,106
30123196,5,0,5
30124053,28,8,20
30124257,1,2,-1
30124388,4,0,4
30124416,2,2,0
30124691,3,1,2
30124945,12,2,10
30125071,9,1,8
30126150,42,13,29
30126676,3,1,2
30126902,2,0,2
30127152,0,0,0
30127271,3,0,3
30127424,9,3,6
30127485,16,1,15
30127592,4,2,2
30128235,18,3,15
30129331,27,5,22
30129712,7,2,5
30129970,0,0,0
30130415,24,3,21
30130645,17,2,15
30132036,18,3,15
30137336,29,16,13
30137903,0,0,0
30138249,0,0,0
30139080,2,0,2
3013911,69,43,26
30139791,64,21,43
30139870,3,0,3
30140014,30,10,20
30140230,26,19,7
30140325,36,12,24
30140326,2,1,1
30140661,0,2,-2
30140784,21,15,6
30141203,71,30,41
30141613,28,7,21
30141705,240,70,170
30141740,17,14,3
30142077,71,4,67
30142149,14,6,8
30142432,19,8,11
30142674,8,3,5
30142825,18,4,14
30142901,0,1,-1
30143279,1,1,0
30143458,5,1,4
30143815,12,5,7
30143826,116,7,109
30143866,12,3,9
30143934,5,2,3
30143997,37,8,29
30144001,3,0,3
30144142,184,73,111
30144203,34,9,25
30144734,12,2,10
30144863,27,6,21
30145004,10,4,6
30145419,14,6,8
30145679,3,1,2
30145723,21,8,13
30145728,20,9,11
30146343,3,1,2
30147159,35,8,27
30147196,9,3,6
30147259,4,4,0
30147291,8,4,4
30147747,3,0,3
30147971,9,2,7
30148191,5,2,3
30148199,42,10,32
30148307,8,0,8
30148530,0,0,0
30148879,15,3,12
30148892,12,5,7
30148903,4,3,1
30149241,12,1,11
3014971,13,1,12
30149935,69,20,49
30150123,25,3,22
30150272,20,4,16
30150823,57,7,50
3015109,34,16,18
30151919,8,3,5
30151952,0,0,0
30152027,32,8,24
30152849,51,14,37
30152931,75,21,54
30153208,9,1,8
30153229,107,19,88
30153586,2,0,2
30154330,0,0,0
30154414,0,0,0
30154821,1,1,0
30155185,28,12,16
30155482,23,11,12
30157445,1,0,1
3015810,44,11,33
3015840,60,14,46
30161736,20,10,10
30164292,7,4,3
30165120,0,1,-1
30165179,6,1,5
30166190,4,0,4
30166771,15,2,13
30167042,3,0,3
30167413,63,43,20
30167639,8,1,7
30167663,13,8,5
3016775,41,36,5
30167841,33,5,28
30167912,13,4,9
30167970,9,1,8
30168114,0,0,0
30168480,203,72,131
30168507,5,2,3
30168526,6,3,3
30168807,3,1,2
30168961,21,7,14
30169167,1,0,1
30169647,4,2,2
30170110,7,1,6
30170215,7,0,7
30170349,19,6,13
30170636,63,22,41
30170919,254,23,231
30171459,20,9,11
30171530,12,7,5
30171698,0,0,0
30171893,25,8,17
30172153,15,3,12
30172384,32,6,26
30172406,154,40,114
30173035,10,1,9
30173187,5,0,5
30173849,1,0,1
30173903,3,0,3
30173999,30,9,21
30174026,25,5,20
30174058,8,3,5
30174126,1,0,1
30174253,6,1,5
30174639,12,5,7
30174922,17,12,5
30176448,109,13,96
30177464,55,12,43
3017797,41,12,29
30178512,31,3,28
30178807,100,22,78
30179164,25,11,14
3017927,112,18,94
30179291,2,0,2
30180277,52,10,42
30180343,2,0,2
30180674,0,0,0
30181815,12,1,11
30182233,56,30,26
30182486,4,5,-1
30182623,0,0,0
3018550,24,0,24
30189870,9,6,3
30190463,31,7,24
30192052,1,0,1
30192420,5,1,4
30192796,0,0,0
30192995,36,8,28
30193491,38,16,22
30193717,26,11,15
30194057,2,0,2
30194255,10,4,6
30194582,47,17,30
30194763,11,7,4
30195008,8,5,3
3019524,6,4,2
30195916,1,1,0
30196196,61,25,36
30196472,49,8,41
30196493,11,4,7
30196560,12,1,11
30196864,45,7,38
30196945,25,8,17
30197738,10,0,10
30198125,54,16,38
30198141,6,3,3
30198898,34,15,19
30199391,57,9,48
30199394,24,9,15
30199819,12,8,4
30200132,24,10,14
30200956,22,3,19
30201736,4,3,1
30202688,73,24,49
30204119,2,1,1
30204153,13,6,7
30204725,4,3,1
30204816,9,3,6
30205285,2,0,2
30205472,24,8,16
30205529,50,9,41
30205695,57,9,48
30205947,38,10,28
30206140,51,21,30
30206293,2,0,2
30206605,53,24,29
30206610,0,0,0
30206664,15,3,12
30206947,11,3,8
30206993,4,1,3
30207022,14,2,12
30207133,67,17,50
30207595,28,9,19
30207687,2,0,2
30208431,2,2,0
30210843,2,0,2
30217364,3,0,3
30217385,22,11,11
30218053,8,2,6
30219065,33,4,29
30219831,10,2,8
30219893,57,22,35
30220229,2,3,-1
30220346,24,12,12
30220350,29,10,19
30220581,7,0,7
30220897,1,0,1
30220977,16,6,10
30221374,2,0,2
30221570,26,15,11
30222266,38,19,19
30222297,21,3,18
30222595,22,4,18
30222691,1,1,0
30222922,11,6,5
30223338,4,0,4
30223461,30,6,24
30224051,12,1,11
30224264,2,0,2
30224399,44,7,37
30224453,3,2,1
30224941,1,0,1
30224950,18,0,18
30225038,81,24,57
30226196,27,7,20
30226339,2,0,2
30226426,40,7,33
30226966,22,4,18
30227736,4,0,4
30227832,9,2,7
30228724,24,11,13
30228831,7,3,4
30228881,38,22,16
30228907,60,13,47
30228945,64,9,55
30228976,22,6,16
30229243,17,5,12
30229303,29,10,19
30229368,4,5,-1
30229407,3,2,1
30229528,53,12,41
30231464,2,1,1
30233600,6,0,6
30234357,22,11,11
30239175,89,25,64
30240413,8,1,7
30240850,5,0,5
30240883,4,1,3
30241116,16,7,9
30241473,27,3,24
30241858,31,14,17
30242286,10,1,9
30242494,4,1,3
30242766,4,2,2
30242983,9,4,5
30243264,8,3,5
30243377,1,2,-1
30243412,5,1,4
30243461,0,0,0
30243502,41,15,26
30243587,5,1,4
30244022,12,10,2
30244139,11,2,9
30244700,11,2,9
30244794,39,8,31
30245259,0,0,0
30245391,7,7,0
30245718,28,10,18
30245724,5,1,4
30245779,24,5,19
30246066,5,1,4
30246301,33,11,22
30246421,24,4,20
30247313,11,8,3
30247413,68,35,33
3024764,31,9,22
30247803,7,0,7
30247871,39,20,19
30247911,1,0,1
30248262,47,13,34
30248702,48,13,35
30249162,5,1,4
30250061,0,1,-1
30250222,3,2,1
30250244,49,26,23
30250260,33,18,15
30250463,7,4,3
30250672,3,1,2
30250894,20,4,16
3025116,0,0,0
30251373,17,3,14
30251793,19,11,8
30252194,12,5,7
302527,1,0,1
30252776,18,2,16
30253177,8,3,5
30256049,8,1,7
30257629,20,7,13
30258379,6,1,5
30259828,5,0,5
30260117,5,0,5
30260137,17,10,7
30260484,15,2,13
30260726,1,0,1
30260920,1,1,0
30261420,10,1,9
30261818,198,80,118
30261904,131,29,102
30261986,10,4,6
30262561,40,1,39
30262607,53,13,40
30263084,43,13,30
30263684,20,10,10
30263868,7,1,6
30265089,36,14,22
30265470,13,2,11
30267252,5,1,4
30267628,6,3,3
30268047,5,0,5
30269309,12,6,6
30269845,38,14,24
30270095,16,4,12
30270204,34,12,22
30271310,3,0,3
30271746,12,2,10
302718,32,6,26
30272097,16,11,5
30272914,101,20,81
30277313,10,1,9
3027736,51,7,44
30277462,8,2,6
30278117,26,8,18
30278737,54,16,38
30278980,45,14,31
30279021,141,15,126
30279112,9,4,5
30279388,1,0,1
30279726,68,21,47
30280060,8,4,4
30280355,2,0,2
30280427,24,1,23
30280739,0,0,0
30280920,5,3,2
30281364,8,3,5
30281388,2,0,2
30281494,93,25,68
30281536,10,0,10
30281692,0,0,0
30281713,123,36,87
30281745,34,6,28
30281822,6,2,4
30281873,0,0,0
30283224,10,2,8
30283339,12,2,10
30283403,13,4,9
30283455,14,5,9
30285278,44,24,20
30285334,8,3,5
30285485,28,4,24
30286030,10,1,9
3028657,75,33,42
30286715,4,1,3
30287260,0,1,-1
30287298,20,5,15
30287453,121,37,84
30287474,17,3,14
30287589,26,12,14
30287644,29,5,24
30288035,0,0,0
30288182,28,6,22
30288201,52,15,37
30288581,8,1,7
30288857,16,1,15
30289028,14,6,8
30289084,90,17,73
30289183,2,0,2
30289704,4,0,4
30289825,12,4,8
30290268,46,17,29
30290773,0,0,0
30291292,2,0,2
30291434,13,3,10
30291703,18,1,17
30292921,0,2,-2
30293345,27,9,18
30300299,24,6,18
30300693,6,5,1
30300857,27,9,18
30300957,1,0,1
30300980,5,2,3
30301521,33,12,21
30301668,7,4,3
30302217,4,4,0
30302315,19,4,15
30302657,3,0,3
30302883,2,1,1
30303436,1,0,1
30303920,42,7,35
30304013,38,13,25
30304082,65,15,50
30304179,11,4,7
30304447,1,4,-3
30304550,4,0,4
30304653,66,7,59
30304654,6,1,5
30304678,127,28,99
30304866,4,1,3
30304931,5,3,2
30304968,12,0,12
3030543,341,65,276
30305541,86,7,79
30305955,5,0,5
30306208,18,10,8
30307705,21,17,4
30307713,0,0,0
30307721,0,0,0
30307905,12,7,5
30308052,30,9,21
30308348,14,1,13
30308964,18,8,10
30309108,6,0,6
30309367,21,10,11
30309416,11,3,8
30309515,95,24,71
30309527,12,1,11
30310564,99,19,80
30311087,21,10,11
30311298,20,4,16
30311514,29,21,8
30311973,11,4,7
30312269,62,13,49
30312492,1,1,0
30312808,73,16,57
30312967,7,5,2
30313161,13,7,6
3031362,388,74,314
30313968,28,5,23
30313994,32,12,20
30314128,44,20,24
30314576,5,0,5
30314642,6,0,6
30315126,0,0,0
30315420,54,17,37
30315968,56,12,44
3031649,294,66,228
30316514,13,2,11
30317264,7,0,7
30317505,3,0,3
30318085,6,4,2
30320965,7,9,-2
30321134,25,5,20
30321362,0,0,0
30322370,31,15,16
30322527,31,16,15
30328463,0,0,0
30331593,0,0,0
30331642,6,3,3
30332597,51,39,12
30333054,0,0,0
30333303,13,2,11
30333590,29,29,0
30333681,0,0,0
30333967,10,0,10
30334428,40,11,29
30334485,19,6,13
30334585,0,1,-1
303347,133,38,95
30334816,37,4,33
30335074,50,11,39
30335097,0,0,0
30336318,9,1,8
30336659,25,10,15
30337071,64,11,53
30337135,6,0,6
30337388,21,7,14
30337512,49,16,33
30337720,30,6,24
30338023,0,1,-1
30338094,44,6,38
30338121,11,1,10
30338148,115,54,61
30338760,103,31,72
30338799,98,29,69
30338986,7,1,6
30339120,33,8,25
30339364,2,0,2
30339418,62,5,57
30339461,11,1,10
30341699,74,31,43
30341779,8,1,7
30342095,0,0,0
30342745,23,4,19
30342803,40,8,32
30342808,27,12,15
30342850,33,7,26
30342922,15,2,13
30343192,26,6,20
30343675,8,4,4
30344779,33,9,24
30344868,9,4,5
30345199,5,2,3
30346189,7,1,6
30346484,18,6,12
30346904,1,0,1
30347661,53,11,42
30347793,4,0,4
30347846,9,5,4
30348279,8,2,6
30348281,15,3,12
30348289,5,1,4
30348781,1,2,-1
30348881,8,0,8
30349606,25,5,20
30349625,27,4,23
30349628,21,11,10
30349630,13,3,10
30349643,15,8,7
30349658,36,9,27
30349659,15,3,12
30349737,6,5,1
30349768,4,0,4
30349792,24,10,14
30349803,12,0,12
30349804,18,3,15
30349823,14,4,10
30349944,35,4,31
30350526,16,3,13
30350535,0,0,0
30350536,9,5,4
30350605,10,4,6
30350612,15,3,12
30350646,15,5,10
30350653,16,3,13
30350659,2,1,1
30350727,30,9,21
30351402,13,4,9
30351412,12,4,8
30351504,2,0,2
30351509,2,2,0
30351538,3,4,-1
30351540,8,4,4
3035665,44,10,34
30357915,21,3,18
30357947,2,5,-3
30359072,77,28,49
30359406,48,5,43
30360127,12,6,6
30360566,2,0,2
30361238,43,25,18
30361387,1,2,-1
30361544,22,10,12
30361989,22,7,15
30362449,36,4,32
30362494,0,0,0
30362521,17,6,11
30362635,38,13,25
30363400,17,7,10
30363568,13,0,13
30363655,1,1,0
30363963,7,2,5
30364501,15,3,12
30364692,1,1,0
30365219,20,5,15
30365559,3,0,3
30365737,33,5,28
30366253,34,13,21
30366408,34,18,16
30366547,6,3,3
30366708,40,17,23
30368100,2,1,1
30368433,16,3,13
30368607,27,11,16
30368863,0,0,0
30369154,36,8,28
30369163,0,0,0
30369373,11,3,8
30369542,6,1,5
30369587,2,2,0
30369937,66,16,50
30370033,30,5,25
30370115,25,8,17
30370118,19,3,16
30370204,3,2,1
30370535,2,0,2
30370688,8,5,3
30370779,9,11,-2
30370853,6,0,6
30370875,10,0,10
30371251,10,5,5
30371364,1,0,1
30371611,35,12,23
30371791,6,1,5
30372565,0,0,0
30372586,28,5,23
30372752,4,2,2
30372781,2,0,2
30372867,35,3,32
30373235,45,7,38
30373645,22,3,19
30374086,20,10,10
30374422,3,0,3
30374562,8,2,6
30375370,10,2,8
30375452,7,2,5
3037602,61,40,21
30376046,68,17,51
30376258,4,0,4
30378191,78,41,37
30378371,67,32,35
3038126,52,25,27
30385062,0,0,0
30385727,0,1,-1
30386298,29,8,21
30386433,3,3,0
30387245,4,3,1
30387475,27,9,18
30387850,4,3,1
30388279,29,12,17
30389361,2,1,1
30389637,1,3,-2
30389882,31,14,17
30390085,11,2,9
30390536,5,2,3
30390958,14,2,12
30391185,6,0,6
30391534,14,6,8
30392540,17,3,14
30392655,35,10,25
30393258,7,1,6
30393396,9,4,5
30393614,4,3,1
30394050,77,10,67
30394215,9,1,8
30394669,1,1,0
30394720,16,16,0
30394840,30,3,27
30394981,24,7,17
30394994,31,16,15
30395258,82,15,67
30395415,11,11,0
30395671,69,11,58
30396743,54,20,34
30396795,3,4,-1
30396998,45,19,26
30397928,16,5,11
30398388,6,5,1
30400052,0,0,0
30400209,1,3,-2
30400469,0,0,0
30400628,9,1,8
30401023,84,8,76
30401375,7,3,4
30402090,62,7,55
30402129,19,2,17
30402430,3,2,1
30402538,25,11,14
30405432,30,11,19
30405825,64,9,55
30410891,25,7,18
30411203,8,0,8
30411402,22,8,14
30411404,1,1,0
3041178,45,20,25
30411899,66,15,51
30412823,0,0,0
30412990,4,2,2
30413069,3,0,3
30413117,0,0,0
30414187,5,0,5
30414289,0,0,0
30414332,8,1,7
30414601,15,6,9
30414779,37,10,27
30414976,9,9,0
30415048,103,17,86
30415326,55,3,52
30415481,9,1,8
30415595,10,2,8
30415605,0,0,0
30415895,1,0,1
304161,21,5,16
304162,63,12,51
3041621,572,99,473
30416244,43,7,36
30416520,1,0,1
30416685,22,11,11
30416876,20,1,19
3041696,540,99,441
30417284,7,1,6
30417418,2,0,2
30417776,14,2,12
30418384,39,16,23
30418651,28,4,24
30418733,165,23,142
30419989,5,2,3
30420401,4,1,3
30420863,44,11,33
30421460,47,3,44
30421710,96,4,92
30421841,19,4,15
30423928,32,4,28
30424571,66,34,32
30425446,25,7,18
30427098,0,0,0
30430606,16,5,11
30431541,2,1,1
30432150,7,2,5
30433397,14,1,13
30434106,5,0,5
30434170,19,5,14
30434521,7,7,0
30434648,7,9,-2
30435370,41,6,35
30435692,1,0,1
30435852,35,23,12
30436423,0,0,0
30436694,31,10,21
30436956,7,0,7
30436983,29,8,21
30437658,3,2,1
30437681,6,2,4
30438607,7,6,1
30438885,34,8,26
30438926,14,6,8
30439280,15,4,11
30439909,93,25,68
30440329,1,0,1
30440431,2,1,1
30440986,6,2,4
30441508,27,6,21
30442172,5,0,5
30442920,1,0,1
30443355,51,11,40
30443457,3,0,3
30444301,7,2,5
30444357,119,6,113
30444552,12,4,8
30444635,44,16,28
30444693,0,1,-1
30444772,2,1,1
30444868,6,2,4
30445012,8,5,3
30445167,10,6,4
30446185,7,2,5
30448423,0,0,0
30449164,5,1,4
30453807,248,38,210
30454559,1,0,1
30454707,4,3,1
30454711,5,1,4
30455183,66,17,49
30456213,6,1,5
30456311,9,1,8
30456502,0,1,-1
30456770,2,1,1
30457015,2,0,2
30457492,1,0,1
30457533,2,0,2
30457571,4,1,3
3045804,82,46,36
30458673,15,6,9
30460083,2,4,-2
3046025,14,2,12
30460335,0,0,0
30460358,6,3,3
30460644,16,5,11
30460769,19,5,14
30461400,45,16,29
30461793,10,2,8
30462153,7,2,5
30463289,12,5,7
30463345,9,0,9
30464061,1,0,1
30464276,0,0,0
30465036,2,0,2
30465681,11,2,9
30466060,30,12,18
30467113,3,2,1
30467624,1,4,-3
30467753,0,0,0
30467910,16,4,12
30468273,17,6,11
30468598,61,25,36
30469483,80,20,60
30475245,22,5,17
30477649,9,3,6
3048143,160,50,110
3048281,7,2,5
30484558,106,15,91
3048491,176,87,89
30486220,2,0,2
30486762,21,7,14
30486999,2,4,-2
30487434,0,0,0
30488054,62,15,47
30488203,70,15,55
30490264,23,4,19
30491497,54,22,32
304918,736,232,504
30492495,9,4,5
30492594,32,13,19
30493154,1,1,0
30493496,14,15,-1
30493556,17,3,14
30494120,6,0,6
30494356,4,3,1
30494938,25,2,23
30495002,15,0,15
30495159,12,4,8
30495327,15,2,13
30495362,1,0,1
30495594,0,0,0
30495628,2,0,2
30495669,11,6,5
30495851,102,19,83
30496026,11,2,9
30496091,20,4,16
30496124,0,1,-1
30496161,37,3,34
30496330,78,19,59
30496854,5,1,4
30496994,25,7,18
30497315,17,8,9
304976,359,70,289
3049765,1,0,1
30498028,0,0,0
30498318,1,2,-1
30498900,9,3,6
30499322,14,7,7
30499561,7,3,4
30500157,25,28,-3
30500728,5,2,3
30500747,4,0,4
30501339,0,0,0
30501793,10,0,10
30502143,36,7,29
30502645,0,2,-2
30502803,24,9,15
30503083,1,0,1
30504452,31,13,18
30504747,4,1,3
30505353,72,18,54
30505374,21,10,11
30506419,8,5,3
30507294,34,14,20
30507302,13,5,8
30507945,7,2,5
30508751,35,10,25
3051371,123,46,77
3051597,240,69,171
30516035,8,2,6
30517063,28,17,11
30517142,11,4,7
30517344,2,1,1
30517592,4,2,2
30518104,29,13,16
30518206,26,12,14
30518310,43,4,39
30518856,7,0,7
30518868,9,1,8
30519067,9,3,6
30519119,65,24,41
30519277,17,2,15
30519481,56,19,37
30519980,5,0,5
30519984,6,0,6
30520518,1,0,1
30521351,20,6,14
30521512,169,37,132
3052159,618,182,436
30521626,0,0,0
30521670,39,4,35
30522653,28,9,19
30522672,2,0,2
30523133,6,0,6
30523165,1,0,1
30523576,14,3,11
30524441,3,1,2
30524897,6,1,5
30525184,19,8,11
30525580,3,0,3
30525905,3,0,3
30526001,12,4,8
30526023,2,0,2
30526473,4,0,4
30526567,7,0,7
30526671,20,3,17
30526715,4,1,3
30527398,10,6,4
30527407,3,0,3
30527478,2,0,2
30527755,0,0,0
30527964,0,0,0
30528073,2,0,2
30530372,0,0,0
30531467,47,9,38
30532575,6,9,-3
30532705,0,0,0
30532883,95,28,67
30533376,15,7,8
30533698,15,4,11
30534048,31,5,26
30534203,25,1,24
30534779,31,17,14
30535507,0,1,-1
30535642,18,3,15
30535868,36,7,29
30536031,26,9,17
30536724,128,17,111
30536882,49,5,44
30537206,9,1,8
30542930,6,0,6
30544753,5,0,5
3054614,77,28,49
30547001,0,0,0
30547379,3,0,3
30547879,9,2,7
30548132,36,9,27
30548269,116,20,96
30548679,9,4,5
30549268,38,18,20
30549441,3,0,3
30549720,8,2,6
30549899,21,11,10
30550581,13,0,13
30550676,16,4,12
30550764,10,0,10
30550775,14,5,9
30550993,12,1,11
30551066,5,1,4
30551496,6,1,5
30552068,7,1,6
30552232,26,4,22
30552754,13,3,10
30552850,133,17,116
30553209,35,8,27
30553219,17,4,13
30553269,4,1,3
30553539,30,9,21
30553617,6,0,6
30553856,13,7,6
30554546,18,3,15
30555346,17,3,14
30555628,6,3,3
30555930,1,2,-1
30557166,1,1,0
30557333,0,0,0
30557510,4,0,4
30558684,30,21,9
30559040,11,3,8
30559473,48,10,38
30559751,11,1,10
30559835,11,4,7
30561242,20,10,10
30562138,15,3,12
30562466,0,0,0
30564969,2,0,2
3056733,178,105,73
30570540,14,2,12
30572148,19,6,13
30573744,0,0,0
30574537,19,14,5
3057492,91,39,52
30575100,57,8,49
30575168,44,12,32
30576664,2,0,2
30576696,1,1,0
30576723,29,8,21
30576739,90,11,79
30576903,25,8,17
30577027,91,42,49
30577516,0,0,0
30577517,5,6,-1
30577908,32,23,9
30578088,21,6,15
30578190,4,1,3
30578273,4,1,3
30578390,3,3,0
30578612,1,1,0
30578664,38,7,31
30578801,9,6,3
30578908,0,1,-1
30579119,21,1,20
30580329,15,4,11
30580499,22,6,16
30580995,16,5,11
30580997,20,3,17
30581141,11,5,6
305813,35,5,30
30581614,18,4,14
30581939,34,25,9
30582700,6,1,5
30582752,11,4,7
30582956,10,5,5
30583207,7,4,3
30583337,29,8,21
30584000,2,0,2
30584057,25,4,21
30586055,4,0,4
30586259,16,3,13
30586336,11,6,5
30586486,13,2,11
30586980,20,8,12
30587979,10,4,6
30588875,9,3,6
30589179,4,2,2
30589520,6,0,6
30590339,21,2,19
30590805,86,14,72
30591273,5,1,4
30591990,3,0,3
30592070,70,29,41
30592839,16,2,14
30594608,5,2,3
3059621,76,14,62
30597247,22,1,21
30598353,3,2,1
3060433,9,3,6
30605023,6,1,5
30605483,21,4,17
30606084,14,5,9
30607230,3,1,2
30607502,9,2,7
30607604,0,0,0
30609217,52,17,35
30612249,5,2,3
30612267,35,10,25
30613903,17,8,9
30615502,1,0,1
30616085,9,2,7
30617547,3,1,2
30618571,5,2,3
30624864,14,7,7
30625010,12,7,5
30625969,7,6,1
30628606,8,6,2
30631485,27,8,19
30631613,27,5,22
30634732,28,9,19
30636564,13,5,8
30636636,21,14,7
30637293,3,1,2
306405,9,11,-2
30640535,1,0,1
30641395,13,1,12
30641726,43,12,31
30644271,45,5,40
30645774,24,11,13
3064685,69,10,59
30647254,10,3,7
30648198,9,3,6
30648750,6,1,5
30648905,25,8,17
30649481,3,1,2
30649705,4,0,4
30656963,64,15,49
30657127,42,22,20
3066403,194,46,148
306677,608,173,435
30668252,16,6,10
30670294,47,18,29
30672992,11,3,8
30673359,24,9,15
30673504,16,2,14
306737,95,15,80
30674791,1,0,1
30675465,17,4,13
30678148,3,0,3
3067932,11,2,9
30679978,16,10,6
30680137,3,0,3
30680606,8,1,7
30681882,45,11,34
30682130,48,12,36
30682527,3,0,3
30683234,0,0,0
30684592,28,13,15
30684630,37,3,34
30684807,26,2,24
30685562,26,15,11
30685943,47,13,34
30686475,4,1,3
30686498,2,0,2
30688001,19,7,12
30688208,11,0,11
30688229,7,4,3
30689069,8,3,5
30689328,0,0,0
30689804,7,3,4
30690271,25,7,18
30690635,89,19,70
30690964,30,6,24
30692034,5,1,4
30692314,28,21,7
30692532,0,0,0
30692760,0,0,0
30693568,135,42,93
30693963,4,0,4
30694134,2,1,1
306966,60,18,42
30699613,1,1,0
30699658,15,4,11
30700704,7,3,4
30702364,20,1,19
30702585,39,3,36
30702887,27,18,9
30702957,0,0,0
30703135,0,0,0
30703390,15,2,13
30703403,65,20,45
30703723,6,2,4
3070413,11,3,8
30704306,1,0,1
30704343,68,12,56
30704397,6,0,6
30705125,5,0,5
30705153,33,5,28
30705609,29,6,23
30706007,30,4,26
30706055,0,0,0
30706109,9,3,6
30706567,18,3,15
30706626,2,0,2
30706764,0,0,0
30707022,0,0,0
3070810,7,2,5
30708223,12,0,12
30708465,3,0,3
30708856,10,1,9
30709953,12,7,5
30710326,16,11,5
30710688,14,2,12
30710713,0,0,0
30710773,25,7,18
30710977,1,0,1
30711659,3,0,3
30712327,34,11,23
30714560,2,2,0
30714734,3,2,1
30716588,4,0,4
30719755,8,1,7
30721765,5,0,5
30723604,29,12,17
30723710,23,2,21
30724005,1,0,1
30724034,3,2,1
30724166,76,20,56
30724676,0,0,0
30724911,29,13,16
30725383,3,1,2
30725427,22,7,15
30725836,0,0,0
30726527,5,2,3
30726554,1,0,1
30726731,21,5,16
30726918,34,15,19
3072715,180,90,90
30727257,0,0,0
30727577,23,8,15
30727635,2,0,2
30727637,7,2,5
30728508,19,36,-17
30729038,9,3,6
30729373,6,4,2
30729784,0,1,-1
30729867,92,26,66
30730442,2,0,2
30730831,2,1,1
30731004,2,1,1
30731076,2,2,0
3073164,230,31,199
30731642,9,6,3
30731964,6,2,4
30732133,3,1,2
30732727,26,18,8
30732733,27,12,15
30732819,9,1,8
30732961,15,7,8
30733053,42,12,30
30733082,51,15,36
3073408,47,17,30
30734191,2,1,1
30734214,2,1,1
30734291,5,2,3
30734443,21,8,13
30735944,11,6,5
3073628,0,0,0
30737138,0,0,0
30739995,4,3,1
30741801,7,0,7
30744496,8,4,4
30744557,12,5,7
3074780,587,194,393
3074800,44,4,40
30752510,11,0,11
30752692,4,0,4
30752886,14,3,11
30753061,9,1,8
30753299,25,8,17
30754100,42,5,37
30754357,5,0,5
30754511,2,0,2
30754518,4,2,2
30754556,2,2,0
30755180,6,5,1
30755396,3,0,3
30755817,3,0,3
30756179,35,5,30
30756222,122,25,97
30756672,0,0,0
30756838,3,0,3
30757013,7,4,3
30757021,11,1,10
30757664,9,1,8
30757849,0,0,0
30757998,7,1,6
30758007,5,0,5
30758096,91,7,84
30758683,4,0,4
30758813,23,6,17
30759004,3,0,3
30759081,12,4,8
30759475,10,0,10
30759841,19,10,9
30759984,31,9,22
30760224,148,17,131
30760468,4,5,-1
30760568,1,0,1
30760701,12,6,6
30760930,29,0,29
30761282,24,5,19
30761410,88,48,40
30761665,44,16,28
30761706,15,7,8
30762121,34,4,30
30762213,58,19,39
30762252,66,32,34
30762258,12,5,7
30763013,4,1,3
30764153,2,1,1
30764707,80,26,54
30765504,36,27,9
30766080,11,2,9
30766102,28,12,16
30766292,7,0,7
30766618,26,8,18
30767174,25,6,19
30767895,0,0,0
30768016,17,5,12
30768812,14,4,10
30769550,7,2,5
30770343,66,21,45
30773607,6,0,6
30777025,49,13,36
30777325,27,3,24
30777955,62,14,48
30779056,17,6,11
30779079,0,2,-2
30780041,0,0,0
30780257,8,2,6
30780348,48,22,26
30781958,21,10,11
30782505,5,2,3
30782583,3,0,3
30783031,61,20,41
30783126,3,2,1
30783259,23,6,17
30783446,25,9,16
30783566,12,3,9
30783918,0,0,0
30784534,0,0,0
30785525,12,5,7
30785924,42,5,37
30786493,13,4,9
30786560,56,3,53
30786647,4,1,3
30786650,30,4,26
30786896,22,4,18
30787582,32,14,18
30787912,47,19,28
30787957,4,1,3
30788263,27,17,10
30788289,128,14,114
30789505,1,0,1
30790399,3,1,2
30790920,14,7,7
30791499,1,1,0
307923,214,28,186
30793018,21,3,18
30793572,4,0,4
30794039,0,1,-1
30794587,6,0,6
30795101,23,4,19
30795302,52,6,46
30795482,0,0,0
30795899,4,0,4
30795984,5,1,4
30796568,1,2,-1
30796894,0,1,-1
30796985,7,1,6
30798672,15,2,13
30799214,11,1,10
30800413,44,15,29
308005,181,50,131
30800685,64,20,44
30800981,48,18,30
3080111,73,26,47
30801147,39,13,26
30801257,53,14,39
30801354,80,18,62
3080330,221,38,183
30803740,21,24,-3
30804026,4,0,4
30804841,31,10,21
30806471,4,2,2
30806760,31,28,3
30806988,8,0,8
30807027,49,17,32
30807713,23,8,15
3080864,42,6,36
30808754,42,8,34
30808857,20,3,17
30809165,6,0,6
30809436,4,0,4
30810434,2,0,2
30810745,13,1,12
30810765,4,0,4
30810916,1,1,0
30811163,47,16,31
30811345,9,6,3
30811551,47,19,28
30812171,4,0,4
30813395,10,2,8
30813624,43,9,34
30814427,55,22,33
30814950,18,2,16
30815324,5,0,5
30815506,26,4,22
30816347,24,9,15
30816527,10,4,6
30817558,25,5,20
30817760,1,0,1
30818085,3,2,1
30818443,1,0,1
30819702,71,19,52
30819726,3,0,3
30821085,32,9,23
30822328,0,0,0
30822744,6,2,4
30822782,15,4,11
30822821,31,14,17
3082415,13,5,8
30824774,0,0,0
30825532,29,13,16
3082748,3,0,3
30833362,56,33,23
30834432,27,1,26
30834938,5,6,-1
30835181,6,1,5
30836770,16,3,13
30837386,4,0,4
30837418,11,2,9
30840205,14,2,12
30840569,9,2,7
30840892,87,27,60
30840894,17,6,11
30843870,9,2,7
30846743,1,1,0
30848045,14,2,12
30848143,0,0,0
30849182,9,3,6
30849307,18,10,8
30849548,7,1,6
30850152,40,8,32
30850294,27,12,15
30850562,2,0,2
30850704,5,6,-1
30850801,147,29,118
30850863,6,1,5
30851122,32,10,22
30851301,11,8,3
30851388,5,0,5
30851744,6,1,5
30852032,3,3,0
30852039,11,7,4
30852102,26,7,19
30852216,14,2,12
30852254,2,7,-5
30852390,9,2,7
30853087,43,14,29
30853756,6,0,6
30854022,0,0,0
30854395,5,0,5
30856279,96,33,63
30858721,49,20,29
3085879,355,68,287
30858815,2,1,1
30858852,6,1,5
30859819,45,11,34
3086274,13,8,5
3086305,46,3,43
308640,66,14,52
3086844,153,49,104
3086926,128,47,81
3087099,30,12,18
3087347,1,2,-1
30873526,41,13,28
3087374,188,54,134
30874548,39,14,25
30875221,18,6,12
30875260,21,7,14
30875299,25,8,17
3087635,105,28,77
30876552,2,2,0
30876675,13,0,13
30876968,0,0,0
30877093,0,1,-1
30878232,10,9,1
30878381,22,12,10
30878495,15,2,13
30878981,3,0,3
30879297,2,1,1
30880648,3,1,2
30882882,35,17,18
30882894,2,0,2
30883527,0,0,0
30883582,30,13,17
30883934,5,0,5
30885572,45,26,19
30886845,14,3,11
30886851,8,2,6
30886975,3,1,2
30888701,24,4,20
30888885,12,3,9
30889688,0,0,0
30890821,12,1,11
30894148,29,15,14
30894958,8,4,4
30895716,0,0,0
30896207,4,1,3
30896616,7,6,1
30897111,40,27,13
30897674,18,10,8
30897803,4,0,4
30898569,7,2,5
3089910,167,34,133
30899539,20,2,18
30899615,0,0,0
30899618,3,2,1
30899802,7,1,6
30899813,0,0,0
30900299,12,1,11
30900731,51,12,39
30900843,24,7,17
30901983,0,0,0
30902101,34,10,24
30902302,6,2,4
30902571,3,0,3
30903098,16,11,5
30903344,72,22,50
30903475,94,16,78
30903905,1,1,0
30904176,2,0,2
30904523,10,7,3
30905526,57,8,49
30905557,6,0,6
30905727,13,4,9
30905743,7,8,-1
30906165,136,35,101
30907817,9,4,5
30908352,22,5,17
30908684,18,5,13
30908809,32,6,26
30910626,99,23,76
30912432,10,4,6
30917807,32,9,23
30917814,2,1,1
30918026,68,42,26
30918311,30,7,23
30918317,86,43,43
30918965,26,6,20
30919465,0,0,0
30919596,8,1,7
30919810,15,5,10
30920159,0,0,0
30920293,3,9,-6
30921560,10,8,2
30921943,9,0,9
30922286,18,2,16
30922834,19,4,15
30923244,7,0,7
30923834,139,16,123
30925108,21,7,14
30926755,37,8,29
30927190,7,3,4
30927834,131,25,106
30928765,22,11,11
30928921,78,18,60
30929025,10,3,7
30929054,32,6,26
30929281,29,14,15
30929790,3,1,2
30930760,68,23,45
30930877,13,5,8
30932245,6,0,6
30933590,0,0,0
30933660,10,8,2
30933840,21,5,16
30933864,4,1,3
30934538,6,1,5
309346,66,21,45
30936049,22,6,16
30936863,29,4,25
30937272,0,1,-1
30937702,45,15,30
30937820,2,1,1
30941932,0,0,0
30942554,36,8,28
30942963,2,0,2
30944600,3,0,3
30946229,48,11,37
30946445,11,1,10
30947278,6,1,5
30947432,3,1,2
30947456,30,10,20
30947535,49,16,33
30948524,13,5,8
30948536,2,3,-1
30948614,39,16,23
30949691,34,6,28
30950177,37,6,31
30950282,5,4,1
30951942,2,1,1
30952440,10,4,6
30952458,16,11,5
30952921,11,2,9
30952934,12,7,5
30953391,0,0,0
30953567,36,13,23
30953716,49,22,27
30954567,8,11,-3
30954818,8,6,2
30954829,1,2,-1
30954866,75,16,59
30954900,13,8,5
30955031,22,11,11
30955089,18,5,13
30955126,59,24,35
30955211,13,7,6
30955283,17,1,16
30955400,36,18,18
30955488,1,0,1
30955529,7,1,6
30955543,5,0,5
30955613,41,15,26
30955723,42,14,28
30955780,2,2,0
30956150,33,14,19
30956823,35,7,28
30957531,7,0,7
30957548,0,0,0
30957602,2,0,2
30957661,60,10,50
30957877,10,2,8
30958891,0,0,0
30959312,11,10,1
30959485,0,2,-2
30959497,3,2,1
30959739,4,0,4
30959802,19,8,11
30959914,51,15,36
30960740,53,20,33
30961213,5,8,-3
30961533,7,1,6
30964299,69,16,53
30969096,72,9,63
30969925,0,0,0
30970288,11,5,6
30970499,1,1,0
30970619,15,13,2
30971159,32,4,28
30971294,36,5,31
30972222,2,0,2
30972792,2,1,1
30973911,31,13,18
30974745,3,2,1
30975048,11,1,10
3097567,331,75,256
30975673,5,2,3
30975707,13,5,8
30975743,18,1,17
30977251,7,4,3
30977370,6,4,2
30977823,58,30,28
30978390,35,16,19
30978468,38,15,23
30978829,0,1,-1
30979205,7,3,4
30980582,2,0,2
30980676,7,7,0
30982417,2,0,2
30982461,2,1,1
30982988,2,2,0
30983005,68,22,46
30983141,12,9,3
30984286,37,7,30
30984496,13,2,11
30984535,19,3,16
30987995,25,6,19
3098844,24,8,16
30990296,19,4,15
30990761,6,3,3
3099108,328,47,281
3099262,438,143,295
30997816,1,0,1
30998575,90,12,78
31000089,10,5,5
31000429,9,4,5
31000737,0,0,0
31005106,0,0,0
3100592,150,66,84
31006013,32,6,26
31006580,4,2,2
31006680,46,9,37
31006788,40,10,30
31007208,18,6,12
31007787,37,5,32
31007937,16,5,11
31008471,14,2,12
31009957,17,9,8
310107,13,4,9
31010905,10,8,2
31011168,19,3,16
31011319,3,1,2
31011336,15,7,8
31011433,13,6,7
31011476,10,4,6
31011560,23,10,13
31012056,110,30,80
31012292,7,6,1
31012374,64,6,58
31012501,34,10,24
31012995,21,28,-7
31013222,101,26,75
31013234,18,3,15
31013954,40,18,22
31014040,9,0,9
31014265,6,0,6
31014270,10,2,8
31014624,6,3,3
31015080,31,6,25
31015122,1,1,0
31015395,3,0,3
31015699,78,13,65
31016260,1,0,1
31016553,4,1,3
31017004,42,29,13
31017202,22,6,16
31017649,8,1,7
31017852,4,1,3
31018603,17,9,8
31018841,2,0,2
31020051,43,8,35
31020753,145,50,95
31020860,29,5,24
31021249,31,17,14
31021743,36,7,29
31022252,1,1,0
31022429,9,1,8
31022604,0,2,-2
31022647,59,22,37
31023321,14,5,9
31027055,9,1,8
31027161,12,6,6
31028878,4,0,4
31029140,29,14,15
31030140,1,0,1
31030266,2,4,-2
31030294,2,1,1
31031028,16,5,11
31031333,18,8,10
31031380,10,3,7
31031767,0,0,0
31031980,9,0,9
31032917,33,9,24
31033224,0,0,0
31033992,18,4,14
31034269,10,5,5
31034592,0,0,0
31034620,4,0,4
31034903,3,5,-2
31035061,24,12,12
31035762,39,16,23
31036321,5,2,3
31037898,2,1,1
31037901,5,0,5
31037903,10,8,2
31038622,16,1,15
31039757,20,3,17
31040204,7,2,5
31040857,0,0,0
31041407,14,1,13
31044931,4,4,0
31045053,8,5,3
31046514,70,15,55
31048376,0,0,0
31048406,11,3,8
31048921,10,5,5
31049669,14,2,12
31050372,6,0,6
31051008,11,10,1
31051147,55,21,34
31051220,46,24,22
31055272,78,22,56
31056301,37,8,29
31056332,47,8,39
31056453,38,6,32
31057297,3,1,2
31057463,21,3,18
31060181,20,4,16
31062637,78,10,68
31062940,33,15,18
31063256,11,1,10
31064167,1,0,1
31064229,45,11,34
31064290,15,4,11
31064743,29,5,24
31065447,11,1,10
31065500,13,4,9
31066272,46,15,31
31066312,3,1,2
31066551,6,2,4
31067063,11,5,6
31067114,5,1,4
31067165,16,7,9
31068748,64,6,58
31069766,0,0,0
31070554,44,4,40
31070555,31,3,28
31070729,9,1,8
31071138,17,8,9
31071207,64,9,55
31071260,26,11,15
31071496,5,7,-2
31072204,0,0,0
31072255,29,14,15
310724,461,99,362
31073357,14,9,5
31075109,4,1,3
31078364,4,1,3
31078624,33,13,20
3107993,30,9,21
31080154,1,1,0
31080339,25,7,18
31080542,21,5,16
3108100,100,35,65
31081509,12,10,2
3108186,17,11,6
31081930,0,0,0
31082051,6,1,5
31082403,41,7,34
31082588,8,3,5
31084761,12,1,11
31085251,17,8,9
31087107,0,1,-1
31087595,23,7,16
31088205,13,1,12
31088441,4,0,4
31088620,0,0,0
31094242,73,17,56
31094275,0,0,0
31094641,54,11,43
31094664,37,10,27
310949,697,158,539
31096094,8,0,8
31096654,1,0,1
31097745,75,12,63
31097751,23,4,19
31097768,28,4,24
31097891,1,1,0
31099713,8,4,4
31101247,4,3,1
31102128,19,3,16
31102463,2,1,1
31102843,4,2,2
31103087,6,3,3
31103371,20,7,13
31105347,2,2,0
31108487,1,1,0
3110857,12,2,10
3110866,11,4,7
31108978,42,7,35
31109100,57,17,40
31109989,60,1,59
31110408,84,27,57
31110862,14,2,12
31110879,85,18,67
31111462,48,9,39
31111841,5,1,4
31112600,3,0,3
31112819,33,2,31
31113099,65,15,50
31113199,25,3,22
3111356,28,3,25
31113964,44,17,27
31114152,1,0,1
31114879,39,6,33
31115388,51,9,42
31116322,76,11,65
31116845,65,17,48
31116871,0,0,0
31116993,0,0,0
31117091,102,24,78
31117165,24,1,23
31118165,9,2,7
31118351,0,0,0
31120845,31,12,19
31121306,30,3,27
31122092,0,0,0
31122301,9,2,7
31122673,1,0,1
31122930,23,4,19
31122938,8,3,5
31123102,2,0,2
31123783,21,6,15
31123968,9,6,3
31124016,0,0,0
31124330,48,23,25
31124522,0,0,0
31125513,16,8,8
31129560,1,0,1
31129570,10,8,2
31129617,34,21,13
31129704,19,25,-6
31131058,23,8,15
31131640,7,3,4
31132218,3,0,3
3113236,641,211,430
31133746,6,7,-1
31134118,11,3,8
31134286,9,2,7
3113465,29,3,26
31135188,10,0,10
31135932,30,1,29
31136360,8,4,4
31136895,13,3,10
31138473,13,2,11
31139456,17,1,16
31140626,42,7,35
31140749,17,5,12
31140936,182,55,127
31141775,219,83,136
3114243,200,33,167
31142910,38,14,24
31142948,1,1,0
311430,37,10,27
31144517,76,11,65
31145722,15,4,11
31145728,10,14,-4
31146548,14,2,12
31146665,67,5,62
31147180,3,0,3
31148957,1,3,-2
31150442,35,10,25
31152390,1,0,1
31156582,33,7,26
31157158,11,2,9
31157358,28,7,21
31158604,5,0,5
31160973,0,0,0
31161266,22,5,17
31161399,11,2,9
31161808,52,16,36
31162486,21,7,14
31162563,6,2,4
31163354,37,19,18
31163590,21,7,14
31164306,16,2,14
31164413,51,10,41
31164417,6,0,6
31164457,40,10,30
31164602,3,2,1
31164619,12,3,9
3116464,4,2,2
31164673,0,1,-1
31165843,21,10,11
31165870,4,1,3
31167499,19,13,6
31167587,21,3,18
31167671,11,5,6
31168246,25,3,22
31169107,52,18,34
31169899,68,13,55
31170169,60,4,56
31170316,33,5,28
31170488,5,1,4
31170862,12,2,10
31171160,2,2,0
31171807,12,0,12
31171821,30,7,23
31173140,25,8,17
31173217,121,22,99
31173231,6,3,3
31173236,30,1,29
31173239,21,5,16
31173622,22,7,15
31173729,22,10,12
31173818,102,17,85
31174068,100,22,78
31174267,88,29,59
311768,437,151,286
31179610,36,8,28
31182172,17,6,11
31182261,14,14,0
31182349,42,9,33
31182704,12,2,10
31183272,43,2,41
31183589,1,0,1
31184300,4,3,1
31184343,41,10,31
3118614,213,35,178
31186262,8,4,4
31186975,15,2,13
31187488,17,4,13
3118791,250,120,130
31187921,5,0,5
31188454,57,26,31
31189095,8,1,7
31189372,38,7,31
31189501,13,3,10
31189603,4,1,3
31190805,10,0,10
31191177,2,4,-2
31191739,49,20,29
31193180,14,15,-1
31195520,1,0,1
31197255,97,44,53
31198163,2,0,2
31199293,27,6,21
31199729,3,1,2
31199762,5,1,4
31199795,3,1,2
31200312,78,20,58
31200355,12,4,8
31200854,56,37,19
3120131,8,2,6
31201447,35,15,20
31202295,79,27,52
3120258,17,1,16
31202756,78,15,63
31203149,0,0,0
31203308,9,11,-2
31203584,7,5,2
31204233,32,12,20
31204476,6,0,6
31204959,7,1,6
31204978,6,3,3
31205234,1,4,-3
31206118,86,17,69
31206229,107,17,90
31206251,59,9,50
31206803,20,3,17
31207214,110,17,93
31207448,9,2,7
31207727,45,23,22
31208879,4,1,3
31209166,20,8,12
31209220,1,0,1
31210001,17,2,15
31216140,42,26,16
31216687,6,3,3
31218078,99,19,80
31218155,1,0,1
31218210,29,12,17
31218709,23,6,17
31219069,6,1,5
31219233,38,4,34
31219734,28,12,16
31220431,17,6,11
31220664,36,16,20
31220825,0,0,0
31221093,35,16,19
31221363,9,3,6
31221624,29,2,27
31221819,4,1,3
31221830,12,8,4
31222161,79,17,62
31224289,29,10,19
31225607,1,0,1
31228998,23,7,16
31229933,9,3,6
31231829,22,7,15
31232120,80,17,63
31232417,8,8,0
3123288,255,30,225
31233602,12,2,10
31234021,25,11,14
31234161,42,30,12
31234258,10,5,5
3123465,211,22,189
31234849,1,0,1
31236055,0,0,0
31236884,2,1,1
31237212,1,1,0
31237432,6,2,4
31237774,2,0,2
31238311,3,0,3
31240813,6,1,5
31246695,18,5,13
31246945,67,32,35
31247750,26,5,21
31248292,13,3,10
31248458,150,23,127
31248785,11,3,8
31249237,5,3,2
31250453,30,18,12
31251132,8,0,8
31251261,3,0,3
31252152,37,15,22
31252735,24,0,24
31252872,95,18,77
31253980,12,11,1
31253983,14,3,11
31254646,46,12,34
312557,271,125,146
31255705,9,1,8
31255924,9,2,7
31256189,18,4,14
31256327,51,6,45
31256957,10,1,9
31257423,11,9,2
31257457,4,1,3
31258932,16,7,9
31259065,4,0,4
31260460,20,4,16
31261673,0,0,0
31261784,30,8,22
31263139,0,2,-2
31263957,1,0,1
31264841,30,9,21
31265244,23,5,18
31266743,55,19,36
31267743,1,0,1
31269081,85,24,61
31270609,52,12,40
31272316,14,8,6
31273083,15,12,3
31273392,6,0,6
31274468,6,2,4
31275042,15,2,13
31275735,65,22,43
3127586,19,12,7
312761,338,119,219
31276368,32,7,25
31276480,12,4,8
31276738,1,0,1
31276947,1,0,1
31277327,2,1,1
31278118,78,28,50
31278645,6,2,4
31280548,31,9,22
31281481,30,7,23
31281558,6,0,6
31283077,8,0,8
31283173,79,13,66
31283517,17,9,8
31284509,19,3,16
31284530,6,0,6
31284807,5,0,5
31285000,0,0,0
31285185,22,9,13
31286801,20,10,10
31287211,3,0,3
31288193,7,3,4
31288308,1,3,-2
31288401,3,0,3
31288550,65,18,47
31288554,59,35,24
31289664,16,0,16
31289732,31,6,25
31293012,37,14,23
3129354,9,6,3
31296907,11,4,7
31299139,33,11,22
31299574,16,4,12
31300367,16,7,9
3130082,18,2,16
31300909,4,4,0
31300930,110,13,97
31301122,13,1,12
313012,79,17,62
31301431,8,4,4
31302133,25,2,23
31302735,6,2,4
31303866,30,16,14
31304270,34,9,25
31304302,6,0,6
31304571,21,10,11
31304600,3,1,2
31304623,3,1,2
31304876,9,3,6
31305327,0,0,0
31305339,26,1,25
31305895,20,20,0
31306678,18,3,15
31307686,14,9,5
31307946,1,0,1
31308246,12,4,8
31308535,37,10,27
31308932,0,0,0
31308995,17,0,17
31309015,16,6,10
31309721,3,0,3
31309896,18,7,11
31310994,2,0,2
31313379,40,13,27
31313937,40,14,26
31314005,4,0,4
31317032,51,13,38
31318778,16,2,14
31322762,0,0,0
3132302,14,3,11
31323677,16,7,9
31323746,59,9,50
31325161,102,23,79
31325432,2,0,2
31325459,39,2,37
31325808,15,6,9
31327169,43,9,34
31327343,34,9,25
31328087,30,7,23
31328282,0,0,0
31328470,11,3,8
3132886,242,52,190
31329173,19,18,1
31329710,103,15,88
31330200,40,11,29
31330353,1,3,-2
31331002,25,6,19
31331932,3,0,3
31332005,2,1,1
31332644,97,26,71
31333349,8,3,5
31333728,2,0,2
31334515,17,6,11
31335142,5,1,4
31335636,44,5,39
31337220,0,0,0
31337231,39,14,25
31337883,33,2,31
31338000,3,1,2
31339146,25,4,21
31339815,20,13,7
31340263,57,13,44
31340798,9,6,3
31340981,11,2,9
3134263,543,178,365
31343059,29,7,22
31343280,32,15,17
31343544,7,0,7
31343728,20,4,16
31345020,22,2,20
31345808,36,11,25
31346359,27,8,19
31346582,5,2,3
31346640,2,1,1
31346702,113,13,100
31347144,1,0,1
31347225,48,20,28
31347418,8,0,8
31347573,4,0,4
31347755,36,15,21
31347874,65,23,42
31348085,9,2,7
31348195,2,1,1
31348546,6,2,4
31348617,16,2,14
31349000,68,13,55
31349516,37,32,5
31349561,120,14,106
31349589,7,1,6
31350511,2,0,2
31351090,5,0,5
3135135,48,28,20
31351464,27,9,18
31351572,25,3,22
31352140,15,7,8
31352467,30,5,25
3135259,135,45,90
31352643,33,21,12
31352834,4,1,3
31353408,30,5,25
31353525,12,5,7
31353680,33,9,24
31353828,15,5,10
31354023,31,16,15
31354617,22,5,17
31354718,11,2,9
31355572,49,19,30
31355932,20,1,19
31356195,0,0,0
31356631,12,2,10
31356873,1,1,0
31357163,0,1,-1
31358061,22,5,17
31358218,23,6,17
31358301,15,4,11
31358377,2,0,2
31358901,7,6,1
31359066,58,6,52
31359388,50,2,48
31359891,21,3,18
31360172,27,8,19
31361350,28,16,12
31361751,1,1,0
31361753,174,21,153
3136436,374,60,314
31368466,10,6,4
3136901,161,23,138
31369089,3,0,3
313694,636,145,491
31370062,4,5,-1
31370242,12,1,11
313710,44,10,34
31371285,16,7,9
31371332,32,10,22
31371504,6,2,4
3137171,35,6,29
31371992,9,2,7
31372338,105,17,88
31372973,1,0,1
31372980,10,2,8
31373593,2,2,0
31374212,19,12,7
31374758,6,0,6
31375156,1,0,1
3137604,269,57,212
31376952,3,2,1
31377644,1,0,1
31377710,38,9,29
31378037,20,5,15
31378213,54,9,45
31378243,6,2,4
31378725,80,12,68
31380474,11,0,11
31380644,62,16,46
3138119,31,17,14
31381374,20,4,16
31381512,6,0,6
31382201,34,16,18
31382214,64,15,49
31384140,26,8,18
31384305,23,12,11
31384572,14,4,10
31384788,7,10,-3
31384904,3,0,3
31384921,0,0,0
31384968,24,17,7
31385081,48,12,36
3138549,24,9,15
31385508,30,16,14
31385719,20,14,6
31386855,4,2,2
31387266,9,0,9
31387526,11,7,4
31388197,167,43,124
3138895,21,5,16
31393430,28,12,16
31395242,8,0,8
31395367,33,15,18
31396002,0,0,0
31396671,7,4,3
31396696,0,0,0
31396720,49,11,38
31396770,40,12,28
31397050,6,6,0
31397623,6,5,1
31397925,21,5,16
31398373,60,27,33
31398667,9,3,6
31399806,24,3,21
31400165,9,2,7
31400523,35,11,24
31400701,21,5,16
31401142,9,0,9
31401396,10,2,8
31401706,113,36,77
31402433,7,0,7
31402438,0,0,0
31402443,2,1,1
31402463,11,4,7
31402976,21,5,16
31403335,27,6,21
31403758,30,45,-15
31404052,4,2,2
31404666,96,14,82
31405830,55,5,50
31406190,10,3,7
31406527,3,0,3
31406537,45,26,19
314066,496,93,403
31406703,15,1,14
31406778,9,10,-1
3140773,4,2,2
31408691,156,24,132
31409077,12,2,10
31409128,91,25,66
31409494,44,5,39
31411338,7,1,6
31411800,6,3,3
31411811,5,0,5
31412312,5,1,4
3141279,4,0,4
31412980,30,4,26
31413272,29,1,28
31413717,6,0,6
31413896,27,8,19
3141414,42,9,33
31414189,27,13,14
31415294,4,1,3
31415655,32,7,25
31415753,9,0,9
31416132,18,0,18
314164,5,5,0
3141762,33,6,27
31418558,2,0,2
31419012,99,25,74
3142125,48,14,34
31422311,64,12,52
31422779,4,2,2
31424033,64,11,53
31425488,11,3,8
31425568,49,6,43
31425619,2,0,2
31425811,0,0,0
31427100,0,0,0
31427211,2,1,1
31427450,5,1,4
31427598,4,1,3
31428249,13,3,10
31428357,0,0,0
31428420,1,2,-1
31428493,31,7,24
31428685,25,2,23
31429525,25,9,16
31429604,9,2,7
31429831,56,38,18
31430055,11,6,5
31430083,44,3,41
31430126,19,7,12
31430135,1,0,1
31430647,19,10,9
31430813,37,8,29
31431226,33,13,20
31431501,51,16,35
31431576,9,3,6
31431606,0,0,0
31432619,6,3,3
31432673,37,6,31
31432839,10,1,9
31433189,3,0,3
3143390,2,3,-1
31434041,7,2,5
31434944,128,23,105
3143509,119,35,84
31435610,0,0,0
31436516,121,23,98
31437076,15,1,14
31437264,28,11,17
31437489,0,0,0
31437515,60,5,55
31437758,16,3,13
31437899,12,0,12
3143830,202,62,140
31438675,14,4,10
31439307,54,22,32
3144066,13,4,9
31440825,4,4,0
31440829,0,0,0
31441351,12,1,11
31441543,14,0,14
31442031,23,2,21
31442261,29,2,27
31442331,24,9,15
31442464,12,5,7
31442609,5,0,5
31443415,1,0,1
3144403,2,2,0
31444360,0,0,0
31444517,4,2,2
31445289,6,0,6
31445775,2,0,2
31445873,25,4,21
3144676,10,7,3
31447613,0,0,0
31448368,33,19,14
31448824,8,7,1
31453233,15,3,12
31453597,28,20,8
3145456,2,4,-2
31454974,9,0,9
31455188,17,16,1
31455906,21,6,15
31456167,9,4,5
31456473,21,4,17
31456876,4,2,2
31457299,0,0,0
31457590,43,23,20
31457764,6,0,6
31457845,0,0,0
31458024,0,0,0
31458056,47,26,21
31458289,0,0,0
31458317,14,3,11
31458375,41,14,27
31458488,44,8,36
31458755,18,12,6
31459308,4,0,4
31459911,5,1,4
31460147,13,11,2
31460540,35,14,21
31460739,30,11,19
31460818,26,11,15
31460822,3,0,3
31461034,13,8,5
31461407,24,15,9
31461926,12,1,11
31461965,34,6,28
31462058,12,5,7
31462221,49,27,22
31462270,31,17,14
31462373,1,0,1
31462387,9,3,6
31462760,16,4,12
31463018,20,9,11
31463347,0,0,0
31463458,16,7,9
31463750,13,1,12
31463809,5,1,4
31464983,4,0,4
31466107,2,0,2
31466414,1,1,0
3146648,2,0,2
31466645,2,0,2
3146768,12,5,7
31468098,33,9,24
31468769,16,14,2
31468945,12,4,8
31468951,2,0,2
31469120,67,8,59
31469183,4,0,4
31469202,10,8,2
31469267,37,15,22
31469349,23,5,18
31469554,24,16,8
31469777,6,2,4
31469852,2,0,2
31470120,32,8,24
31470133,14,11,3
31470576,43,12,31
31470727,5,5,0
31470760,63,19,44
31470912,29,22,7
31471062,20,15,5
31473111,5,3,2
31478260,134,16,118
31478315,27,6,21
31479146,8,3,5
31479164,25,9,16
31479198,8,0,8
31479663,2,1,1
31479779,9,1,8
31480032,24,12,12
31480053,9,1,8
31480196,2,0,2
31481293,49,19,30
31481294,14,2,12
31481388,28,5,23
31481593,40,28,12
31481630,5,4,1
31481662,4,0,4
31481979,10,8,2
31482533,12,2,10
31484015,27,11,16
31484017,4,1,3
31484221,7,0,7
31484324,23,9,14
31484346,5,0,5
31484401,20,3,17
31484421,52,19,33
31485238,35,7,28
31485836,38,17,21
31485920,5,0,5
3148613,241,43,198
31486341,7,0,7
31486927,0,1,-1
31486957,4,0,4
31487042,3,4,-1
31487106,4,7,-3
31487136,2,0,2
31487146,6,2,4
31487303,0,0,0
31487532,9,0,9
31488034,7,4,3
31488095,11,5,6
31490015,24,4,20
31492011,0,0,0
31492352,27,7,20
31492371,9,0,9
31492626,37,19,18
31493172,3,0,3
31493856,30,5,25
31494205,0,0,0
31494831,24,7,17
31494941,2,2,0
31495400,54,14,40
31496637,9,2,7
31496966,16,13,3
31498374,31,11,20
314985,24,2,22
31502215,24,2,22
31502665,68,21,47
31503347,8,2,6
31504021,31,8,23
31504911,4,0,4
31505458,12,0,12
31506069,10,3,7
31506458,54,20,34
31507123,24,5,19
31507444,2,1,1
31507503,43,6,37
31507726,10,2,8
31508044,3,2,1
31508116,35,12,23
31508586,16,3,13
31508661,15,10,5
31509892,18,0,18
31510219,0,0,0
31511594,59,14,45
31512083,12,0,12
31512357,16,1,15
31512561,16,4,12
31512974,4,5,-1
31514017,22,2,20
31515657,8,1,7
31516018,19,2,17
31516662,20,3,17
31516984,8,3,5
31520139,71,17,54
31523695,13,6,7
315238,100,42,58
31524975,29,5,24
31525029,9,3,6
3152512,457,165,292
31526449,40,11,29
31526693,18,1,17
31526978,1,1,0
31527168,94,28,66
31527437,16,0,16
31527744,3,3,0
31528095,27,4,23
31528156,11,5,6
31529288,7,2,5
31529463,14,4,10
31529505,17,7,10
31530371,3,0,3
31530623,20,4,16
31530712,19,3,16
31530773,81,12,69
31532479,24,5,19
31532632,225,87,138
31533125,0,0,0
31533142,13,1,12
31534185,55,21,34
31534566,2,0,2
31535036,81,9,72
31535487,18,2,16
3153564,21,3,18
31536054,15,0,15
31537547,6,2,4
31538138,8,2,6
31538147,63,9,54
31538833,2,2,0
31539056,49,4,45
31540995,26,2,24
31541396,32,7,25
31546379,3,0,3
3154702,133,17,116
315489,215,39,176
31549446,53,16,37
31550339,19,6,13
31551559,36,12,24
31552125,1,0,1
31552128,3,3,0
31552210,12,2,10
31552325,1,0,1
31552854,4,0,4
31553065,29,8,21
31554120,1,0,1
31554580,29,4,25
31555540,108,12,96
31555781,20,6,14
31556667,16,4,12
31557735,138,18,120
31559547,0,0,0
31559726,15,4,11
31561283,85,17,68
31561336,3,2,1
31561520,20,10,10
31561681,10,1,9
31562518,9,1,8
31562692,5,1,4
31562698,10,2,8
31563339,22,5,17
31564068,28,10,18
31564310,29,12,17
31565475,9,0,9
315658,853,215,638
31565838,21,8,13
31566879,2,0,2
31567565,7,8,-1
31567837,13,20,-7
3156950,146,26,120
3157076,210,40,170
3157146,125,35,90
3157398,100,15,85
31576744,4,4,0
31577139,19,1,18
31577904,4,2,2
31578209,2,3,-1
31578923,39,9,30
31578980,4,1,3
31579463,6,0,6
31579644,31,11,20
31579671,0,0,0
31579885,6,5,1
31581571,0,0,0
31582746,7,2,5
31583137,39,9,30
31583408,22,5,17
31583478,4,0,4
31583706,11,7,4
31584094,42,4,38
31584379,30,11,19
31584585,2,0,2
31584699,13,2,11
31586052,5,3,2
31586064,10,4,6
31586558,4,1,3
31586773,19,5,14
31586920,25,5,20
31587818,0,0,0
3158800,7,4,3
31588430,35,3,32
31588691,24,10,14
31588983,90,25,65
31589776,3,2,1
31589783,65,10,55
31591840,29,5,24
31593358,6,0,6
31595864,9,11,-2
31596121,12,5,7
31597657,20,6,14
31598674,23,1,22
31602214,14,4,10
31603645,35,7,28
31603898,11,4,7
31605663,47,10,37
31605683,22,4,18
31606229,0,0,0
31606585,54,16,38
31606621,15,7,8
31606688,80,37,43
3160692,104,35,69
31607330,7,0,7
31608640,33,11,22
31609334,18,7,11
31609550,5,1,4
31609769,1,1,0
31610201,30,1,29
31610265,57,16,41
31610783,19,7,12
31610839,22,7,15
31610960,45,19,26
31611022,58,17,41
31611108,20,6,14
31611581,3,0,3
31611715,0,0,0
31611859,16,2,14
31611864,2,0,2
31611901,0,1,-1
31611903,17,5,12
31612083,5,2,3
31612545,40,7,33
31612741,0,0,0
31612994,46,16,30
316137,112,14,98
31613867,3,0,3
31614329,34,8,26
31614550,24,9,15
31614824,9,1,8
31615079,64,6,58
31615299,1,0,1
31615629,12,1,11
31616541,23,11,12
31616636,0,1,-1
31616860,10,3,7
31617003,39,11,28
31617296,16,8,8
31617605,34,11,23
3161777,49,8,41
3161959,318,175,143
31619776,29,6,23
31620558,8,5,3
31620622,0,0,0
31620704,15,8,7
31620891,39,8,31
31620945,59,25,34
31621095,23,8,15
31621460,33,21,12
3162162,26,8,18
31621857,52,16,36
31622864,6,0,6
31623113,68,14,54
31623278,55,8,47
31623581,8,1,7
31624590,52,19,33
31624867,1,0,1
31625254,11,3,8
31627721,30,3,27
31629640,4,0,4
31631084,0,0,0
31631745,38,22,16
31632018,18,4,14
31632832,9,3,6
31632849,13,3,10
31633981,27,12,15
31634064,1,3,-2
31634101,1,0,1
31634362,12,1,11
31634469,38,8,30
31634565,1,1,0
31634572,20,9,11
31634786,9,2,7
31634965,9,0,9
31637015,39,18,21
31637064,5,1,4
31637174,5,4,1
31637490,57,11,46
31637663,2,0,2
31638060,1,1,0
31639279,0,0,0
31639391,18,3,15
31639746,100,39,61
31639760,12,6,6
31640017,10,4,6
31640127,2,0,2
31640266,11,0,11
31641183,88,7,81
31641681,1,0,1
31642162,3,1,2
3164234,39,4,35
31643531,6,0,6
31643781,8,3,5
31644378,56,9,47
31644876,23,9,14
3164500,77,19,58
31645247,48,19,29
3164549,164,32,132
31645554,20,5,15
31645964,150,27,123
31646141,0,1,-1
31646155,10,4,6
31646802,7,9,-2
31646938,11,3,8
31648107,22,1,21
31648528,0,0,0
31649270,9,0,9
31650678,7,0,7
31651137,0,2,-2
31653449,38,31,7
31655455,40,11,29
3165691,273,65,208
31659115,53,5,48
31659230,1,1,0
31659738,1,0,1
31659852,7,1,6
31660668,20,15,5
31660920,6,0,6
31661291,46,8,38
31661360,30,11,19
31661777,6,7,-1
31661885,5,1,4
31662352,0,1,-1
31662531,37,7,30
3166259,49,17,32
31662739,26,0,26
31662754,21,3,18
31663066,2,0,2
3166341,135,69,66
31663956,22,5,17
31664047,1,0,1
31664412,29,14,15
3166456,566,99,467
31664948,1,0,1
31664950,28,15,13
31665278,10,0,10
31665383,16,1,15
31665600,46,16,30
31665818,7,0,7
31665902,0,0,0
31666020,69,37,32
31666087,4,0,4
31666293,20,12,8
31667212,15,1,14
31667473,16,5,11
31669133,1,1,0
31669969,16,5,11
31672713,18,1,17
31674910,3,0,3
31677942,14,1,13
31680330,2,0,2
31680913,106,8,98
31680992,100,12,88
31681465,2,0,2
31681558,24,2,22
31682202,0,0,0
31682961,16,5,11
31683134,24,4,20
31683224,7,0,7
31683463,53,8,45
31683531,11,1,10
31683995,8,1,7
31684095,34,8,26
31684118,5,1,4
31684671,51,12,39
31685531,9,1,8
31686704,9,0,9
31687114,4,0,4
31687729,12,2,10
31688421,9,1,8
31688512,42,6,36
31689300,38,6,32
31689443,13,3,10
31689643,0,0,0
31690146,10,6,4
31690683,12,3,9
31691037,41,11,30
31691313,20,14,6
31692231,7,1,6
31692277,33,4,29
31692295,3,0,3
31692404,40,14,26
31692425,2,0,2
31692463,3,1,2
31693280,29,2,27
31700491,18,1,17
31701803,62,34,28
31701997,62,8,54
31702046,22,11,11
3170262,52,20,32
31702879,36,9,27
31703140,9,1,8
31703315,35,14,21
31703818,35,12,23
31704293,1,0,1
31704357,6,4,2
31704397,21,7,14
31704919,10,1,9
31705138,0,0,0
31705435,15,1,14
31705640,18,5,13
31705838,19,6,13
31706866,2,2,0
31707601,5,0,5
31707720,43,18,25
31710463,29,15,14
31710922,12,5,7
31711846,2,0,2
31712082,7,3,4
31712088,53,11,42
31712296,1,2,-1
31712681,27,9,18
31712859,26,3,23
31713058,13,2,11
31713180,2,0,2
31714105,0,0,0
31714566,63,7,56
31714580,21,2,19
31714709,44,14,30
31716504,7,0,7
3171950,70,29,41
31724717,21,6,15
31725364,5,4,1
31725577,6,2,4
31726323,24,13,11
31726331,1,0,1
31726381,11,5,6
31726456,24,1,23
31726459,0,0,0
31727356,89,12,77
31727526,6,1,5
31728441,4,3,1
31728908,23,8,15
31728962,19,6,13
31729089,50,25,25
31730136,32,2,30
3173050,50,9,41
31731021,17,1,16
31731234,0,0,0
31731302,5,3,2
31731546,4,0,4
31731845,2,1,1
31731881,9,1,8
31732275,24,6,18
31732672,10,2,8
31732919,2,1,1
31733375,0,0,0
31733415,29,3,26
31733655,2,0,2
31736271,31,14,17
31738610,28,11,17
31739081,31,9,22
31739673,2,0,2
31739787,28,12,16
31741454,12,3,9
31742513,2,0,2
31755856,17,4,13
31758239,73,29,44
31758709,10,3,7
31758763,6,2,4
31759158,37,14,23
31759662,19,2,17
31759962,39,2,37
31761480,0,0,0
3176543,271,82,189
31765433,8,0,8
3176716,223,37,186
31774096,128,18,110
31775235,36,6,30
31775426,23,13,10
31775459,13,5,8
31776255,80,17,63
31776709,73,19,54
31777005,73,20,53
31777113,35,12,23
31777195,31,11,20
31778234,11,3,8
31778423,10,0,10
31778627,63,14,49
31779638,7,0,7
31783727,5,1,4
31785557,0,1,-1
31785562,9,2,7
31785650,10,0,10
31786705,5,1,4
3178765,166,35,131
31790343,2,1,1
31790387,1,0,1
31796250,52,15,37
31796885,40,14,26
31797510,9,0,9
31797965,2,2,0
31798796,59,11,48
3180057,14,2,12
31802413,12,6,6
31802609,23,6,17
31802724,6,5,1
31803599,10,7,3
31803966,5,0,5
31804312,6,0,6
31805430,90,19,71
31810898,27,3,24
31811176,40,12,28
31811752,6,0,6
31812470,0,0,0
31813788,2,0,2
31813961,26,4,22
31814561,67,14,53
31815524,4,3,1
31815753,167,34,133
31816199,1,0,1
31816207,2,0,2
31816484,76,31,45
31816513,58,6,52
31816563,13,4,9
31816945,5,1,4
31817029,108,23,85
3181830,32,10,22
3181845,146,48,98
31818528,0,2,-2
31818755,8,3,5
31818894,14,0,14
31820214,3,0,3
31821743,7,1,6
31822185,15,2,13
31822342,0,1,-1
31822376,9,4,5
3182243,16,3,13
31823006,19,17,2
31823018,12,1,11
31824598,13,1,12
31824857,37,17,20
31825571,20,3,17
31825609,78,31,47
31826129,17,1,16
31826134,1,0,1
3182617,96,14,82
31826467,15,7,8
31827368,2,0,2
31827932,18,8,10
31828386,3,2,1
318287,257,46,211
31830486,2,0,2
31830731,17,4,13
31830809,20,11,9
31831270,40,6,34
31831355,0,0,0
31832176,6,1,5
31832515,25,8,17
3183354,175,89,86
31834679,12,5,7
3183468,37,24,13
31837346,145,13,132
31839940,43,7,36
31840409,19,5,14
31840672,34,7,27
31840861,1,2,-1
31841745,18,6,12
31843193,4,0,4
31844876,28,12,16
31845960,122,56,66
31846052,11,1,10
31846334,5,1,4
31846642,141,60,81
31846738,10,0,10
31847649,21,0,21
31847832,2,1,1
31847860,262,88,174
31848221,1,0,1
3184830,695,110,585
31848432,2,0,2
31848595,30,15,15
31848626,2,1,1
31848746,6,2,4
31848891,90,19,71
31848942,1,0,1
31848962,14,6,8
31849730,10,9,1
31849735,23,8,15
31849897,3,0,3
31849901,0,0,0
31850184,11,0,11
31850229,75,15,60
31850351,4,1,3
31850586,10,3,7
31852118,3,0,3
31852533,7,3,4
31853594,0,0,0
3185531,35,19,16
31855587,0,0,0
31855667,16,1,15
31856332,161,29,132
31857573,21,12,9
31857971,56,18,38
31858004,28,18,10
31858341,85,34,51
31859437,123,39,84
31859523,4,1,3
31867366,21,3,18
31867647,31,9,22
31868350,5,2,3
31868416,33,22,11
31869418,19,8,11
31869419,9,2,7
31869493,2,2,0
31870919,3,0,3
31871563,6,6,0
31871801,2,1,1
31871822,64,27,37
31871826,26,2,24
31871849,28,20,8
31871940,16,3,13
31872170,60,10,50
31872269,1,0,1
31872485,27,4,23
31872707,31,9,22
31872997,14,2,12
31873521,6,1,5
31874244,0,0,0
31874335,8,3,5
31874441,23,15,8
3187548,6,7,-1
31876101,25,3,22
31876103,28,16,12
31876108,62,13,49
31877287,53,15,38
31877614,42,8,34
31878652,41,6,35
31882752,20,10,10
31884780,56,8,48
3188546,14,15,-1
318867,85,42,43
3188938,88,46,42
31890895,0,0,0
3189127,49,26,23
31891360,129,24,105
31891609,1,0,1
31892047,39,7,32
31892076,37,10,27
31892593,10,5,5
31892821,4,1,3
31893032,24,5,19
31893454,10,3,7
31893488,18,8,10
31893813,66,3,63
31893871,52,2,50
31894482,83,16,67
31894707,159,28,131
31895190,21,4,17
31895802,50,4,46
31896229,41,3,38
31896561,6,0,6
31896563,63,30,33
31896953,97,18,79
31897353,23,4,19
31897487,22,8,14
31897727,1,0,1
31897986,22,2,20
31898027,3,3,0
31898095,34,11,23
31898301,101,18,83
31898964,7,0,7
31899687,4,0,4
3189998,69,34,35
31901472,30,10,20
31901475,2,1,1
31901859,36,8,28
31901915,6,0,6
31902270,25,5,20
31905160,18,4,14
31905344,2,1,1
3190743,43,18,25
31908660,11,4,7
3191081,28,16,12
31911712,5,1,4
3191199,69,20,49
31912799,10,4,6
31913650,26,11,15
31913655,49,10,39
31913673,26,21,5
31913892,117,55,62
31914275,38,7,31
31914332,6,0,6
31914353,3,0,3
31914580,53,26,27
31914742,60,8,52
31914970,6,2,4
31915157,17,1,16
31915232,29,11,18
31915308,1,0,1
3191572,176,16,160
31915738,6,0,6
31916297,48,7,41
31916463,3,5,-2
31916471,3,1,2
31917761,13,2,11
31918308,46,7,39
31918465,59,14,45
31918543,11,3,8
31919424,48,9,39
31919435,14,1,13
31919464,20,3,17
31919834,4,4,0
31919873,5,3,2
31920068,6,0,6
31920414,3,0,3
31920436,6,1,5
31921121,1,1,0
31921354,5,0,5
31921417,4,1,3
31921965,46,12,34
31922016,36,10,26
31922091,27,7,20
31922571,19,2,17
31923286,70,13,57
31923976,0,0,0
31924509,0,0,0
31924592,15,6,9
31925070,1,0,1
31925163,11,4,7
31925534,3,0,3
31925726,16,3,13
31926097,7,0,7
31926927,7,2,5
31927280,51,8,43
31927536,1,0,1
31929298,27,6,21
31930062,22,3,19
31930868,88,9,79
31931586,95,22,73
31936530,18,4,14
31937458,20,11,9
31937802,15,7,8
31938157,3,0,3
31939078,13,0,13
31939534,23,3,20
31940106,69,14,55
31940211,14,4,10
31940329,63,16,47
31940356,56,15,41
31940546,15,2,13
31940919,89,22,67
31941064,6,1,5
31941121,22,6,16
31941513,28,11,17
31941579,13,5,8
31941580,52,16,36
31941583,36,28,8
31941596,74,13,61
31941670,20,12,8
31941769,8,0,8
31941873,8,2,6
31941911,53,12,41
31942176,6,3,3
31942216,22,5,17
31942722,15,4,11
31942790,3,1,2
31942891,16,4,12
31943464,14,6,8
31943503,5,0,5
31943744,45,15,30
31943763,10,0,10
31943797,28,12,16
31943799,3,1,2
31944096,26,8,18
31944120,19,6,13
31944150,14,4,10
31944465,61,15,46
31944749,116,10,106
31944983,11,3,8
31945028,6,1,5
31945101,21,6,15
31945480,19,11,8
31945702,6,0,6
31945961,16,3,13
31946297,10,3,7
31946515,5,2,3
31946682,28,16,12
31946793,13,3,10
31946807,10,4,6
31946935,26,16,10
31947227,18,2,16
31947864,13,2,11
31947890,13,2,11
31947988,21,12,9
31948229,93,19,74
31948241,51,12,39
31948344,5,2,3
31948468,32,8,24
31948725,21,5,16
31948736,95,23,72
31948824,28,8,20
31948989,3,0,3
31949054,4,0,4
31949065,28,5,23
3194911,94,45,49
31949475,30,16,14
31949967,23,5,18
31950252,36,6,30
3195045,5,1,4
31950489,3,1,2
31950872,28,11,17
31951495,4,1,3
31953774,39,15,24
31954307,23,1,22
31954848,1,2,-1
31956094,4,0,4
31956609,0,0,0
31957134,22,23,-1
31957180,32,9,23
31957725,10,2,8
31957750,1,0,1
31957771,6,0,6
31958681,6,2,4
31958787,4,2,2
31961720,76,16,60
31962977,18,4,14
3196599,98,43,55
31966541,16,9,7
31969152,4,0,4
31969449,18,1,17
31969577,13,3,10
31970945,16,4,12
31971210,33,14,19
31971426,60,12,48
31972162,3,0,3
31972793,3,1,2
31973277,0,1,-1
31973431,14,3,11
31973641,92,17,75
31973915,84,16,68
31973919,26,7,19
31974271,27,8,19
31976279,23,10,13
31976537,24,3,21
31977418,0,0,0
31977489,11,1,10
31979119,28,11,17
31979287,9,2,7
3197963,8,0,8
31980242,16,9,7
31980342,78,16,62
31980914,2,7,-5
31981542,7,5,2
31981628,6,0,6
31981911,67,16,51
31981962,1,0,1
31982124,38,6,32
31982382,0,0,0
31982434,22,3,19
31982658,76,19,57
31983033,51,16,35
31983521,135,33,102
31983575,0,1,-1
31983792,18,5,13
31983884,71,9,62
31984182,17,6,11
3198494,12,8,4
31985487,14,6,8
31985702,49,1,48
31985729,25,4,21
31987484,2,0,2
31987934,24,2,22
31988218,32,7,25
31988267,0,0,0
31988672,33,10,23
31988910,0,4,-4
31988970,6,0,6
31990374,5,2,3
31990693,16,4,12
31998150,16,13,3
31998756,21,4,17
31999408,25,6,19
31999561,15,8,7
31999738,1,1,0
31999889,23,5,18
31999930,2,0,2
32000302,9,1,8
32000638,15,4,11
32000682,63,13,50
32001041,3,0,3
32001673,8,0,8
32001775,4,2,2
32002019,25,2,23
32002158,7,4,3
32002181,21,3,18
32002230,36,12,24
32002421,31,9,22
32003129,16,2,14
32003898,57,15,42
32004098,44,9,35
32004281,55,9,46
32004469,58,9,49
32005236,15,4,11
32005800,54,38,16
32006035,96,19,77
32006336,17,6,11
32006957,38,9,29
32008272,28,7,21
32008712,38,6,32
32008937,18,7,11
32008953,15,6,9
32009582,55,9,46
32009694,15,5,10
32010378,18,6,12
32010542,26,5,21
32010760,6,3,3
32011986,26,10,16
32012196,2,0,2
32012369,0,0,0
32013448,0,0,0
32013746,21,23,-2
32014017,23,9,14
32015099,24,9,15
32015841,13,4,9
32016188,45,9,36
32017126,49,12,37
32017476,39,12,27
32017615,18,7,11
32017846,16,8,8
32018437,2,2,0
32018612,0,0,0
32019124,34,11,23
32019700,111,25,86
32019922,43,18,25
32020800,86,20,66
3202462,349,81,268
32026538,36,8,28
32027449,2,3,-1
32027971,3,2,1
32028227,0,2,-2
32028293,15,8,7
32028391,26,2,24
32028500,12,0,12
32029247,7,0,7
32030684,7,1,6
32030986,8,2,6
32031038,10,3,7
32031119,8,3,5
32031759,6,0,6
32032067,29,11,18
32032391,26,11,15
32032679,14,9,5
32033676,62,5,57
3203442,34,18,16
32034876,14,4,10
32034989,54,5,49
32035962,19,1,18
32036471,0,2,-2
3203717,5,0,5
32037180,31,8,23
32037181,12,0,12
32038319,10,0,10
32038346,0,0,0
3203863,116,33,83
32039230,5,6,-1
32039760,6,5,1
32039842,0,2,-2
32039986,3,0,3
32040025,14,4,10
32040032,5,0,5
32040389,5,3,2
32040537,7,3,4
32040589,17,8,9
32040683,6,2,4
32040705,0,0,0
32040815,44,6,38
32041013,120,30,90
32041630,6,1,5
32041652,3,0,3
32041835,1,0,1
32042004,64,21,43
32042564,4,2,2
32043453,14,1,13
32048215,122,34,88
32049040,6,0,6
32052436,4,0,4
32052535,20,6,14
32052927,20,10,10
32052942,23,12,11
3205331,7,3,4
32053767,1,0,1
32054526,24,9,15
32054905,6,6,0
32055330,23,7,16
32055537,24,1,23
3205586,10,4,6
32055872,41,4,37
32056226,16,4,12
32056286,16,2,14
32056849,4,2,2
32057013,11,4,7
32057118,14,2,12
32057233,22,9,13
32058080,20,11,9
32058692,27,6,21
32058964,6,1,5
32059250,18,5,13
32059314,8,1,7
3205932,588,84,504
32059882,52,21,31
32060461,6,2,4
32060542,13,5,8
32061277,15,6,9
32061460,13,6,7
32061526,46,19,27
3206198,443,91,352
32062743,5,0,5
32062789,1,0,1
320629,829,198,631
32062914,12,6,6
32063076,0,0,0
32063221,103,43,60
32063485,16,5,11
32064584,30,8,22
32064726,43,9,34
32065657,2,0,2
32066739,21,2,19
3206785,7,4,3
32068221,1,0,1
32068346,8,0,8
32068488,12,3,9
32068875,3,8,-5
32070591,143,22,121
32075628,19,9,10
32076398,0,0,0
32076611,6,0,6
32077652,39,22,17
32077744,26,8,18
32079680,0,0,0
32079691,8,0,8
32079882,4,3,1
32080034,23,0,23
32080524,28,11,17
32080763,4,1,3
32080968,0,0,0
32081051,19,15,4
3208228,3,1,2
32082282,40,10,30
32082782,30,5,25
3208295,25,9,16
32083131,29,8,21
32083174,8,5,3
32083625,27,2,25
32083728,72,18,54
32083772,14,0,14
32084617,1,0,1
32084763,18,4,14
32084879,9,1,8
32086212,6,3,3
32086848,46,21,25
32087155,0,0,0
32087931,2,0,2
32087935,9,5,4
32088009,21,3,18
32088570,0,0,0
32088720,82,20,62
32089117,37,16,21
32089490,65,10,55
32089575,1,1,0
32089895,56,5,51
32091183,21,10,11
32091459,16,1,15
32092128,50,19,31
32094665,10,3,7
32095221,13,2,11
32095712,45,18,27
32097381,38,7,31
32097735,138,20,118
32098068,17,2,15
32098155,18,3,15
32098784,28,3,25
32098881,5,2,3
32098904,9,1,8
32099036,0,0,0
32099387,33,12,21
32099579,13,1,12
32100127,2,0,2
32100360,4,0,4
32100949,37,5,32
32100966,3,0,3
32101048,4,2,2
32101466,31,13,18
32101912,0,1,-1
32102031,19,7,12
32102354,76,15,61
32102384,35,6,29
32102612,10,5,5
32103163,23,12,11
3210331,329,73,256
32103806,73,17,56
32104178,1,0,1
32104410,8,3,5
32104728,8,1,7
32105102,41,1,40
32105583,9,1,8
32105624,40,15,25
32105810,0,0,0
32105824,33,12,21
32106346,64,41,23
32106599,2,0,2
32107230,1,1,0
32107388,67,12,55
32107665,28,13,15
32107784,3,4,-1
32107877,6,4,2
32108023,2,1,1
32108452,19,7,12
32108553,14,4,10
32108753,1,0,1
32108857,30,6,24
32109240,19,5,14
32109272,24,5,19
32109711,10,1,9
32109940,58,23,35
32114911,27,9,18
32115611,73,37,36
32115723,4,1,3
32118152,2,2,0
32118249,0,3,-3
32118306,3,0,3
32118319,0,1,-1
32118465,67,6,61
32118743,26,5,21
32119097,12,0,12
32119221,16,3,13
32119325,23,24,-1
32119352,0,0,0
32119728,13,7,6
32120058,49,14,35
32120085,0,1,-1
32120097,22,0,22
32121569,30,7,23
32121662,0,0,0
32121898,14,2,12
3212205,99,10,89
32122217,68,13,55
32122263,7,1,6
32122291,32,6,26
32122892,39,7,32
32122905,5,1,4
32123058,47,15,32
32123071,20,3,17
32123976,75,8,67
32124630,0,0,0
32125379,15,3,12
3212575,94,31,63
32125796,14,2,12
32126131,4,1,3
32127991,34,5,29
3212950,31,9,22
32130194,6,0,6
32130384,3,0,3
3213216,25,3,22
32133304,7,5,2
32133427,2,0,2
32133850,0,0,0
32133886,13,3,10
32134101,21,2,19
32134902,38,17,21
32135096,8,1,7
32135965,13,1,12
32136496,18,14,4
32137084,18,5,13
32137335,2,1,1
32137464,2,0,2
32137517,4,1,3
32137583,57,12,45
32138136,20,6,14
32138175,13,2,11
32138865,22,6,16
32139145,23,3,20
321411,27,9,18
3214269,14,3,11
3214574,38,11,27
32148664,4,3,1
32148693,28,4,24
32150005,71,24,47
32150165,66,24,42
32150185,50,24,26
32150269,25,5,20
32150707,6,1,5
32150817,0,1,-1
32151134,28,9,19
32151138,7,2,5
3215133,55,10,45
3215160,16,3,13
32151781,4,1,3
32151950,85,26,59
32152160,20,6,14
32152194,19,3,16
32152676,2,3,-1
32153649,1,0,1
32154092,4,1,3
32154639,23,12,11
32154667,52,4,48
32154836,10,5,5
32154843,9,5,4
32154978,15,1,14
32154982,36,6,30
32154993,16,7,9
32155221,10,2,8
32155289,16,6,10
32155299,2,4,-2
32155411,48,10,38
32156219,4,0,4
32156270,8,7,1
32156341,5,5,0
32156687,80,18,62
32157846,3,1,2
32158276,2,0,2
32158998,44,6,38
32159583,18,6,12
32159678,32,13,19
32159928,38,6,32
32160273,5,4,1
32160303,30,8,22
32160828,3,4,-1
32161275,40,10,30
32163082,3,0,3
32164024,31,14,17
32165127,0,0,0
32165971,1,0,1
32166144,11,1,10
32166197,14,10,4
3216643,11,4,7
32166579,98,17,81
32167409,2,1,1
32167965,1,0,1
32170365,5,2,3
32173018,0,0,0
32174041,59,20,39
32174432,48,15,33
32174567,8,3,5
32175701,6,1,5
32175849,77,29,48
32176559,15,11,4
32177307,54,7,47
32177429,1,0,1
32177678,106,17,89
32178067,9,1,8
3217851,0,0,0
32179141,35,20,15
32179190,2,0,2
32179341,53,17,36
3218111,211,38,173
32181208,6,0,6
3218166,90,30,60
32181682,4,1,3
3218197,365,125,240
32182407,31,8,23
32182558,55,15,40
32182973,22,2,20
3218341,92,46,46
32184007,40,13,27
32184504,25,8,17
32184925,4,2,2
32185188,27,11,16
32185439,6,2,4
32185671,0,0,0
32186430,54,6,48
32186535,107,17,90
32186987,14,3,11
32188011,7,4,3
32188595,16,3,13
32189340,26,7,19
32190981,20,2,18
32191336,76,28,48
32191740,80,11,69
32196702,3,0,3
32198743,23,3,20
32199557,21,5,16
32200873,31,8,23
32201195,27,11,16
32201331,43,15,28
32201805,7,1,6
32201917,100,20,80
32202029,1,3,-2
32202448,7,1,6
32203096,3,0,3
32203302,2,1,1
32203375,6,2,4
32203840,18,8,10
32204292,17,6,11
32205440,11,1,10
32205500,4,0,4
32205672,6,0,6
32205723,38,19,19
32205791,0,0,0
32206357,1,5,-4
32206497,40,3,37
32206552,3,0,3
32206762,76,18,58
32207008,15,6,9
32207095,9,2,7
32207198,20,6,14
32207484,11,7,4
32208032,4,2,2
32209282,2,0,2
32209487,21,2,19
32210312,33,6,27
32210733,26,4,22
32210795,46,7,39
32213149,20,6,14
32213226,0,0,0
32213319,65,14,51
32213370,7,4,3
32213739,40,7,33
32213858,5,1,4
32214675,23,11,12
32214898,87,9,78
32215464,19,3,16
32215584,9,6,3
32215742,68,16,52
32215748,15,0,15
32216243,72,18,54
3221867,6,3,3
32220063,21,4,17
32223218,78,21,57
32223337,25,11,14
32227078,6,0,6
32227094,15,4,11
32227114,0,0,0
32227210,19,7,12
32228134,5,2,3
32228227,14,1,13
32228738,56,20,36
32228774,13,2,11
32228937,33,2,31
32229618,79,19,60
3222988,62,18,44
32231303,14,0,14
32231467,18,7,11
3223154,3,0,3
32231787,2,2,0
32232083,0,0,0
32232235,42,7,35
32233156,2,0,2
32234037,30,11,19
32234136,55,21,34
32234153,22,4,18
32234549,28,3,25
32234600,6,3,3
32234972,17,5,12
32235084,38,19,19
32235129,24,7,17
32235421,12,1,11
32236006,18,6,12
32236133,8,0,8
32236411,27,13,14
32237083,5,0,5
32237920,11,3,8
32238478,27,8,19
32238784,34,7,27
32238897,9,3,6
32239487,11,1,10
32240606,184,20,164
32241034,108,22,86
32241181,19,4,15
32242304,37,20,17
32246504,3,1,2
32247070,8,8,0
32247298,29,3,26
32247617,44,10,34
32248821,45,13,32
3224893,15,2,13
32249560,32,11,21
32249790,27,10,17
32249929,67,17,50
32250217,20,8,12
32250593,4,4,0
32251354,21,4,17
32252019,27,12,15
32252697,93,12,81
32252785,52,15,37
32252837,16,5,11
32253220,1,2,-1
32253230,30,10,20
32253983,38,8,30
3225477,107,20,87
32255989,24,15,9
32257079,17,1,16
32257693,23,8,15
32258671,2,0,2
322606,341,158,183
32262637,5,0,5
3226668,66,18,48
32267178,10,1,9
32267260,2,1,1
32267378,0,0,0
32267610,20,15,5
32268559,33,8,25
32268737,12,9,3
32270522,12,3,9
3227153,116,40,76
32273496,1,0,1
32274853,2,0,2
32274872,7,3,4
32274903,0,0,0
32274912,5,1,4
32274992,8,2,6
32275449,15,9,6
3227563,413,212,201
32275968,11,5,6
32277008,20,7,13
32277816,8,2,6
32277955,5,0,5
32278021,21,8,13
32278373,3,0,3
32278378,5,0,5
3227876,15,6,9
32279372,39,5,34
32279479,6,0,6
32279698,2,0,2
32279709,57,9,48
32280296,7,2,5
32280605,7,8,-1
3228162,37,12,25
32282647,40,15,25
32283642,0,0,0
32283716,5,1,4
32283888,149,29,120
32284254,0,1,-1
32284689,14,5,9
32284845,6,2,4
32285192,112,35,77
32285287,20,3,17
32285700,33,4,29
32285758,23,7,16
32285818,58,5,53
32285820,21,3,18
32285944,5,0,5
32286058,33,6,27
32286259,3,0,3
32286606,21,5,16
32289634,23,4,19
3228990,138,53,85
32291778,35,10,25
32292153,61,32,29
32292874,51,14,37
32293161,19,6,13
32293909,24,14,10
32294072,24,2,22
32296060,4,1,3
32296811,0,2,-2
32297423,32,3,29
32297552,36,12,24
32297976,35,10,25
32298417,30,7,23
32298492,3,0,3
3229925,3,0,3
32299952,1,1,0
32300390,39,4,35
32300615,11,0,11
32300861,32,14,18
32301751,51,6,45
32302092,13,13,0
32303128,35,8,27
32303174,15,5,10
32303228,1,1,0
32303544,9,2,7
32304023,1,1,0
32304601,75,8,67
32304639,22,3,19
32304788,5,2,3
32304893,16,2,14
32306099,63,20,43
32306459,95,14,81
32306481,1,0,1
32308166,0,0,0
32308442,9,1,8
32308720,11,4,7
32309948,2,0,2
32310575,19,3,16
32310794,37,12,25
32310847,6,1,5
32310920,0,0,0
32311007,6,4,2
32311358,4,1,3
32312289,7,3,4
3231255,34,13,21
32313768,15,9,6
32313956,65,17,48
32314115,12,2,10
32314234,120,52,68
32314529,3,0,3
32319978,0,0,0
32320054,24,8,16
323203,60,19,41
32321548,124,54,70
32321716,17,8,9
32321762,114,31,83
32321894,27,7,20
32322018,73,23,50
32322156,157,61,96
32322307,14,5,9
32322504,18,5,13
32323963,103,10,93
32323973,7,2,5
32324387,20,5,15
32324884,15,1,14
32325120,63,32,31
32326898,10,9,1
32327155,9,0,9
32327532,15,5,10
32327790,12,6,6
32327880,6,1,5
32328515,12,9,3
32328550,46,20,26
32329451,0,0,0
32329681,5,5,0
32329927,10,5,5
32331051,10,3,7
32331052,2,0,2
32331672,19,12,7
32331840,17,1,16
32332139,47,9,38
32333703,63,5,58
32333844,3,0,3
3233416,7,9,-2
32335817,5,0,5
32335985,34,12,22
32336118,33,6,27
32336357,25,4,21
32336704,13,3,10
3233835,95,19,76
32338518,11,3,8
32339258,0,1,-1
32341177,33,9,24
32341924,34,15,19
32342622,67,19,48
32342849,48,8,40
32343022,42,18,24
32343240,15,4,11
32344474,15,5,10
32345468,32,11,21
32345521,4,2,2
32345687,1,0,1
32346196,5,2,3
32347119,0,0,0
323473,215,53,162
32347496,36,2,34
3234775,32,4,28
32349665,2,0,2
32350035,24,5,19
32350249,20,12,8
32351402,4,5,-1
3235160,44,13,31
32351768,53,15,38
32351845,34,5,29
32351932,23,20,3
32352338,1,0,1
32352851,19,8,11
32352949,77,25,52
32353072,27,10,17
32353125,3,0,3
3235314,18,1,17
32353168,16,7,9
32353173,3,0,3
32353268,16,5,11
32353316,78,32,46
32353352,43,14,29
32353379,107,31,76
32353412,4,0,4
32353414,5,1,4
32353497,77,27,50
32353552,5,1,4
32353581,3,1,2
32353659,48,14,34
32353701,42,17,25
32354314,32,13,19
32354472,5,1,4
32354559,11,3,8
32356029,23,10,13
32357008,45,9,36
323571,6,3,3
32357927,7,3,4
32358547,3,3,0
32358854,40,7,33
32359176,5,0,5
32359450,6,1,5
32359927,20,5,15
32360531,13,3,10
32361588,47,7,40
32361938,13,10,3
32362348,30,9,21
32363194,28,12,16
3237016,14,2,12
32370807,33,10,23
32371286,19,5,14
32372265,11,5,6
32372389,47,3,44
32372791,0,2,-2
32372863,7,1,6
32373525,17,4,13
32373613,2,0,2
32374189,87,12,75
32375046,23,5,18
32375098,47,17,30
32375794,81,45,36
32375971,4,4,0
32376284,4,2,2
32376316,2,0,2
32376420,3,1,2
3237695,153,81,72
32376957,0,1,-1
32377396,2,1,1
32377863,38,10,28
32378197,13,9,4
32378615,13,2,11
32378787,9,3,6
32378872,10,2,8
32378931,3,0,3
32378994,7,3,4
32379433,8,5,3
32379548,72,10,62
32380123,19,6,13
32380350,24,9,15
32380491,2,0,2
32381356,0,0,0
3238145,370,115,255
32381804,41,11,30
32382453,3,0,3
32383321,4,1,3
32383470,13,4,9
32383796,10,5,5
32385681,21,12,9
32386170,31,3,28
32386536,26,5,21
32386953,2,3,-1
32387557,72,34,38
32387648,99,56,43
32389055,14,11,3
32390263,59,8,51
3239071,5,3,2
3239200,53,6,47
32392902,6,2,4
32393039,17,5,12
32394118,8,0,8
32394201,60,11,49
32394343,37,7,30
32395454,30,3,27
32395596,102,60,42
32395686,41,8,33
32396076,113,68,45
32396118,23,9,14
32396444,22,6,16
32396445,6,2,4
32396694,13,10,3
32396746,85,61,24
32397391,4,1,3
32397641,90,31,59
32397747,2,4,-2
32398185,10,1,9
32398252,9,10,-1
32398272,83,33,50
32399251,30,9,21
32399476,1,0,1
32399755,16,0,16
32400213,8,4,4
32400244,22,7,15
32400415,35,7,28
32401015,42,5,37
32401030,32,12,20
32401529,17,2,15
32401664,28,6,22
3240201,35,16,19
32402431,77,19,58
32402433,64,17,47
32402824,35,12,23
32403662,54,26,28
32404008,3,0,3
3240415,104,22,82
32404251,26,3,23
32404380,2,0,2
32404486,5,0,5
32405218,24,5,19
32405605,13,5,8
32410160,71,14,57
32411653,9,2,7
32412045,15,1,14
32412133,66,12,54
32412652,35,6,29
32413492,28,5,23
32413995,0,0,0
32414443,6,2,4
32414850,43,18,25
32415134,11,1,10
32415225,1,0,1
32415301,22,18,4
32415769,0,1,-1
32415848,24,12,12
32416274,3,1,2
32416335,0,0,0
32416420,2,1,1
32416524,24,10,14
32417824,8,2,6
32418052,16,8,8
32418566,41,6,35
32418592,11,3,8
32419024,13,2,11
32419117,5,3,2
32419326,5,0,5
32419730,4,4,0
32420175,7,0,7
32421541,7,0,7
32423011,29,19,10
32424132,4,3,1
32425991,1,0,1
32426445,36,8,28
32428998,22,2,20
32430300,36,4,32
32431587,44,7,37
32433331,9,2,7
32434229,41,13,28
32435710,28,8,20
32435887,38,7,31
32436551,9,4,5
32436603,12,0,12
32436777,115,18,97
32438151,104,27,77
32438285,35,7,28
32438891,26,6,20
32439217,20,11,9
32439485,16,12,4
32440623,123,18,105
32441030,0,0,0
32441149,1,0,1
32441496,5,1,4
32441505,46,5,41
32441993,0,0,0
32443277,0,0,0
32443725,11,5,6
32444379,7,1,6
32444578,104,28,76
32444808,5,1,4
32445120,66,14,52
32445708,128,25,103
32446707,77,37,40
32446731,79,49,30
32448962,9,6,3
32449285,20,10,10
32449445,4,4,0
32450661,65,18,47
32451206,34,5,29
3245192,63,25,38
32454882,6,1,5
32455920,23,5,18
32456183,17,3,14
32456412,14,6,8
32456445,11,1,10
32457296,12,2,10
32457347,27,16,11
32457370,8,1,7
32457410,81,15,66
32457624,3,0,3
32457783,3,1,2
3245785,35,16,19
32458423,7,1,6
32458522,4,1,3
32458682,19,4,15
32458998,2,0,2
32459175,10,1,9
32459272,5,1,4
32459422,22,6,16
32459460,54,15,39
32460235,10,11,-1
32460786,0,0,0
32461167,4,1,3
32461262,41,10,31
32461335,31,6,25
32461495,1,0,1
32461681,9,3,6
32461688,18,4,14
32461835,49,20,29
32462107,13,3,10
32462297,5,2,3
32462330,26,7,19
32462436,3,4,-1
32462457,31,5,26
32463050,61,19,42
32463908,20,10,10
32464780,0,0,0
32464829,9,1,8
32465418,0,2,-2
32465552,45,21,24
32465972,32,9,23
32466368,21,5,16
32466619,6,4,2
32467483,9,0,9
32468706,1,0,1
32468994,14,0,14
32469031,11,4,7
32469037,67,11,56
32469172,48,15,33
32469255,27,3,24
32469486,3,1,2
32469820,18,4,14
32470309,3,2,1
32471044,56,25,31
32471972,33,12,21
32472450,30,8,22
3247255,10,2,8
3247288,533,118,415
32473056,2,0,2
3247543,66,9,57
32475491,23,5,18
32475803,4,0,4
32476542,52,29,23
32476778,45,13,32
32481201,9,0,9
32481244,18,8,10
32481558,12,7,5
32481854,14,5,9
32481920,40,15,25
32482199,0,0,0
32482626,17,6,11
32482858,1,0,1
32483342,1,0,1
32483364,48,24,24
32484035,33,4,29
32484354,17,4,13
32484421,53,17,36
32484537,4,0,4
32484727,23,14,9
32484803,58,17,41
32485298,30,6,24
32485592,2,0,2
32486228,41,14,27
32486435,7,0,7
32486603,4,0,4
32486964,10,3,7
32487586,23,5,18
32488415,2,0,2
32488880,4,7,-3
32488906,11,5,6
32488967,9,2,7
32489004,6,6,0
32489390,18,10,8
32489904,63,21,42
32490005,14,4,10
32490015,82,12,70
32490283,9,0,9
32490408,64,20,44
32490879,2,0,2
32491561,33,8,25
32491727,0,1,-1
32492365,8,4,4
32492648,14,1,13
3249285,3,1,2
3249287,4,4,0
32493363,21,10,11
32493518,58,5,53
32493522,53,12,41
32493981,33,38,-5
32494734,23,4,19
32494764,24,4,20
32496084,2,1,1
32496311,1,0,1
32496364,8,1,7
32496469,10,2,8
32496578,0,1,-1
32496822,2,1,1
32496946,6,9,-3
32497577,6,2,4
32497680,14,4,10
32498427,7,5,2
32498726,10,3,7
32498858,1,0,1
32498911,1,0,1
32499150,26,4,22
32499186,2,1,1
32499350,0,0,0
32499634,3,2,1
32499697,5,2,3
32499784,40,1,39
3249993,51,32,19
32499980,99,41,58
32500175,24,6,18
32500199,71,11,60
32500316,149,45,104
32500474,29,20,9
32500564,108,41,67
32500905,46,16,30
32502248,9,8,1
3250430,2,1,1
32505238,2,0,2
32507118,71,5,66
32508755,11,1,10
32509786,0,1,-1
32510339,32,3,29
32510680,17,9,8
32511071,1,0,1
32512397,0,0,0
32513311,28,6,22
32513593,34,6,28
32513661,43,9,34
32514585,69,21,48
32514621,19,2,17
32514737,52,12,40
32515199,0,0,0
32515403,66,27,39
32515728,5,1,4
32515884,2,2,0
32516191,24,8,16
32516401,60,21,39
32516617,0,0,0
32516643,62,25,37
32516943,0,0,0
32516950,15,3,12
32517730,58,18,40
32517741,38,6,32
32517855,7,0,7
32517941,0,0,0
32518106,2,0,2
32519478,21,7,14
32520364,1,3,-2
32520411,9,2,7
32520449,1,2,-1
32520514,7,6,1
32520661,12,3,9
32520852,47,6,41
32521983,44,20,24
32522222,8,1,7
32522626,62,9,53
32522944,23,5,18
3252321,6,0,6
32524204,34,10,24
32524602,10,3,7
32525888,8,1,7
3252847,97,50,47
32528957,46,12,34
325305,560,86,474
3253117,34,10,24
3253348,649,150,499
3253359,79,33,46
32533708,24,10,14
32533974,57,15,42
32534629,11,3,8
32534950,47,14,33
32535245,3,2,1
32536286,0,0,0
32536560,11,5,6
32537103,38,17,21
32537244,37,9,28
32537568,3,0,3
32538027,3,3,0
32538595,31,8,23
32539273,1,1,0
32539422,24,8,16
32539553,19,4,15
32539867,28,9,19
32540232,41,20,21
32540257,0,0,0
32540386,89,16,73
32540539,95,12,83
32541110,7,1,6
32541183,14,14,0
32541269,23,7,16
32541636,89,21,68
32541714,6,1,5
32541924,14,6,8
32543157,5,2,3
32543934,29,8,21
32543949,19,3,16
32544211,1,1,0
32544307,2,0,2
32545601,5,1,4
32545604,12,2,10
32546431,4,0,4
3254647,176,100,76
32546717,7,1,6
32547039,1,0,1
32547313,67,15,52
32547438,19,9,10
32548220,3,1,2
32548618,7,0,7
32548873,16,3,13
32549178,56,9,47
32549678,1,0,1
32550113,10,5,5
32550735,17,3,14
32551566,13,1,12
32551603,42,8,34
32552254,22,17,5
32553237,88,14,74
32559393,18,7,11
32560284,9,2,7
32560345,13,7,6
32561047,48,23,25
32561103,3,2,1
32561107,0,0,0
32561108,2,3,-1
32562092,3,0,3
32562324,20,15,5
32562644,15,3,12
32563391,22,1,21
32564093,5,2,3
32564319,3,1,2
32564320,21,16,5
32564324,4,2,2
32564327,2,2,0
32564331,29,2,27
32564336,3,3,0
32564337,1,1,0
32564350,6,2,4
32564354,23,13,10
32564357,2,0,2
32564358,1,3,-2
32564361,17,0,17
32564363,6,1,5
32564365,1,0,1
32564367,6,6,0
32564621,39,11,28
32564677,15,2,13
32565477,77,16,61
32565815,34,14,20
32565838,19,8,11
32566088,4,0,4
32566186,5,2,3
32566236,1,0,1
32567021,41,5,36
32567160,11,1,10
32567281,15,1,14
325673,360,85,275
32567615,2,0,2
32567855,27,7,20
32568091,24,7,17
32569364,18,3,15
32569474,14,4,10
32570310,5,0,5
32570373,9,2,7
32570736,40,8,32
32570793,12,1,11
32571537,8,0,8
32572692,1,0,1
32573518,22,1,21
32574002,19,2,17
32574634,4,1,3
32575000,37,6,31
32576605,5,3,2
3257661,251,28,223
32580195,8,3,5
32580463,15,4,11
32580909,22,5,17
32581600,45,15,30
32581675,2,0,2
32582052,25,6,19
32582210,67,18,49
32582637,73,18,55
32583344,0,0,0
32584175,8,0,8
32584565,3,2,1
32584922,14,3,11
32585190,68,10,58
32585544,65,7,58
32585711,30,3,27
32585763,12,7,5
32586282,58,21,37
32586600,7,3,4
32586734,71,24,47
32587382,9,2,7
32587479,17,3,14
32587506,1,1,0
32587628,14,5,9
32588409,2,0,2
32588561,20,4,16
32588609,42,5,37
32589455,0,1,-1
32590095,3,0,3
32590459,30,9,21
32592490,4,3,1
32593223,7,3,4
32593396,4,0,4
32593571,64,10,54
32594461,0,0,0
32598419,5,1,4
32598425,15,2,13
32598997,96,23,73
32599228,0,0,0
32599387,12,4,8
32599461,3,0,3
32599722,11,2,9
3259990,225,29,196
32600336,6,1,5
32600436,25,11,14
32600486,53,13,40
32601718,6,1,5
32602153,10,3,7
32602202,63,5,58
32603147,6,1,5
32603386,2,0,2
32603513,17,5,12
3260426,50,9,41
32604785,14,2,12
32604986,69,14,55
3260515,4,5,-1
32605965,27,5,22
32606251,4,0,4
32606451,17,7,10
32606629,6,4,2
32608278,19,6,13
32608537,4,1,3
32608669,3,0,3
32609197,4,0,4
32610114,7,4,3
32610139,16,2,14
32610324,1,1,0
32610692,13,1,12
32611135,28,8,20
32611746,32,24,8
32611766,5,3,2
32612157,25,10,15
32612322,23,8,15
32612446,41,8,33
32612496,29,6,23
32612511,42,14,28
32612723,8,1,7
32613332,35,15,20
32613423,3,1,2
32613768,28,1,27
32613896,57,14,43
32613902,2,2,0
32614279,14,0,14
32615189,14,3,11
32616123,29,9,20
32621759,3,0,3
32622305,13,3,10
32622521,19,10,9
32622846,12,2,10
32623916,20,9,11
32624348,31,8,23
32624480,11,1,10
32624558,9,6,3
32624812,13,4,9
32624956,1,2,-1
32625097,42,11,31
32625369,7,1,6
32626170,28,12,16
32626781,39,8,31
32627027,10,4,6
32628566,70,37,33
32628792,6,5,1
32629013,40,12,28
32629361,5,2,3
32629383,10,3,7
32629744,70,27,43
32630392,6,0,6
32631057,9,2,7
326314,14,7,7
32631453,17,3,14
32631733,0,0,0
32632091,3,4,-1
32632121,22,6,16
32632172,9,6,3
32632194,8,2,6
32633002,7,2,5
32633307,9,1,8
32633776,13,11,2
32634023,17,2,15
32634031,30,5,25
32634038,4,2,2
32634112,17,3,14
32634237,8,3,5
32634737,7,1,6
32634901,18,3,15
32635322,54,9,45
32635671,5,2,3
32635685,0,3,-3
32635705,36,18,18
32635801,39,9,30
32635873,14,2,12
32635955,101,36,65
32636343,11,3,8
32636445,8,8,0
32636482,21,1,20
32636754,2,0,2
32637491,3,1,2
32637497,18,6,12
32637738,8,0,8
32638048,29,10,19
32638385,16,1,15
32638406,17,5,12
32638425,25,7,18
32638684,29,7,22
32639612,5,2,3
32640029,65,20,45
32641968,11,3,8
32642151,95,13,82
32643644,12,15,-3
32643724,2,7,-5
32644047,24,7,17
32647213,78,27,51
32648506,83,15,68
3265033,86,25,61
32650758,36,15,21
32651029,35,13,22
32651142,27,14,13
32651283,22,6,16
32651572,0,0,0
32651609,32,5,27
32651613,83,18,65
32651773,10,5,5
32651881,11,1,10
32651938,5,3,2
32651997,29,9,20
32652004,4,0,4
32652102,12,0,12
32653851,6,1,5
32653860,65,13,52
32654079,42,15,27
32655844,1,0,1
32656055,12,2,10
32656113,43,11,32
32656426,1,1,0
32656521,0,0,0
32656840,20,13,7
32656850,0,0,0
32656976,2,2,0
32657220,3,0,3
32657447,4,2,2
32657674,3,0,3
32657999,9,5,4
32658058,69,19,50
32658399,15,7,8
32658636,0,0,0
32658789,15,3,12
32658841,11,4,7
32658848,7,2,5
32659015,25,16,9
32659016,2,1,1
32659032,48,15,33
32659185,22,6,16
32659740,42,6,36
32659921,7,1,6
32660588,5,0,5
32660663,30,4,26
32660790,29,10,19
32660938,32,9,23
32661167,11,0,11
32661351,36,6,30
32661549,23,4,19
32661729,18,0,18
32661798,5,3,2
32662422,43,14,29
32662425,12,1,11
32662426,21,6,15
32662435,2,0,2
32663074,8,1,7
326633,759,224,535
32663712,34,9,25
32664928,3,3,0
32666112,22,4,18
32666115,3,0,3
32666304,1,0,1
32666338,25,16,9
32666353,13,0,13
32666592,5,1,4
32666929,12,4,8
32667108,37,9,28
32667979,11,1,10
3267020,9,1,8
3267177,162,29,133
32676964,7,1,6
32679258,0,0,0
3267967,26,8,18
32679933,9,3,6
32680323,6,0,6
32680854,20,25,-5
32681407,7,3,4
32681733,45,9,36
32681784,1,0,1
32681809,13,3,10
32681840,3,0,3
32682659,5,2,3
32682923,21,8,13
32682996,4,3,1
32683017,38,8,30
32683041,3,0,3
32683709,6,0,6
32683909,3,0,3
32684545,23,5,18
32684662,3,0,3
32685529,13,1,12
3268570,45,10,35
32686549,25,8,17
32687304,91,25,66
32688056,30,6,24
32688222,11,5,6
32688527,14,7,7
32689123,2,2,0
32690042,34,12,22
32690168,7,1,6
32690905,33,3,30
32691581,13,8,5
32692172,3,0,3
32693926,37,13,24
32694452,5,1,4
32694484,42,18,24
32694995,0,0,0
32695015,103,53,50
32695038,5,0,5
32695295,44,26,18
32695427,2,0,2
32696869,19,3,16
32697079,14,2,12
32698317,38,26,12
3270479,25,2,23
32705962,10,6,4
32706563,65,11,54
32707455,12,4,8
32707467,7,2,5
3270765,247,64,183
32707719,32,21,11
32707827,0,0,0
32708033,29,7,22
32708200,3,3,0
32708332,25,4,21
32708392,26,6,20
32708396,30,2,28
32708622,45,9,36
32708999,7,4,3
32709192,9,1,8
32709248,20,1,19
32709277,3,0,3
32709557,62,24,38
32709611,3,0,3
32709901,24,7,17
32710319,69,16,53
32710324,10,4,6
32710483,17,2,15
32710494,1,1,0
32711783,38,14,24
3271256,60,7,53
32712646,27,5,22
32713052,8,4,4
32713091,20,4,16
32713408,33,15,18
32713602,53,12,41
32713669,15,6,9
32713677,3,1,2
32713785,1,0,1
32713963,51,16,35
32714086,1,1,0
32715519,17,9,8
32715824,25,12,13
32717333,39,24,15
32718502,0,0,0
32718858,36,20,16
32719287,15,1,14
32719472,119,37,82
32720055,20,7,13
32720242,17,3,14
32720663,24,3,21
327220,612,198,414
32722072,10,3,7
32722192,39,11,28
32722203,3,1,2
32722282,0,0,0
32722956,2,0,2
32723262,0,0,0
32728671,1,5,-4
32728794,22,14,8
32729468,32,13,19
32729674,214,48,166
32730092,0,0,0
32730431,129,22,107
32731667,29,11,18
32731760,0,0,0
32731863,176,36,140
32732641,3,0,3
32732877,0,0,0
32733411,5,0,5
32733502,1,2,-1
32733519,11,2,9
32733590,59,38,21
32733727,5,0,5
32733749,7,1,6
32733860,134,24,110
32734049,1,2,-1
32734129,68,10,58
32734211,21,3,18
32734347,4,0,4
32734568,1,0,1
32734857,1,1,0
32735411,3,0,3
32735527,52,4,48
32735951,42,7,35
32736100,11,2,9
32737019,12,2,10
32738722,7,2,5
3273878,129,66,63
32740097,5,1,4
32740123,5,2,3
32741099,75,10,65
32741283,98,14,84
32741895,6,0,6
32741937,49,14,35
32742358,5,1,4
32743755,71,37,34
32743873,41,4,37
3274396,172,12,160
32744488,11,7,4
32745331,43,13,30
32745712,45,23,22
32749771,16,5,11
32749941,13,0,13
32750633,53,12,41
32751450,4,1,3
32751867,12,1,11
32752291,0,0,0
32752905,3,0,3
32753338,43,8,35
32753782,33,1,32
32754099,12,3,9
32754669,6,1,5
32754677,13,0,13
3275469,39,15,24
32755091,10,0,10
32755524,10,1,9
32756010,8,0,8
32757002,6,4,2
32757244,5,4,1
32757409,1,2,-1
32757928,0,0,0
32758010,0,0,0
32758088,0,0,0
32758312,108,31,77
32758566,45,18,27
32759067,13,0,13
32759229,3,0,3
32759618,4,0,4
32759736,32,13,19
32760190,9,2,7
32760304,32,3,29
32760358,7,0,7
32760549,34,9,25
32760727,26,3,23
32760903,1,1,0
32761193,38,14,24
32761839,40,6,34
32761984,6,0,6
32762220,13,4,9
32762664,9,4,5
32762728,24,7,17
32762763,15,0,15
32763433,16,1,15
32764551,107,17,90
32764796,0,0,0
3276487,237,101,136
32766379,2,0,2
32766454,77,32,45
32766886,43,10,33
3277188,252,40,212
32773976,16,4,12
32774053,2,0,2
32774174,11,3,8
32774668,2,0,2
32774823,13,4,9
32775493,106,11,95
32775613,0,0,0
32775667,69,48,21
32775760,15,4,11
32775922,0,0,0
32776353,21,1,20
32776511,48,14,34
32776809,28,9,19
32777384,26,5,21
32778552,0,0,0
32779115,15,6,9
32779484,67,27,40
32779607,37,7,30
32779873,2,0,2
32781161,83,18,65
32781370,1,0,1
32781518,9,3,6
32781604,0,1,-1
32781624,25,13,12
32782853,27,8,19
32783112,34,5,29
32783581,36,7,29
32783585,14,4,10
32783593,20,2,18
32783765,69,8,61
32784130,38,8,30
32784264,2,0,2
32784641,2,0,2
32785209,31,16,15
32785323,8,3,5
32785554,8,1,7
32785681,4,0,4
32786059,1,0,1
32787527,2,2,0
32788671,1,1,0
32788686,66,6,60
3279007,53,21,32
32790545,25,8,17
3279376,26,14,12
32794014,16,7,9
32797108,5,1,4
32797796,13,2,11
32797896,2,0,2
32797904,2,1,1
32797987,0,0,0
32798293,13,0,13
32798394,28,8,20
32799391,14,9,5
32799445,11,1,10
32800488,17,1,16
32801191,21,11,10
32801291,7,0,7
32801486,58,15,43
32801707,20,3,17
32802085,18,8,10
32802133,15,3,12
32802443,16,0,16
32803162,8,0,8
32803485,5,6,-1
32803554,0,0,0
32804939,23,3,20
32804975,4,1,3
32804985,80,28,52
32805298,25,13,12
32805354,6,4,2
32806676,54,9,45
32807396,0,0,0
32807525,19,6,13
32807863,2,1,1
32808183,21,6,15
32808199,35,19,16
32808237,18,5,13
32809459,6,1,5
32809513,41,6,35
32809682,0,0,0
32809698,21,7,14
32809995,33,4,29
32810575,7,2,5
32810786,16,3,13
32810846,4,0,4
32811079,35,6,29
32811918,6,1,5
3281207,334,113,221
32812227,3,2,1
32812673,2,0,2
32812930,11,5,6
32813656,14,0,14
32813838,6,1,5
32814934,14,3,11
32815078,6,2,4
32815250,1,0,1
32815336,7,1,6
32815455,20,9,11
32815976,24,9,15
3281612,377,160,217
32816359,8,3,5
3281794,46,4,42
32824538,49,38,11
32826040,18,2,16
32826099,0,0,0
32826741,6,1,5
32826809,5,4,1
32827308,10,6,4
32827438,5,2,3
32827899,3,4,-1
32828029,25,4,21
32828073,0,0,0
32828103,2,0,2
32828292,33,25,8
3282847,375,68,307
32829614,1,0,1
32829738,63,23,40
32830375,12,0,12
32831000,36,6,30
32831324,26,10,16
32831899,12,2,10
32832698,23,3,20
3283361,12,5,7
32834251,2,0,2
32834668,3,0,3
32834740,4,0,4
32834985,9,3,6
32835466,23,26,-3
32835486,39,13,26
32835583,2,2,0
32835621,0,0,0
32835639,1,0,1
32836236,28,15,13
32836885,84,43,41
32837029,26,8,18
32838038,0,0,0
32838276,18,7,11
32838344,45,13,32
32838811,59,6,53
32839744,3,0,3
32840010,13,6,7
32840309,5,0,5
32840675,1,0,1
32840799,118,48,70
32840999,2,1,1
32841743,2,0,2
32841748,107,32,75
32842178,34,10,24
32842759,4,0,4
32842892,0,1,-1
32842985,13,0,13
32843684,3,0,3
32844394,56,24,32
32850564,5,3,2
32852874,78,14,64
32852878,73,39,34
32853001,25,16,9
32853022,66,12,54
32853800,25,8,17
32853808,17,7,10
32854022,17,5,12
32854114,41,9,32
32854212,13,10,3
32854620,20,16,4
32854647,29,6,23
32854714,54,11,43
32854725,0,0,0
32855094,1,0,1
32855162,6,1,5
32855215,1,1,0
32855588,10,5,5
32856018,25,3,22
32856470,12,2,10
32856486,3,0,3
32857326,22,14,8
32858469,29,11,18
32858520,40,12,28
32858648,18,6,12
32858781,19,6,13
32858866,8,4,4
32859019,1,0,1
32859568,3,7,-4
32859839,1,0,1
32860845,4,0,4
3286092,46,17,29
32861441,34,6,28
32861529,3,3,0
32861588,20,3,17
32861660,6,3,3
3286188,2,2,0
32862046,14,3,11
32862096,37,15,22
32862340,14,3,11
32862560,21,5,16
32862960,3,2,1
32863177,8,1,7
32863421,27,10,17
32864765,53,7,46
32864984,1,0,1
32865180,14,3,11
32865439,8,2,6
32865825,10,1,9
32866044,1,1,0
32866739,5,3,2
32867236,121,49,72
3286739,376,74,302
32867470,0,2,-2
32867659,24,8,16
32867884,17,1,16
32867939,18,6,12
32868054,13,6,7
32868058,39,12,27
32868059,60,19,41
32868060,29,8,21
32868062,26,12,14
32868770,19,6,13
32869721,1,0,1
32870316,8,1,7
3287526,217,41,176
32876772,6,1,5
32879339,0,0,0
32879504,0,0,0
32880180,10,1,9
32880351,40,16,24
32880487,57,12,45
32880764,32,5,27
32880903,5,3,2
32881968,8,0,8
32882338,0,0,0
32882440,20,4,16
32882534,19,14,5
32882683,1,0,1
32883035,4,0,4
32883263,3,1,2
32883568,0,0,0
32884785,32,23,9
32885016,8,0,8
32885252,15,2,13
32885518,72,16,56
32885544,2,0,2
32885753,9,6,3
32886304,50,8,42
32886433,19,3,16
32886537,6,1,5
32887325,25,5,20
32887675,135,9,126
32888884,3,2,1
32889354,43,6,37
32889457,1,0,1
32889759,6,2,4
32890106,38,10,28
32890899,12,6,6
32891242,15,7,8
32891524,0,0,0
32891599,14,2,12
32893615,23,3,20
32894091,14,10,4
32894692,8,0,8
32895087,37,8,29
32895221,3,1,2
32895702,33,10,23
32895727,46,11,35
32896248,9,11,-2
32896472,30,2,28
32902983,2,1,1
32905195,36,9,27
32905712,2,0,2
32906271,5,5,0
32906373,14,2,12
32906722,44,5,39
32907206,21,8,13
32907363,8,3,5
32907522,12,4,8
32907948,23,14,9
32908084,14,12,2
32908216,11,4,7
32909113,10,2,8
32909695,4,4,0
32909768,8,4,4
32909856,12,2,10
3291050,172,57,115
32910501,43,6,37
32910692,38,11,27
329109,147,41,106
32911868,25,4,21
32912228,8,4,4
32912851,9,3,6
32913133,9,2,7
32913578,8,3,5
32913622,24,12,12
32913727,38,3,35
32914815,8,4,4
32915087,26,4,22
32915101,9,1,8
32915180,4,0,4
32915335,19,2,17
32915479,19,6,13
32915966,7,8,-1
32916073,0,0,0
32916247,5,0,5
32916602,7,1,6
32917577,16,3,13
3291826,120,32,88
32918782,13,5,8
32919183,55,27,28
32919490,5,1,4
32919494,27,26,1
32919503,11,4,7
32919599,16,5,11
32920082,32,9,23
32920205,2,0,2
32920423,28,10,18
3292172,4,0,4
32926576,85,25,60
3292685,0,0,0
32926859,14,1,13
32927629,11,2,9
32929006,41,18,23
32929140,15,1,14
32929339,5,1,4
32929698,5,1,4
32930184,3,2,1
3293028,152,113,39
32930310,16,0,16
32930737,58,13,45
32933320,12,10,2
32933623,57,23,34
3293399,119,33,86
32934826,2,1,1
32934931,3,2,1
32934988,36,20,16
32935271,4,1,3
32935312,0,0,0
32936039,4,0,4
32937113,23,5,18
32937307,21,0,21
32939838,1,0,1
32940399,27,6,21
32941154,16,4,12
3294255,362,120,242
32943398,27,8,19
32944547,32,8,24
32945934,6,2,4
32946661,15,9,6
32946677,7,0,7
32947131,36,12,24
32947344,9,0,9
32948088,16,20,-4
3294824,43,3,40
32948288,111,36,75
32950286,91,21,70
32950360,22,5,17
3295048,196,100,96
32950518,22,12,10
32952027,6,4,2
32952208,20,1,19
32952260,32,16,16
32952617,37,3,34
32952865,10,3,7
32952943,5,0,5
32952974,0,0,0
32953165,79,9,70
32954838,12,1,11
32954839,12,5,7
32954864,29,5,24
32955042,6,2,4
32955285,10,2,8
32956500,50,8,42
32957225,0,1,-1
32957269,19,4,15
32957487,60,7,53
32957568,17,3,14
329585,512,115,397
32959121,83,31,52
32959539,18,3,15
32961385,96,16,80
32961766,26,3,23
32962695,2,1,1
3296580,36,25,11
32968014,28,6,22
3296821,237,91,146
32970282,15,5,10
32970657,6,4,2
32970799,18,2,16
3297141,16,4,12
32971508,45,13,32
32971799,17,7,10
32971945,27,10,17
32972154,3,0,3
32972343,6,0,6
32972469,32,28,4
32972908,26,6,20
32973227,20,9,11
32973335,8,2,6
32973342,40,16,24
32973474,7,2,5
32973665,2,1,1
32974041,4,0,4
32976224,13,2,11
32976567,3,0,3
32976909,8,3,5
32976970,41,7,34
32977531,14,4,10
32977584,3,1,2
32977687,13,7,6
32977843,39,9,30
32978052,6,0,6
32978203,11,6,5
32978886,10,13,-3
3297912,175,63,112
32979217,124,14,110
32979261,12,1,11
32979967,24,20,4
32980039,5,1,4
32980410,5,0,5
32980453,64,10,54
32981009,25,2,23
32981041,23,3,20
32981333,25,8,17
32981522,10,3,7
32981586,3,1,2
32982493,7,1,6
32982572,36,9,27
32983526,22,4,18
32983832,105,6,99
32983871,4,0,4
32984134,4,0,4
32984147,9,5,4
32984335,4,0,4
32984344,22,6,16
32984522,37,5,32
32984866,101,13,88
32984924,18,5,13
32985128,5,0,5
32985401,21,5,16
32985732,1,1,0
32986119,30,11,19
3298654,19,6,13
32987248,1,1,0
32988011,19,10,9
32988347,22,10,12
32988377,24,8,16
32988505,45,19,26
32988562,2,1,1
32988716,31,8,23
32988985,7,0,7
32989007,23,7,16
32990309,67,11,56
32990349,6,0,6
32991703,9,3,6
3299656,157,32,125
32997436,7,3,4
32998794,0,0,0
32998801,2,0,2
32999887,31,7,24
32999974,1,1,0
33000890,19,3,16
33001162,0,0,0
3300170,158,48,110
33002144,1,1,0
33002353,16,1,15
33002528,4,1,3
330032,202,39,163
33003266,0,0,0
33003291,0,0,0
33003377,5,2,3
33003996,2,0,2
330044,18,3,15
33004596,7,1,6
33005934,27,3,24
33006180,13,2,11
33007239,14,4,10
33007406,6,1,5
33007630,6,2,4
33007769,0,0,0
33007813,33,8,25
33008409,21,4,17
33009682,11,1,10
33009693,3,0,3
33010350,17,18,-1
33010616,3,1,2
33010757,25,8,17
33010899,6,5,1
33011385,13,3,10
33011542,33,4,29
33011732,12,5,7
33011780,31,11,20
3301186,33,0,33
33012549,9,2,7
33012947,12,1,11
33013230,9,3,6
33013730,53,12,41
33014030,12,1,11
33014264,34,6,28
33014329,9,7,2
33014457,30,6,24
33014723,2,0,2
33014901,30,5,25
33015486,16,2,14
33015733,2,0,2
33015800,101,25,76
33016336,43,15,28
33017875,40,9,31
33017916,9,2,7
33018097,74,16,58
33018930,19,4,15
33019088,46,9,37
33019132,28,9,19
33019599,103,18,85
33019750,8,4,4
3302606,438,90,348
3302629,275,61,214
33027107,5,1,4
3302733,6,4,2
33027576,59,5,54
33027859,53,7,46
33028545,2,1,1
33029475,11,5,6
33029784,23,9,14
33029821,7,2,5
33029836,36,31,5
33029961,83,22,61
33030026,27,11,16
33030304,21,7,14
33030471,12,0,12
33030823,14,11,3
33030958,6,1,5
33030978,12,2,10
33031193,1,0,1
33031195,10,1,9
33031576,7,3,4
33031682,1,1,0
33031742,19,9,10
33032224,69,3,66
33032243,16,2,14
33032541,3,5,-2
33033079,8,5,3
33033413,9,1,8
33033717,22,0,22
33034364,8,0,8
33035922,0,1,-1
33036086,12,6,6
33036722,4,1,3
33037265,4,2,2
33037272,3,0,3
33037396,7,0,7
33037575,16,8,8
33037823,5,0,5
33037880,24,7,17
33038446,16,2,14
33038490,18,2,16
33038755,9,5,4
33039686,0,0,0
33039929,1,0,1
33040120,9,3,6
33040458,44,6,38
33040646,96,18,78
33041470,33,7,26
33041558,10,3,7
33042861,7,3,4
33042880,7,0,7
33043222,41,11,30
33043223,5,2,3
33043660,4,2,2
33044153,2,0,2
3304450,45,6,39
33044960,62,13,49
33045058,7,4,3
33045965,42,25,17
33049068,65,16,49
3305095,37,5,32
33053201,19,3,16
33054155,41,17,24
33054954,100,27,73
3305571,48,9,39
33056621,3,1,2
3305771,232,96,136
33058879,6,2,4
33059056,45,4,41
33059111,36,10,26
33059285,5,3,2
33059592,4,1,3
33060187,3,1,2
33060782,8,6,2
33061714,24,2,22
33061725,24,2,22
33061738,43,8,35
33061841,11,7,4
33063452,23,9,14
33063829,0,0,0
33063960,1,0,1
33064323,17,6,11
33064738,11,1,10
33065007,14,7,7
33065058,0,0,0
33066394,4,0,4
33068127,3,0,3
3306876,395,61,334
33069612,3,1,2
33070785,25,8,17
33071309,1,0,1
33071731,9,2,7
33072288,30,9,21
33072909,20,4,16
33073111,5,1,4
33073638,0,0,0
33074415,13,7,6
33076525,18,4,14
33081442,48,18,30
33082740,24,15,9
33083932,0,0,0
33084869,127,29,98
33085329,8,3,5
33085705,5,0,5
33085970,1,0,1
33086076,17,6,11
33086557,5,1,4
33086772,3,0,3
33087242,18,1,17
33087718,14,2,12
33088695,7,5,2
33088702,54,9,45
33089872,27,11,16
33089965,16,6,10
33090038,58,17,41
33090072,83,17,66
33090110,22,2,20
33090164,12,6,6
3309117,35,10,25
33092277,25,10,15
330932,582,239,343
33093347,10,5,5
33093494,37,11,26
33093512,7,15,-8
33093786,71,13,58
33093904,59,10,49
33094543,1,1,0
33095937,19,1,18
33096790,47,4,43
33096848,39,5,34
33096850,55,7,48
33097116,14,3,11
33099838,17,8,9
33101888,5,1,4
33102908,12,4,8
33102948,16,10,6
33103468,49,9,40
33103650,38,8,30
33104024,9,0,9
33104892,19,8,11
33104995,4,3,1
33105429,9,7,2
331058,231,54,177
33106068,12,0,12
33106770,3,0,3
33106922,16,6,10
33108515,146,35,111
33109122,9,0,9
33109193,1,3,-2
33109266,19,4,15
33109498,15,3,12
33109882,33,13,20
33110143,17,7,10
33110376,42,13,29
33110449,33,12,21
33110808,78,18,60
33110861,2,0,2
33111225,36,10,26
33112437,4,1,3
33113336,5,0,5
33113431,4,3,1
33113977,9,0,9
33115167,4,0,4
33115184,53,9,44
33115523,17,6,11
33116284,1,4,-3
33117020,37,8,29
33117256,13,1,12
33120940,83,10,73
33121204,79,19,60
33122487,31,8,23
33122604,0,0,0
33123159,0,0,0
33124071,6,1,5
33124119,27,6,21
33124569,8,0,8
33124712,15,2,13
33125315,25,9,16
33126308,5,4,1
33127267,4,2,2
33127418,17,1,16
33128138,14,1,13
33128141,14,11,3
33128545,38,11,27
33129353,4,1,3
33130507,6,1,5
33130631,28,9,19
33131420,13,2,11
33131943,19,7,12
33132394,4,1,3
33132510,11,1,10
33132774,20,3,17
33134408,44,11,33
33135334,8,3,5
33135615,24,7,17
33135842,16,4,12
33136169,11,0,11
33136459,37,17,20
33136958,40,11,29
33137024,42,7,35
33137428,7,6,1
33138320,3,1,2
33138431,10,1,9
33139112,0,1,-1
33140254,10,4,6
33141371,28,7,21
33141525,8,3,5
33143889,24,11,13
33146604,0,0,0
33147053,13,0,13
33147942,28,8,20
33148157,1,2,-1
33148294,33,14,19
33148525,0,0,0
33148601,27,11,16
33148604,12,9,3
33149722,13,7,6
33149766,45,20,25
33149990,9,3,6
33150617,1,0,1
33150707,0,0,0
33151181,35,8,27
33151294,22,6,16
33151300,25,6,19
33151678,21,14,7
33152008,6,2,4
33152307,32,7,25
33152581,54,5,49
33153090,14,3,11
33153147,26,6,20
33153314,11,1,10
33153496,25,10,15
33153551,10,4,6
33154003,0,0,0
3315412,12,7,5
33154262,7,6,1
33154751,16,8,8
33154776,7,4,3
33155197,3,0,3
33156200,46,12,34
33156310,10,3,7
33156514,8,1,7
33157747,40,9,31
33157798,13,10,3
33158117,4,0,4
33158139,7,5,2
33159075,33,4,29
33159522,25,8,17
33159750,5,1,4
33159777,4,0,4
33160066,24,3,21
33160174,8,2,6
33160518,52,6,46
33160954,27,10,17
33161306,13,2,11
33161373,30,7,23
33161421,6,0,6
3316186,36,21,15
33162131,6,1,5
33162180,64,16,48
33163716,51,22,29
33163880,5,2,3
33163906,26,4,22
33164061,17,4,13
33165633,21,2,19
33165768,8,7,1
33165901,15,5,10
33166530,40,10,30
33167615,20,13,7
33168575,11,8,3
33170090,35,7,28
33172579,6,2,4
33172791,26,14,12
33174507,30,5,25
33176513,5,4,1
33177194,41,9,32
33178101,17,5,12
33178278,18,10,8
33178317,11,2,9
33178324,3,1,2
33178675,10,2,8
33178909,36,4,32
33179230,21,8,13
33179656,4,0,4
33179703,37,8,29
33179707,30,7,23
33179954,19,2,17
33179966,31,4,27
33180001,2,1,1
33180007,0,0,0
33180333,18,0,18
33180436,36,2,34
33180465,5,1,4
33180467,7,2,5
33180469,0,0,0
3318135,34,5,29
33182073,89,46,43
33182200,11,1,10
33182541,2,1,1
33184187,16,1,15
33185019,15,9,6
33185034,9,1,8
33185929,4,1,3
33186629,72,18,54
33186784,25,6,19
33187249,7,1,6
33187447,21,4,17
33188022,52,29,23
33188393,13,8,5
33189445,4,2,2
33189823,14,1,13
33190405,35,10,25
33191010,25,11,14
33191088,5,1,4
33191318,2,0,2
33191472,1,0,1
33191675,2,0,2
33192021,11,9,2
33192242,48,12,36
33192332,53,29,24
33193395,6,3,3
33193560,19,12,7
33193563,4,2,2
33193671,24,11,13
33194652,9,3,6
33195125,24,6,18
33195307,56,5,51
33195614,25,2,23
33195740,30,1,29
33196154,7,1,6
3319665,48,13,35
33196982,15,5,10
33197179,13,7,6
33198064,14,0,14
33203457,26,7,19
33203815,26,9,17
33204257,0,0,0
3320436,68,41,27
33205426,9,2,7
33206039,5,3,2
33206209,0,0,0
33206283,1,0,1
33207105,22,8,14
33207719,2,3,-1
33207800,11,11,0
33207808,50,12,38
33207942,3,0,3
33207969,40,11,29
33208401,18,4,14
33208456,47,8,39
33208817,11,3,8
33208883,38,16,22
33209833,19,9,10
33209889,2,0,2
33210216,5,1,4
33210568,29,13,16
3321096,308,79,229
33211076,19,9,10
3321113,101,41,60
33211884,1,0,1
33212241,34,12,22
33212481,2,2,0
33213839,38,29,9
33214282,34,3,31
33214472,17,7,10
33214691,5,4,1
33215429,0,1,-1
33215505,12,1,11
33215919,10,2,8
33216681,12,5,7
33217406,17,10,7
33218261,8,2,6
33219302,0,0,0
33219603,2,0,2
33219821,60,17,43
33220535,2,1,1
3322073,45,18,27
33220818,2,0,2
33221341,5,2,3
33221604,1,0,1
33221694,0,0,0
33221806,64,14,50
33222789,79,17,62
33224024,48,30,18
3322476,82,34,48
33224817,1,0,1
3322493,482,85,397
33225445,6,0,6
3322644,9,2,7
33226684,22,17,5
33226778,29,6,23
33232915,93,28,65
33235234,6,1,5
33235760,19,16,3
33235844,17,8,9
33235962,7,3,4
33236357,25,5,20
33237888,10,6,4
33238285,34,9,25
3323834,94,18,76
33238552,49,2,47
33239653,16,5,11
3324001,61,25,36
33240465,22,8,14
33240727,0,0,0
33241111,34,16,18
33241502,11,1,10
33241601,3,1,2
33241680,0,1,-1
33241815,25,13,12
33241908,42,10,32
33242943,12,8,4
33242961,26,12,14
33243123,0,0,0
33243217,12,8,4
33243403,4,2,2
33243729,13,0,13
33243734,26,13,13
33243813,22,12,10
33243997,39,7,32
33244053,15,6,9
3324429,458,98,360
33244294,17,2,15
33244475,9,6,3
33244757,4,0,4
33245062,16,12,4
33246567,31,6,25
33246670,9,6,3
33247616,22,14,8
33248915,18,5,13
33249231,25,4,21
33249764,9,2,7
33252015,16,7,9
33252253,17,3,14
33252427,22,11,11
33252606,38,11,27
33254047,14,2,12
33255616,15,3,12
33255782,0,0,0
33258875,78,4,74
33260414,5,0,5
33260685,5,2,3
33260902,20,9,11
33261517,11,3,8
33261746,27,19,8
33262249,16,2,14
33262474,4,0,4
33262706,8,1,7
33262812,1,0,1
33262925,7,9,-2
3326389,46,9,37
33265399,25,4,21
33265550,4,3,1
33265627,15,0,15
33266017,0,0,0
33266124,3,1,2
33266332,0,3,-3
33266465,6,0,6
33266521,52,24,28
33266665,11,1,10
33266776,59,12,47
33267179,48,25,23
33267327,32,5,27
33267369,12,0,12
33267576,2,1,1
33267693,9,2,7
33267840,75,19,56
33268077,60,21,39
33268154,4,4,0
33268203,19,3,16
33268366,52,15,37
33268742,24,10,14
33268873,8,6,2
33268964,28,3,25
33269147,25,6,19
33270314,2,2,0
33270433,108,27,81
33270886,25,7,18
33271299,4,0,4
33271618,6,1,5
33272137,16,7,9
33272996,8,0,8
33274445,19,11,8
33274576,13,6,7
3327563,103,23,80
33276315,23,2,21
33280160,2,0,2
33280848,14,1,13
33282372,1,0,1
3328248,152,67,85
33282861,3,1,2
33284406,5,3,2
33285010,4,1,3
33285505,7,1,6
33286080,29,2,27
33288186,23,3,20
33288192,28,4,24
33288536,15,0,15
33288792,8,2,6
33289484,2,0,2
33289733,46,18,28
33289997,16,3,13
33292418,4,0,4
33292619,14,0,14
33292776,0,0,0
33293070,16,3,13
33293783,6,3,3
33293888,20,7,13
33295616,33,10,23
33299804,3,4,-1
33300165,120,31,89
33300597,3,0,3
3330074,412,127,285
33300753,15,5,10
33301136,1,1,0
33301445,1,0,1
33301465,36,15,21
33301714,27,2,25
33302260,5,5,0
33302306,6,2,4
33302321,4,0,4
33302400,33,6,27
33303010,37,13,24
33303126,17,7,10
33303154,16,2,14
33303512,26,8,18
33303675,30,21,9
33304515,30,16,14
33304862,8,2,6
33305015,56,13,43
33305439,3,1,2
33305456,4,10,-6
33305536,7,0,7
33306089,33,8,25
33306172,27,2,25
33308201,15,4,11
3330928,360,131,229
33309849,17,2,15
33310037,81,35,46
33310056,54,21,33
33310193,2,0,2
33310272,4,3,1
33310686,1,1,0
33310750,4,0,4
33310973,18,3,15
33311230,103,14,89
33311334,122,16,106
3331191,74,44,30
33312087,24,1,23
33312120,10,1,9
33313050,18,3,15
33313282,0,0,0
33313697,9,2,7
33315188,0,5,-5
33315498,39,12,27
33315550,33,18,15
33317847,17,1,16
33317929,33,10,23
33322091,10,1,9
33322380,35,6,29
33322514,4,0,4
33323477,16,6,10
33325371,19,6,13
33326272,4,1,3
3332666,69,38,31
33326949,78,14,64
33326984,1,1,0
33327444,40,16,24
33327726,5,3,2
33327935,36,9,27
33328619,18,11,7
33328638,1,0,1
33328770,16,2,14
33328862,23,5,18
33328911,16,5,11
33330794,3,3,0
33331940,17,9,8
33332,10,4,6
33332302,7,2,5
33332408,7,10,-3
33333220,6,0,6
33333296,22,3,19
33333534,10,1,9
33333667,12,12,0
33333827,18,17,1
33334028,25,9,16
33334159,1,1,0
33334236,8,3,5
33335197,11,9,2
33335326,3,0,3
33335383,15,1,14
33335497,27,10,17
33336252,5,4,1
33336420,19,7,12
33336748,3,3,0
33337706,11,1,10
33337716,54,10,44
33338587,30,10,20
33339292,13,1,12
33339383,5,1,4
33340696,9,0,9
33340918,39,24,15
33341755,1,0,1
33341785,50,13,37
33342161,5,0,5
33342162,101,23,78
33342436,100,28,72
33343021,2,0,2
33343221,9,4,5
33343315,48,6,42
33343386,19,14,5
33343933,39,2,37
33344027,15,4,11
33344151,21,12,9
33344556,5,0,5
33344597,8,4,4
33346174,2,0,2
33349075,9,2,7
33352200,5,1,4
33355032,0,0,0
33355456,83,33,50
3335663,4,1,3
33357031,3,6,-3
33357037,32,6,26
33357091,28,8,20
33357311,11,5,6
33357417,50,16,34
33357498,21,15,6
33357649,27,12,15
33358435,9,3,6
33358827,12,3,9
33359037,3,3,0
33359048,1,3,-2
33359124,78,11,67
33359912,23,11,12
33360777,52,28,24
33361677,12,3,9
33361997,2,3,-1
33362581,1,1,0
33362650,15,7,8
33363138,30,13,17
33363422,12,0,12
33363476,2,0,2
33363780,53,8,45
33363989,0,0,0
33364047,5,2,3
33364464,38,13,25
33364506,15,5,10
33364566,6,2,4
33364597,3,0,3
33365083,4,4,0
33365224,18,10,8
33365416,36,8,28
33365669,25,8,17
33366306,16,3,13
33366472,1,2,-1
33367360,23,3,20
33367509,8,2,6
33368308,47,12,35
33368550,29,9,20
33368675,9,2,7
33368985,0,0,0
33369497,26,3,23
33370539,10,2,8
33370548,3,3,0
33371055,55,9,46
33371217,2,0,2
33371440,17,3,14
3337164,9,3,6
33371699,30,9,21
33371909,24,7,17
33372168,22,13,9
33372222,39,4,35
33372616,22,11,11
33375939,26,2,24
3337624,27,12,15
33379975,4,1,3
33380819,4,3,1
33381399,15,6,9
33381851,0,0,0
33382278,16,8,8
33382328,4,1,3
33382420,2,1,1
33383050,30,12,18
33383657,9,7,2
33383895,28,2,26
33383908,11,3,8
33384163,2,2,0
33384349,36,6,30
33384415,16,2,14
3338464,50,4,46
33385383,4,1,3
33385444,30,15,15
33385600,5,4,1
33385704,3,1,2
33385960,60,9,51
33386603,30,1,29
33386617,11,1,10
33387358,7,0,7
33388286,19,5,14
33388301,26,12,14
33388579,28,12,16
33388608,6,1,5
33388931,8,3,5
33389066,0,0,0
33389379,8,3,5
33390749,9,2,7
33390848,35,8,27
33391070,11,3,8
33391156,3,2,1
33391184,13,6,7
33391473,10,2,8
33391959,3,2,1
33392055,5,1,4
33392391,0,0,0
33392581,7,8,-1
33392642,16,1,15
333931,20,6,14
33393417,2,1,1
33393516,18,10,8
33393541,66,19,47
33393915,14,2,12
33393992,3,1,2
33394116,44,11,33
33394929,15,4,11
33395702,32,9,23
33396566,2,2,0
3339724,184,35,149
33397616,16,1,15
33397746,2,0,2
33398251,0,1,-1
33398264,2,0,2
33398699,5,3,2
33399477,25,9,16
33399505,28,7,21
33399789,71,9,62
33400114,54,24,30
33400420,26,11,15
33404989,11,3,8
33406619,87,19,68
33407816,12,2,10
33411917,4,0,4
33412682,62,7,55
33413625,21,4,17
33413955,0,0,0
33414031,0,0,0
33414033,12,5,7
33414285,47,18,29
33414418,4,1,3
33415672,19,4,15
33415675,7,8,-1
33415805,46,14,32
33415967,1,0,1
33416082,10,3,7
33416236,6,0,6
33416364,4,1,3
33416670,2,1,1
33416965,5,2,3
33417974,13,0,13
33418333,5,1,4
33418574,4,0,4
33418731,3,0,3
33418833,23,8,15
33419088,11,3,8
33419349,4,0,4
33419769,27,2,25
33419833,2,0,2
33419861,19,6,13
33420031,6,1,5
33420067,24,7,17
33420379,40,9,31
33420660,16,9,7
33420688,16,3,13
33420959,5,0,5
33420985,23,4,19
33421161,8,7,1
33421537,14,7,7
33421703,62,21,41
33421838,14,10,4
33421847,0,2,-2
33422022,11,2,9
3342222,37,21,16
33422240,38,11,27
33422502,2,4,-2
33422588,3,1,2
33422638,15,0,15
33422648,11,5,6
3342278,166,79,87
33423021,32,2,30
33423068,9,0,9
33423869,8,1,7
33423998,1,0,1
33424128,42,12,30
33424762,7,0,7
33425837,24,2,22
33425876,13,3,10
33426036,31,12,19
33426128,3,0,3
33426155,68,21,47
33426760,0,0,0
33426873,12,5,7
33427175,23,6,17
33427228,11,4,7
3342771,12,8,4
33427859,1,1,0
33429445,62,29,33
3342979,284,78,206
33430029,5,1,4
33430502,11,7,4
334310,521,157,364
33433775,2,0,2
33434888,24,10,14
33436336,3,0,3
33436742,23,2,21
33438318,20,7,13
33438381,14,7,7
33438805,2,0,2
33439268,3,1,2
33439359,12,2,10
33439411,3,2,1
33439640,17,2,15
33439901,2,0,2
33440266,14,1,13
33440414,2,0,2
33440494,9,2,7
33440696,17,19,-2
33440760,34,13,21
33440985,5,0,5
3344106,62,18,44
334412,323,92,231
33442654,4,1,3
33443087,2,1,1
33443792,7,0,7
33443933,2,1,1
33444089,8,0,8
33445004,17,4,13
33445113,11,4,7
33445291,23,4,19
33445439,0,3,-3
33445536,9,4,5
33446086,0,2,-2
33446382,5,0,5
33446411,4,2,2
33446442,4,0,4
33446457,0,0,0
33447203,0,0,0
33447381,11,2,9
33447704,27,7,20
33447761,11,8,3
33447896,38,14,24
33447967,40,10,30
33448044,4,1,3
33449621,2,0,2
33450859,9,2,7
33451021,46,20,26
33452612,52,23,29
33453437,34,4,30
334546,809,198,611
33458289,66,7,59
33460454,5,0,5
33460620,25,2,23
33461094,16,8,8
33461104,38,4,34
33461108,19,3,16
33462854,12,2,10
33463139,81,22,59
33463213,5,0,5
33463541,8,0,8
33463866,22,1,21
33463957,0,0,0
33464037,13,2,11
33467361,14,2,12
33468207,18,3,15
33468810,4,0,4
33468930,5,5,0
33469581,60,24,36
33470204,20,2,18
3347023,198,126,72
33470352,13,6,7
33470709,7,0,7
33471345,88,7,81
33472892,26,2,24
33473487,6,1,5
33478495,37,22,15
3347915,12,4,8
33479842,3,0,3
33479886,15,2,13
33480135,0,0,0
33480198,2,2,0
33480885,15,8,7
33481290,22,5,17
33481892,13,3,10
33482386,4,1,3
33482430,2,0,2
33482679,7,2,5
33482841,3,0,3
3348338,464,199,265
3348390,37,16,21
3348403,132,26,106
33485071,25,3,22
3348568,10,5,5
33485943,7,2,5
33486207,2,1,1
33486230,11,5,6
33486289,24,4,20
33486597,6,2,4
33488480,3,1,2
33488530,18,4,14
33488838,5,0,5
33488995,13,3,10
33489291,0,2,-2
33489458,24,2,22
33490285,103,27,76
33491022,27,9,18
33491539,25,9,16
3349184,309,64,245
33492343,17,6,11
33492711,106,31,75
33493098,8,3,5
33493280,43,5,38
33493385,28,22,6
33493630,3,0,3
33493636,9,1,8
33494490,25,1,24
33494707,15,8,7
33495113,34,6,28
33495480,1,1,0
33495666,33,5,28
3349855,91,43,48
3349899,10,2,8
33501497,34,9,25
33502472,7,1,6
33504079,91,10,81
33504528,25,1,24
33505607,17,1,16
33505667,49,2,47
33507247,16,3,13
33507349,40,7,33
33507565,5,1,4
33507618,12,5,7
33507624,3,0,3
33507634,14,6,8
33508003,20,7,13
33508063,10,1,9
33508110,37,18,19
33508357,3,0,3
3350842,108,77,31
33508902,39,10,29
33510937,92,25,67
33511362,28,19,9
3351203,1,1,0
33512673,5,4,1
33514194,11,0,11
33514776,0,1,-1
33514908,7,2,5
33515702,49,10,39
33515764,7,4,3
33516150,25,9,16
33516231,14,1,13
33516485,20,6,14
33517221,39,23,16
33517489,1,0,1
33518094,35,9,26
33518255,4,1,3
33518536,26,6,20
33519501,17,3,14
33519686,8,1,7
33519732,6,4,2
33520077,1,1,0
33520192,40,4,36
33520325,13,4,9
33520440,7,0,7
33521783,9,7,2
33521964,5,1,4
33522041,27,7,20
33522627,28,10,18
33522774,33,14,19
33523256,4,2,2
33523600,22,9,13
33524555,31,7,24
33524558,4,2,2
33524920,25,9,16
33525397,4,5,-1
33526216,106,21,85
33526318,0,2,-2
33526512,4,0,4
33526896,21,5,16
33527126,3,1,2
33528247,21,3,18
33528313,8,2,6
33528358,50,20,30
33529043,1,0,1
33532962,4,2,2
33534652,11,4,7
33537071,4,0,4
33537110,0,0,0
3353795,22,10,12
33538792,0,0,0
33539009,8,1,7
33539615,29,11,18
33539707,0,0,0
3354078,314,154,160
33540879,7,0,7
33540996,29,8,21
33541697,30,4,26
33541865,6,1,5
33542958,3,1,2
33543247,0,0,0
33543422,14,3,11
33544251,20,8,12
33544548,9,2,7
33544638,24,3,21
33544854,14,9,5
33544868,6,1,5
33545206,1,1,0
33546724,16,3,13
33546732,4,0,4
33547273,24,12,12
33547623,4,0,4
33548320,29,11,18
33548329,12,3,9
33548573,23,7,16
33549003,12,3,9
33549006,3,1,2
33550127,12,5,7
33551068,0,2,-2
33551235,2,0,2
33551351,10,5,5
33551469,2,0,2
33552058,3,0,3
33553876,39,8,31
33554392,1,0,1
33554634,8,5,3
33555601,6,2,4
33555639,11,1,10
33556075,43,9,34
33556508,42,11,31
33556622,2,0,2
33556625,29,2,27
33556995,44,7,37
33557433,68,21,47
33557706,3,0,3
33557718,2,0,2
33558979,24,13,11
33561016,29,10,19
33561532,36,9,27
33561915,23,3,20
33562259,11,4,7
33565719,7,0,7
33566525,27,6,21
33567914,17,11,6
33568573,3,0,3
33568857,2,2,0
3356929,19,6,13
33569408,14,10,4
33570712,2,0,2
33571343,6,1,5
33571376,0,0,0
33571459,6,2,4
33571510,12,5,7
33571846,21,6,15
33571905,7,2,5
33572022,25,5,20
33572318,2,0,2
33572484,15,1,14
33572494,29,9,20
33572573,15,4,11
33573083,7,4,3
33573140,16,1,15
33573709,10,6,4
33574024,5,0,5
3357447,12,16,-4
33574634,8,1,7
33574651,25,6,19
33575133,12,1,11
33576558,4,7,-3
33576744,46,32,14
33576750,6,0,6
33577680,27,7,20
33577787,16,10,6
3357790,223,53,170
33578877,36,11,25
33578878,2,0,2
33579517,40,9,31
33579805,43,4,39
33579823,14,2,12
33579928,3,0,3
33579976,14,2,12
33580011,2,0,2
33580299,28,4,24
33580535,0,1,-1
3358063,318,66,252
33580655,12,2,10
33581107,1,1,0
33581989,6,4,2
33582071,74,14,60
33582536,39,12,27
33584712,122,25,97
33584762,20,8,12
33584921,10,3,7
33586061,12,3,9
33586220,2,0,2
33586464,77,5,72
33586576,3,0,3
33586660,4,1,3
33586777,13,0,13
33587004,11,8,3
33587029,18,3,15
33587058,7,0,7
33587090,23,14,9
33587256,74,6,68
33587465,8,1,7
33587514,37,10,27
33587786,25,10,15
33588046,25,3,22
33588237,19,3,16
33588672,14,7,7
33588739,138,17,121
33588865,11,7,4
33588931,1,0,1
33589251,6,2,4
33597510,23,6,17
33597839,1,0,1
33598082,13,2,11
33599215,11,2,9
33599406,23,12,11
33600007,73,17,56
33600895,10,6,4
33600903,18,9,9
33600944,9,4,5
33601025,2,0,2
33601046,17,10,7
33601062,6,3,3
33601088,8,2,6
33601092,5,1,4
33601164,6,2,4
33601264,0,0,0
33601336,0,0,0
33602011,3,2,1
33602504,1,0,1
33602710,4,2,2
33602843,1,0,1
33602860,20,4,16
33603423,31,2,29
33603892,19,4,15
33604628,16,15,1
33604754,31,12,19
33605074,4,0,4
33605483,8,2,6
33605648,2,1,1
33605673,0,0,0
33606274,24,9,15
33606847,24,12,12
33606854,63,19,44
33607353,16,3,13
33607582,93,23,70
33607784,3,0,3
33608102,0,0,0
33608198,26,4,22
33609154,3,0,3
33609541,7,3,4
33609779,2,0,2
33609960,37,12,25
33609961,51,29,22
33610136,35,7,28
33611020,75,22,53
33612282,0,0,0
33613635,3,0,3
33614206,42,16,26
33614424,35,12,23
33614545,0,0,0
33614914,15,1,14
33614967,24,6,18
33615314,1,1,0
33615562,10,3,7
33615585,6,1,5
33615736,23,3,20
33615805,14,4,10
33616257,1,1,0
33617049,5,6,-1
33617082,58,5,53
33617673,2,0,2
33618167,41,13,28
33620331,2,0,2
3362244,31,26,5
33622685,17,1,16
3362273,24,20,4
3362275,19,12,7
3362276,34,13,21
33622809,29,15,14
33623997,2,1,1
33625393,5,0,5
33625757,22,4,18
33626423,73,19,54
33626451,1,2,-1
33627211,4,1,3
33627576,1,1,0
33627645,5,0,5
33628156,27,8,19
33628174,12,22,-10
3362818,69,23,46
33628981,2,0,2
33629637,18,4,14
33629761,51,22,29
33629966,0,0,0
33630112,19,6,13
33630138,36,6,30
33630165,37,9,28
33630412,22,8,14
33630834,2,2,0
33631195,0,0,0
33631428,7,1,6
33632120,11,3,8
33632304,22,3,19
33632373,3,0,3
33632432,38,10,28
33632963,4,1,3
33632999,15,3,12
33633083,34,10,24
33633964,10,1,9
33634131,12,6,6
33634250,4,1,3
33634436,27,4,23
33635456,10,1,9
33635691,14,1,13
33636252,6,2,4
33636685,6,1,5
33638294,44,6,38
33638387,0,1,-1
33638818,0,0,0
33639004,31,2,29
33639364,73,16,57
33639454,18,1,17
33639648,53,14,39
33640167,15,4,11
33640184,6,3,3
33640343,7,0,7
33641071,5,1,4
3364246,109,18,91
33642624,16,3,13
33643410,6,0,6
33644093,3,0,3
33644243,10,1,9
3364517,81,25,56
33645674,22,4,18
33646326,25,20,5
33647538,35,4,31
33648240,11,5,6
33648367,0,0,0
33648750,17,13,4
33648838,26,8,18
33648885,8,2,6
33649463,3,0,3
33649593,0,0,0
33649827,0,0,0
3365015,438,83,355
33650176,5,0,5
3365023,621,83,538
33650760,17,4,13
33650859,2,1,1
33651236,9,2,7
33651714,25,8,17
33651970,39,44,-5
33652392,3,0,3
33652880,37,12,25
33653044,30,16,14
33653109,17,1,16
33653173,4,0,4
33653627,16,3,13
33653809,39,9,30
33654408,44,18,26
33654608,20,2,18
33654759,18,8,10
3365479,291,86,205
33654823,2,0,2
33655429,8,2,6
33655533,6,6,0
33655648,18,6,12
33655674,10,0,10
33655786,3,1,2
33655806,8,1,7
33656142,3,0,3
33656288,1,0,1
33657286,10,2,8
336577,916,317,599
33658101,31,11,20
33660282,10,2,8
33660869,90,17,73
33661103,16,4,12
33661927,27,6,21
3366378,104,43,61
33666633,1,0,1
33667527,11,4,7
33668694,78,10,68
33669552,18,6,12
33669631,24,4,20
33669710,25,15,10
33671251,0,0,0
33671455,18,7,11
3367176,76,42,34
33672022,2,2,0
33673820,3,2,1
33673980,10,9,1
33674066,26,14,12
33674560,41,2,39
33675275,30,10,20
33675528,17,2,15
33675671,2,0,2
3367664,389,103,286
33677154,34,7,27
33677948,3,1,2
33678386,24,4,20
33678500,49,11,38
33678884,61,12,49
33679458,5,0,5
33679692,0,0,0
33680358,5,2,3
33681004,13,4,9
33681588,1,4,-3
33681737,4,0,4
33681832,22,2,20
33682195,64,14,50
33682396,26,4,22
33682413,2,1,1
33682673,28,5,23
33682726,6,2,4
33682978,8,0,8
33683012,6,0,6
33683117,1,0,1
33683260,74,15,59
33684049,0,1,-1
33684712,8,1,7
33684759,17,4,13
33686002,31,7,24
33687057,8,3,5
33687260,56,14,42
33688587,31,2,29
33695675,8,6,2
33695695,10,1,9
3369632,251,40,211
33696813,14,4,10
33696917,9,0,9
33697771,2,0,2
33698768,31,9,22
33699154,7,1,6
33699309,50,12,38
33699524,26,6,20
33699635,79,16,63
33699987,21,7,14
33700605,34,7,27
33700866,7,1,6
33700882,18,12,6
33701130,5,0,5
33701432,14,5,9
33702303,20,3,17
33702967,16,2,14
33703782,37,22,15
33704044,30,17,13
3370428,41,14,27
33704412,11,3,8
3370472,11,2,9
33704800,16,6,10
33704857,23,3,20
33705281,30,8,22
33705716,19,5,14
33705824,3,1,2
33706013,7,2,5
3370607,146,31,115
33706657,4,0,4
33706706,29,13,16
33707420,23,6,17
33708135,16,2,14
3370824,91,29,62
33709409,26,8,18
33709510,28,13,15
33709582,1,0,1
3370968,290,88,202
33709711,45,22,23
33709743,8,3,5
33709868,9,0,9
33710098,61,23,38
33710497,23,6,17
33710688,79,5,74
33710804,30,6,24
33711033,1,0,1
33711818,40,10,30
33711900,4,2,2
33712236,9,2,7
3371227,46,14,32
33713373,46,0,46
33713883,4,6,-2
33713910,4,2,2
3371510,18,6,12
33715217,4,2,2
33715356,27,6,21
33715653,2,1,1
33716082,157,26,131
33716105,30,20,10
33716128,6,1,5
33717005,4,2,2
33718033,25,5,20
33718342,19,14,5
33718596,6,2,4
33719185,24,10,14
33720256,14,1,13
3372186,164,29,135
33723562,16,3,13
33725652,2,1,1
33726396,56,18,38
33726991,11,10,1
33727663,14,4,10
33729192,34,16,18
33729226,11,1,10
33729244,25,8,17
33729631,20,14,6
33729924,18,7,11
33730436,6,2,4
33730953,0,0,0
33731113,9,2,7
33731676,32,10,22
33731903,39,18,21
33732159,47,17,30
33732233,0,0,0
33732258,5,0,5
33732921,109,9,100
33732974,6,0,6
33733006,32,7,25
33733046,27,6,21
33733867,51,17,34
33734397,33,11,22
33734978,10,2,8
33735494,5,0,5
33735665,0,0,0
33736069,0,0,0
33736110,41,7,34
33736868,5,3,2
33736994,2,0,2
33737247,10,2,8
33737295,2,0,2
33737716,19,14,5
33738621,35,8,27
33738669,3,0,3
33738834,9,3,6
33738968,9,1,8
33739660,31,4,27
33740294,39,13,26
33740685,19,19,0
33740963,12,2,10
33741377,5,1,4
33742366,40,11,29
33742423,12,14,-2
33742601,0,0,0
33742753,8,4,4
33743243,11,2,9
33743512,5,0,5
33743709,7,3,4
33744389,6,2,4
33745031,10,2,8
33745596,14,6,8
33745945,27,8,19
33746134,8,0,8
33746243,12,6,6
33746508,9,2,7
33747306,32,9,23
33747972,32,6,26
33748516,26,4,22
3375491,19,4,15
33757075,9,0,9
33757594,5,3,2
33758041,20,4,16
33758177,19,1,18
33758411,19,5,14
33758577,42,40,2
33759519,108,31,77
33759560,8,1,7
33760191,101,27,74
33761518,22,7,15
33762053,37,5,32
33762084,13,4,9
33762184,5,0,5
33762587,5,4,1
33762939,15,0,15
33763028,46,36,10
33763300,14,4,10
33763353,4,0,4
33763838,38,33,5
33764205,37,25,12
33764498,6,2,4
33764777,44,14,30
33765472,26,8,18
33765527,3,1,2
33765814,2,1,1
33765843,1,0,1
33765933,13,7,6
33766226,44,11,33
33766853,35,25,10
33769491,13,5,8
33769536,26,4,22
33769923,42,12,30
33771226,36,13,23
33771984,21,1,20
33772640,9,0,9
33772803,5,1,4
33773711,15,4,11
33773861,16,9,7
33773990,24,3,21
33774075,10,2,8
33775180,8,4,4
33775192,26,9,17
33775347,1,0,1
33775683,4,5,-1
33778558,44,13,31
33778592,60,8,52
33778828,6,1,5
33779085,7,5,2
33779239,1,0,1
33779559,7,6,1
337806,73,26,47
33781683,5,0,5
33786065,2,0,2
33787158,16,5,11
3378742,271,44,227
33787891,51,10,41
33788424,25,4,21
33788914,28,13,15
33788953,49,16,33
33789484,2,3,-1
33789524,58,8,50
33790374,2,0,2
33791077,5,0,5
33791191,29,11,18
33791401,44,16,28
33791663,32,17,15
33791766,3,2,1
33791830,44,9,35
33792757,50,14,36
33793114,1,0,1
33793180,31,18,13
33793350,5,0,5
33793389,5,3,2
33793583,68,5,63
33793808,14,3,11
33794280,20,9,11
33794818,39,13,26
33794832,22,4,18
33795057,28,12,16
33795199,7,1,6
33795213,55,18,37
33796349,17,7,10
33797678,41,13,28
33798325,38,22,16
337986,4,0,4
33799339,26,7,19
33799456,32,4,28
33800585,13,3,10
33800648,9,7,2
33800808,5,2,3
33801204,6,3,3
33802141,2,0,2
33803147,1,2,-1
33803516,45,11,34
33804109,2,0,2
33804111,15,6,9
33804827,29,1,28
33805676,3,2,1
33807044,20,1,19
33807062,26,18,8
33807326,33,10,23
33807902,0,0,0
33808121,5,0,5
33808942,45,20,25
3381005,57,18,39
33813165,3,2,1
33814833,5,5,0
3381489,388,52,336
33815603,0,0,0
33816119,4,2,2
33816139,23,9,14
33816172,49,11,38
33816696,0,0,0
33816797,5,0,5
33816956,24,21,3
33819288,12,2,10
33819437,44,5,39
338198,73,37,36
33820240,8,6,2
33820958,53,23,30
33822067,5,3,2
33822259,29,10,19
33822337,55,12,43
33822473,15,16,-1
33823072,14,6,8
33823147,5,1,4
33823274,21,6,15
33823501,38,40,-2
33823519,3,6,-3
33823549,3,0,3
33823613,0,0,0
33823632,40,10,30
33823802,12,0,12
33824009,0,0,0
33824356,20,6,14
33824503,7,2,5
33824529,41,11,30
33824711,24,8,16
33824737,1,0,1
33824995,22,8,14
33825012,0,0,0
33825163,24,3,21
33825471,38,6,32
33825660,7,1,6
33826831,34,12,22
33827002,11,4,7
3382725,76,24,52
33828140,5,3,2
33830118,8,5,3
33830402,57,9,48
33830653,52,7,45
33831857,0,0,0
33832313,9,2,7
33833366,33,9,24
3383457,89,21,68
33834652,5,1,4
338354,299,169,130
33839218,22,4,18
33840593,31,5,26
33841178,8,1,7
33841266,4,3,1
33841408,0,2,-2
33841818,10,2,8
33842553,38,9,29
33842617,13,3,10
33844969,28,5,23
33845007,31,10,21
33845211,109,29,80
33845269,24,4,20
33846508,2,1,1
33847391,2,0,2
33847396,16,3,13
33847491,1,1,0
33847675,0,1,-1
33848108,5,1,4
33848134,0,0,0
33848675,5,2,3
33848805,10,1,9
33849516,10,1,9
33849564,4,0,4
33849603,11,3,8
33849702,31,7,24
33851420,59,18,41
33851517,16,3,13
33852156,1,0,1
33852192,5,0,5
33852382,3,0,3
33852600,5,1,4
33853219,3,0,3
33853309,0,0,0
33853704,5,8,-3
33853748,8,4,4
33853758,12,2,10
33854353,27,7,20
33854885,16,3,13
33855230,8,2,6
3385589,65,30,35
33861078,2,0,2
33861746,8,6,2
33862427,40,1,39
33862637,2,1,1
33863465,14,5,9
33863908,0,0,0
33864869,3,1,2
33864906,6,1,5
33865049,33,1,32
33865093,3,3,0
33865345,8,1,7
33865618,12,10,2
33865651,25,12,13
33866037,40,9,31
33866229,15,3,12
33866239,41,12,29
33867717,17,3,14
33867744,5,0,5
33867841,69,15,54
33868429,2,0,2
33869455,2,0,2
33869524,26,13,13
33870502,2,3,-1
33870563,18,2,16
33870691,17,0,17
33870714,25,8,17
33871001,44,7,37
33871992,8,3,5
33872361,0,0,0
33872430,31,4,27
33872567,11,4,7
33873068,10,8,2
33873110,7,1,6
33873355,18,10,8
33874562,2,0,2
33874693,6,1,5
33874726,6,2,4
33874847,33,24,9
33875228,18,6,12
33875347,0,0,0
33876066,11,9,2
33876287,13,2,11
33876877,25,5,20
33877050,9,5,4
33877572,12,2,10
33877918,5,0,5
33878468,12,1,11
33878764,1,0,1
33878786,0,0,0
33878787,31,16,15
33879715,10,6,4
3388038,463,105,358
33881049,13,2,11
33881418,10,5,5
3388641,43,18,25
3388665,145,58,87
33886682,16,2,14
33888704,29,5,24
338896,31,5,26
33890071,2,1,1
33890153,13,8,5
33890274,9,4,5
33890389,4,4,0
33890393,38,10,28
33890747,42,8,34
33891103,1,0,1
33891126,14,5,9
33891247,20,7,13
33891275,81,24,57
33891438,5,3,2
33891747,5,3,2
33891757,26,17,9
3389206,25,7,18
33892065,3,0,3
33892424,9,2,7
33892444,5,0,5
33892520,9,2,7
33892574,17,3,14
33892589,6,0,6
33892724,2,0,2
33892960,16,4,12
33893187,8,4,4
33893384,15,3,12
33893640,2,0,2
33893686,19,5,14
33893872,39,9,30
33894066,17,4,13
33894160,29,11,18
33894274,19,3,16
33894444,31,18,13
33894470,19,7,12
33894589,6,3,3
33894730,27,7,20
33895219,4,1,3
33895459,1,2,-1
33895542,7,2,5
33895617,2,0,2
33895869,30,8,22
33895907,10,3,7
33896156,3,4,-1
33896238,1,0,1
33896346,1,1,0
33896479,23,10,13
33896824,0,0,0
33897314,3,0,3
33897710,18,3,15
33898045,15,3,12
33898253,1,1,0
33898775,24,6,18
33898881,69,16,53
33899378,9,3,6
33899692,32,2,30
33899776,38,8,30
33899879,62,12,50
3390021,5,1,4
33900457,2,1,1
33900859,16,3,13
33900897,1,0,1
33901594,40,10,30
33902627,26,11,15
33903533,21,7,14
33903656,6,0,6
33903942,1,0,1
33904318,15,6,9
33905516,10,6,4
33906618,22,4,18
33906862,9,0,9
33908194,35,15,20
33909122,13,2,11
3390916,70,15,55
33909173,26,13,13
33909522,39,23,16
33909656,21,9,12
33909714,29,17,12
33909788,17,3,14
33909845,42,12,30
33917131,15,6,9
33917522,2,0,2
33918061,47,17,30
33919757,7,0,7
33919918,20,10,10
33920341,34,27,7
33921116,12,3,9
33921531,6,2,4
33921847,51,9,42
33921849,3,1,2
33922515,7,1,6
33922809,3,0,3
33923244,49,10,39
33923659,36,3,33
33924008,11,1,10
33924159,6,2,4
33924528,28,0,28
33924578,42,3,39
3392505,138,42,96
33925139,4,2,2
33925648,3,0,3
33926155,6,4,2
33926632,0,0,0
33927111,7,2,5
33927228,16,5,11
33927608,32,2,30
33927645,4,1,3
33927833,54,17,37
33928139,18,2,16
33928265,31,12,19
33928527,26,12,14
33928571,52,6,46
33929013,9,4,5
33929158,19,6,13
33929464,35,14,21
33929939,17,4,13
33930445,12,5,7
33930657,9,5,4
33931472,21,12,9
33931803,0,0,0
33931826,8,7,1
33932185,30,9,21
33932456,1,0,1
33932578,19,2,17
33932659,54,14,40
33932691,24,9,15
33932694,25,11,14
33933257,4,0,4
33934028,0,0,0
33934442,3,0,3
33934757,4,1,3
33934861,9,1,8
33935000,27,5,22
33935123,25,12,13
33935230,6,5,1
33935323,2,0,2
33935393,1,0,1
33935715,21,5,16
3393633,64,8,56
33937555,28,6,22
33937637,2,0,2
33938262,24,5,19
33938802,23,8,15
33938818,75,14,61
33939002,30,13,17
33939112,0,1,-1
33939148,11,2,9
3393918,8,3,5
33939239,9,2,7
33939365,7,1,6
33939907,8,3,5
33940673,0,0,0
33941276,4,0,4
33941531,1,0,1
33941584,3,0,3
33941889,1,0,1
33944009,1,0,1
33949204,24,4,20
33949425,1,0,1
33949638,15,2,13
33949662,7,0,7
33950234,21,8,13
33950959,6,5,1
33951005,6,1,5
33951401,2,0,2
33952164,8,4,4
33952463,48,20,28
33952894,0,0,0
33953108,0,0,0
33953309,5,0,5
33953496,38,12,26
33953667,39,10,29
33953940,6,0,6
33954628,2,0,2
33954667,1,1,0
33954889,38,3,35
33955357,22,21,1
33955476,9,2,7
33955954,41,8,33
33956126,79,32,47
33956336,16,8,8
33957277,20,6,14
33957598,33,6,27
33957980,1,1,0
33958271,5,2,3
33958447,8,2,6
33958504,1,1,0
33958619,16,3,13
33958721,20,6,14
33958910,32,4,28
33959007,16,2,14
33959224,1,1,0
33959708,0,0,0
33960267,14,14,0
33960470,24,5,19
33960717,15,9,6
33961249,8,3,5
33961901,11,2,9
33961905,10,1,9
33962078,19,16,3
33962190,0,0,0
33962772,10,0,10
33963126,36,13,23
33963526,1,0,1
33963572,19,3,16
33963672,23,9,14
33963933,21,7,14
33964284,4,0,4
33964293,40,16,24
33964882,81,22,59
33966165,20,5,15
3396640,134,66,68
33966776,24,6,18
33967057,0,3,-3
33967077,31,12,19
33967442,1,0,1
33967563,30,9,21
33967728,10,3,7
3396807,6,1,5
33968376,9,2,7
33969215,33,22,11
33969838,37,3,34
33971057,22,1,21
33976439,5,1,4
33977104,2,2,0
33977847,22,7,15
33978323,52,11,41
33978607,38,10,28
33980033,4,3,1
3398039,283,82,201
33980399,19,6,13
33981399,56,13,43
33981425,0,0,0
33981556,54,8,46
33982063,6,0,6
33982544,1,3,-2
33982626,19,2,17
33983053,1,0,1
33983201,5,0,5
33983227,2,0,2
33984378,3,4,-1
33984460,22,17,5
33984464,4,2,2
33985113,8,1,7
33986244,6,2,4
33986498,19,6,13
33986718,22,2,20
33987241,20,5,15
3398730,5,7,-2
33987601,3,0,3
33987615,5,1,4
33987795,22,4,18
3398805,388,98,290
33989090,32,23,9
33990486,18,2,16
33990715,8,4,4
33991167,37,15,22
33991519,1,1,0
33992695,11,7,4
33992747,29,6,23
33993877,0,0,0
33994202,36,6,30
33994285,51,8,43
33994706,39,5,34
33995175,25,5,20
33995428,14,4,10
33996493,6,0,6
33996975,145,33,112
33997613,5,0,5
33998700,12,2,10
3399904,506,143,363
3400029,61,30,31
34001941,68,22,46
34002310,53,12,41
34004574,25,2,23
34004905,8,0,8
34005386,23,8,15
34005602,13,6,7
34005844,7,7,0
34006068,10,0,10
34006446,24,18,6
34006507,10,0,10
34006508,47,20,27
34006754,32,5,27
34006923,35,17,18
34007107,46,5,41
34007277,32,4,28
34007544,9,3,6
34007591,14,1,13
34007984,2,1,1
34008066,13,4,9
34008174,9,2,7
3400832,6,4,2
34008480,2,1,1
34009452,5,0,5
34009636,14,3,11
34011187,5,2,3
34011556,4,2,2
34012386,29,6,23
34012533,26,5,21
34012765,16,13,3
34013252,11,3,8
34013310,0,1,-1
34013311,4,0,4
34014607,26,6,20
34014897,3,0,3
34014977,25,5,20
34014994,26,6,20
34015957,52,22,30
34016017,23,8,15
34016773,11,2,9
34018511,13,2,11
34018788,0,1,-1
34018908,33,5,28
3401896,76,31,45
34019624,62,19,43
34020694,22,12,10
34020704,6,4,2
34020990,13,2,11
34021854,0,0,0
34024240,97,31,66
34024336,19,10,9
34024754,95,35,60
3402479,292,116,176
34025073,6,2,4
34026422,30,2,28
34027223,20,3,17
34028173,3,1,2
34028371,10,4,6
3402874,20,2,18
34030260,16,3,13
34030488,32,7,25
34031065,2,1,1
34031173,19,6,13
34032201,8,0,8
34032647,15,8,7
34032785,14,2,12
34032951,2,0,2
34034675,0,0,0
34034865,5,0,5
34035037,27,18,9
3403597,29,8,21
34037770,32,6,26
3403860,83,21,62
34039018,5,0,5
34039219,15,2,13
34039779,38,9,29
34039883,18,3,15
34040364,10,1,9
34040425,25,4,21
34040587,0,0,0
34040918,17,9,8
3404297,27,6,21
34043028,59,13,46
340435,876,201,675
3404624,175,64,111
34046278,9,4,5
34047287,3,1,2
3404736,40,11,29
34048032,29,6,23
34049244,3,0,3
34049344,4,0,4
34049359,6,1,5
34049428,19,4,15
34049447,16,6,10
34050166,4,2,2
34050812,2,1,1
34051339,46,4,42
34052949,8,4,4
34055145,3,0,3
34055845,12,2,10
34056043,41,6,35
34056179,22,5,17
34056273,9,3,6
34056456,9,2,7
34056864,7,8,-1
34057160,80,23,57
34057288,5,0,5
34057321,51,11,40
34057439,26,14,12
34057526,27,9,18
34057897,0,0,0
34058489,13,8,5
34058501,15,5,10
34058865,37,9,28
34059185,20,4,16
34060192,0,0,0
34060645,4,5,-1
34061223,13,2,11
34062148,8,6,2
34062485,4,1,3
34062806,18,9,9
34063588,10,2,8
34064138,68,17,51
34068082,22,4,18
34069395,15,1,14
34070772,19,7,12
34070877,14,1,13
34071273,15,7,8
34071351,3,0,3
34071832,1,3,-2
34072811,20,10,10
34073208,9,1,8
34073542,0,0,0
34073575,25,1,24
34073655,10,3,7
34073699,7,1,6
34073711,7,1,6
34073770,6,2,4
34074204,26,5,21
34074328,8,5,3
34075245,11,4,7
34076497,0,1,-1
34076560,28,14,14
34076600,19,6,13
3407664,244,99,145
34077518,10,4,6
34079329,10,3,7
34080534,27,2,25
34080797,15,6,9
34081202,15,3,12
34081326,41,15,26
34082124,63,11,52
34082541,72,14,58
34082764,80,11,69
34083234,10,1,9
34083412,46,19,27
34084209,5,0,5
34084323,6,1,5
34084838,11,4,7
34084854,4,0,4
34085325,32,16,16
34085934,4,0,4
34086123,1,0,1
34086250,2,2,0
34086833,5,1,4
34088049,14,6,8
34088392,5,0,5
34088700,11,3,8
34089254,19,2,17
34089542,14,13,1
34089581,3,0,3
34089592,25,11,14
34089758,45,10,35
34089990,12,1,11
34090338,19,6,13
34090743,103,14,89
34090953,39,7,32
340916,61,12,49
3409215,15,9,6
34094986,44,22,22
34099973,6,6,0
34100493,13,6,7
34101615,5,2,3
34101644,0,0,0
34102352,3,0,3
34102469,35,11,24
34103543,10,10,0
34104079,0,1,-1
34104571,20,2,18
34104692,2,0,2
34105194,14,2,12
34105234,32,12,20
34105268,25,8,17
34105456,29,10,19
34105509,3,0,3
34105864,3,1,2
34106296,34,7,27
3410651,121,36,85
34107611,24,3,21
34108093,1,0,1
34108327,15,6,9
34108507,5,5,0
34108624,22,4,18
34109313,1,0,1
34109481,16,2,14
34109599,3,0,3
34110581,21,13,8
34110784,67,12,55
34110843,34,29,5
34111024,51,9,42
34111430,55,12,43
34112004,1,0,1
34112489,2,0,2
34112689,29,7,22
34112723,15,4,11
34113348,32,8,24
34113735,18,7,11
34114149,4,0,4
341143,15,3,12
34114460,1,0,1
34114620,79,17,62
34115250,10,3,7
34115465,3,2,1
34115781,8,3,5
34116541,45,8,37
34117433,1,2,-1
34117703,9,10,-1
34118232,8,1,7
34119648,32,4,28
34119827,26,12,14
34120344,35,15,20
34120455,28,5,23
34120709,28,14,14
34121307,17,12,5
34121339,23,7,16
34121653,176,34,142
34121922,66,21,45
34121972,11,1,10
34122208,4,3,1
34122234,47,12,35
34122756,43,11,32
34123401,0,0,0
34123635,43,6,37
34123807,25,8,17
34123954,58,10,48
34125024,71,14,57
34129806,7,6,1
34130081,0,0,0
34131122,25,4,21
34131597,10,1,9
3413200,23,6,17
34132064,17,6,11
34133458,25,4,21
34133779,0,2,-2
34133804,3,0,3
34133919,24,10,14
34133993,18,4,14
34134124,64,12,52
34134224,18,0,18
34134611,19,5,14
34134796,31,7,24
34135118,3,1,2
34135835,11,0,11
34136064,21,7,14
34136173,1,0,1
34136278,27,4,23
34136293,4,6,-2
3413647,9,5,4
34136774,35,6,29
34137057,26,6,20
34137352,3,2,1
34137599,1,0,1
34137650,35,1,34
34137839,11,2,9
34137986,23,2,21
34139618,0,0,0
34140172,16,3,13
34140502,1,0,1
34140965,0,0,0
34141181,11,1,10
34141393,32,2,30
34141410,10,3,7
34141983,21,8,13
34142226,23,17,6
34143741,15,6,9
3414458,29,11,18
34146083,5,0,5
34146091,0,0,0
34146126,9,1,8
3414632,52,11,41
34147395,10,5,5
34147847,6,5,1
34148112,26,11,15
34148452,3,0,3
34148702,6,1,5
34148772,35,10,25
34149053,14,3,11
34151301,9,7,2
34151560,0,0,0
34152139,9,3,6
34152890,24,6,18
34153527,17,7,10
34153950,12,3,9
34156499,7,2,5
34157027,13,1,12
34157449,2,0,2
34157917,0,0,0
34160774,8,1,7
34161567,92,19,73
34161579,6,4,2
34161832,6,1,5
34162197,16,2,14
34162392,18,12,6
34162719,6,0,6
34162948,7,3,4
34163371,1,0,1
34163389,12,1,11
34163475,1,3,-2
34163653,6,0,6
34164033,10,4,6
34164105,22,8,14
34164434,5,1,4
34164457,9,0,9
34164654,29,5,24
34164897,111,22,89
34164915,14,4,10
34164964,1,0,1
34164981,70,29,41
34165042,2,4,-2
34165610,7,0,7
34165998,14,12,2
34166034,22,4,18
34166044,0,1,-1
34167110,11,0,11
34167301,9,2,7
34167480,19,2,17
34167527,3,0,3
34167662,6,2,4
34167910,13,0,13
34167915,4,0,4
34168522,9,1,8
34168529,30,1,29
34169068,7,2,5
34169087,1,0,1
34169283,0,0,0
34169448,6,3,3
34170063,0,0,0
34170119,14,3,11
34170226,4,0,4
34170318,16,4,12
34170674,19,2,17
34170786,21,23,-2
34170934,38,11,27
34171042,4,2,2
34171064,15,4,11
34171505,5,1,4
34171567,15,11,4
34172429,16,7,9
34172868,26,5,21
34172949,27,7,20
34173117,19,6,13
34173146,12,7,5
34173260,13,2,11
34173278,24,8,16
34173368,1,0,1
3417708,479,212,267
34177151,19,4,15
34177179,11,4,7
34177516,20,7,13
341779,57,7,50
34177923,68,7,61
34177997,1,1,0
34178650,12,4,8
34178955,10,1,9
34179231,27,9,18
34179947,0,0,0
34180382,3,0,3
34181755,18,8,10
3418260,33,11,22
34185205,21,2,19
3418560,34,14,20
3418572,11,6,5
34185960,0,0,0
34187122,7,1,6
34188099,2,0,2
34188120,14,14,0
34188813,2,0,2
34189042,8,5,3
34189286,18,5,13
34189520,52,4,48
34189540,7,0,7
34189619,3,1,2
34189967,38,14,24
34190373,50,13,37
34190564,0,0,0
34190736,3,1,2
34190775,12,2,10
34191396,28,6,22
34191418,10,1,9
34191507,18,9,9
34191918,28,2,26
34192290,23,3,20
34192990,27,7,20
34193728,14,4,10
34193955,25,6,19
34194203,78,14,64
34194492,3,0,3
341956,8,1,7
3419581,17,4,13
34196234,2,8,-6
34197040,12,6,6
34197048,21,9,12
34197439,5,0,5
34199347,28,8,20
34199818,0,0,0
34200157,35,9,26
34200353,8,6,2
34200695,12,4,8
34200880,3,3,0
34200969,13,2,11
34202851,24,5,19
34203528,61,6,55
34203796,17,2,15
34203876,12,3,9
34204216,78,11,67
34204317,7,1,6
34204405,2,0,2
34204542,26,3,23
34206026,35,9,26
34206302,36,3,33
34206452,15,8,7
34206473,24,2,22
34206656,1,0,1
34207585,22,10,12
34210144,29,7,22
34212817,68,13,55
34213015,31,5,26
34213541,18,8,10
34214090,2,1,1
34214600,6,1,5
34215538,7,0,7
34215827,0,0,0
34216022,74,16,58
34216180,0,0,0
3421659,88,48,40
34216625,20,2,18
34217735,1,1,0
34217826,16,6,10
34218671,4,1,3
34219579,4,1,3
34219840,47,9,38
34219868,11,1,10
34220556,1,0,1
34221093,16,3,13
34221765,24,4,20
34222121,3,0,3
34223450,65,6,59
34223485,4,0,4
34223572,3,0,3
34223970,8,2,6
34224304,32,8,24
34224714,16,2,14
34224864,8,1,7
34224913,4,3,1
34224942,40,2,38
34225225,18,3,15
34225799,42,11,31
34226487,28,5,23
34226713,42,18,24
34226862,36,5,31
34227257,41,16,25
34228273,3,0,3
34228648,20,5,15
34229954,0,0,0
34230521,9,3,6
3423329,76,10,66
34234806,42,18,24
34235067,37,10,27
34236654,15,1,14
34236863,14,2,12
34238270,12,1,11
34238492,3,1,2
34238687,82,10,72
34238801,24,6,18
34239465,33,5,28
34240514,41,9,32
34241298,149,22,127
34241654,3,0,3
34243291,47,16,31
34243319,0,0,0
34244061,111,31,80
3424474,170,34,136
3424503,241,30,211
34245267,4,3,1
34246817,7,1,6
34247029,30,5,25
34247158,12,7,5
34247302,15,2,13
3424775,214,127,87
34248783,8,3,5
3424882,54,32,22
34248932,8,0,8
34249199,14,2,12
34249651,10,5,5
34250468,53,4,49
34250617,27,4,23
34250846,9,2,7
34250981,9,3,6
34251090,2,1,1
34251172,12,4,8
34251193,61,16,45
34251203,4,3,1
34251437,19,7,12
34252038,14,0,14
34252472,2,1,1
34252562,21,1,20
34253102,5,2,3
34253216,6,1,5
34253359,4,0,4
34253864,8,4,4
34254133,15,6,9
34254409,23,3,20
34255029,31,15,16
34255579,18,10,8
34256053,2,0,2
34256812,21,6,15
34261625,16,4,12
34262794,3,2,1
34262969,27,3,24
34262976,10,2,8
34263971,0,0,0
34264072,20,14,6
34264295,3,0,3
34264472,4,1,3
34264598,19,9,10
34265151,9,1,8
34265233,14,4,10
34265344,27,8,19
34265663,13,5,8
34265837,3,0,3
34266517,24,5,19
34266627,0,0,0
34266812,31,3,28
34267254,4,1,3
34267694,18,5,13
34267784,3,1,2
34268148,24,12,12
34268248,1,1,0
34268864,2,0,2
34269094,61,19,42
34269115,21,5,16
34269328,20,3,17
34269644,2,0,2
34269677,1,1,0
34269680,21,5,16
34269763,12,7,5
34269824,94,28,66
34269857,10,3,7
34270432,1,0,1
34270447,16,14,2
34271519,3,2,1
34271615,8,3,5
34271766,1,0,1
34272006,3,2,1
34272084,9,1,8
34272248,0,0,0
34272476,14,8,6
34272592,5,0,5
34272594,13,3,10
34272602,20,5,15
34272716,5,4,1
34272717,41,16,25
34272884,24,5,19
34273014,5,1,4
34273337,5,5,0
34273500,1,0,1
34273546,6,0,6
34273558,5,5,0
34274162,8,0,8
34274237,2,0,2
34274753,31,11,20
34275080,8,2,6
34275309,6,2,4
34275577,8,0,8
34276497,1,0,1
34276724,35,14,21
34277415,17,1,16
34277755,7,1,6
34278273,1,1,0
34278773,6,3,3
34279344,15,2,13
34279632,0,0,0
34279685,36,14,22
34280327,10,5,5
342804,217,53,164
34280751,7,0,7
34281678,1,1,0
34281874,21,3,18
34282415,26,3,23
34282957,15,6,9
34283105,1,0,1
34283349,29,7,22
34284030,1,0,1
34284157,8,1,7
34284572,55,23,32
34284750,60,16,44
34285757,11,1,10
3428667,27,1,26
3428697,83,24,59
34290817,1,0,1
34293390,21,11,10
34293414,15,3,12
34293700,18,7,11
34293796,10,2,8
34294100,5,1,4
34294793,5,1,4
34295080,31,7,24
34295991,19,8,11
34296084,9,3,6
34296764,17,3,14
34296873,8,1,7
34297968,23,12,11
34297970,3,3,0
34298264,40,6,34
3429834,6,1,5
34298513,4,2,2
34298633,11,3,8
34298716,11,1,10
34298764,13,11,2
34298810,3,0,3
34298861,15,5,10
34299209,37,5,32
34299272,2,0,2
34299274,5,2,3
34299577,6,0,6
34299831,5,3,2
34299881,23,12,11
34300093,1,0,1
34300279,42,16,26
34300662,36,13,23
34300828,0,0,0
34300902,13,7,6
34301079,11,4,7
34301130,10,5,5
34301344,8,1,7
34301398,9,1,8
34301729,0,0,0
34301785,0,1,-1
34302297,9,4,5
34302486,7,0,7
34302561,1,0,1
34303037,5,0,5
34303116,9,0,9
34303251,3,0,3
34303382,1,0,1
34303448,1,1,0
34303467,43,14,29
34303520,41,31,10
34303738,2,0,2
34304151,34,11,23
3430417,69,12,57
34304290,0,0,0
34304962,42,7,35
34305228,9,2,7
34305638,10,2,8
34305720,0,0,0
34306112,5,0,5
343062,604,118,486
34306214,0,2,-2
34306373,1,0,1
3430656,71,56,15
34306916,0,0,0
34307207,42,19,23
34307790,55,13,42
34307952,46,5,41
3430805,364,112,252
34308161,17,5,12
34308825,21,3,18
34309249,3,1,2
34309393,20,10,10
34309734,31,4,27
34309735,34,6,28
34310030,4,0,4
34310106,0,0,0
34310258,39,14,25
34310554,11,2,9
34310590,51,23,28
34311191,5,4,1
34311477,32,5,27
34311942,0,0,0
34312430,34,4,30
34312448,29,6,23
34312740,19,12,7
34312809,40,10,30
34312872,30,8,22
34313038,62,6,56
34314431,7,1,6
34314851,19,0,19
34314871,11,1,10
343149,86,46,40
34314972,1,0,1
3431612,4,0,4
34318449,12,3,9
3432231,6,2,4
34322342,3,0,3
34323084,0,0,0
34323238,4,1,3
34323508,2,0,2
34323639,33,8,25
34323689,3,5,-2
34323940,5,1,4
34324027,12,11,1
34324145,4,2,2
34324151,5,1,4
34324223,5,1,4
34324470,28,14,14
34324975,31,9,22
34325233,2,1,1
34325281,18,10,8
34325414,5,0,5
34326367,15,11,4
34326369,4,1,3
34326674,3,1,2
34327132,0,1,-1
34327725,24,6,18
34327739,3,3,0
34327755,6,3,3
34327765,19,0,19
34327915,2,1,1
34328190,25,4,21
34328601,2,0,2
3432906,113,78,35
34329066,7,4,3
34329201,0,2,-2
34329267,38,8,30
34329588,7,2,5
34329818,3,1,2
34330199,0,0,0
34330272,11,2,9
34330538,34,19,15
34330624,10,1,9
34332612,3,1,2
34334962,17,4,13
34335408,3,0,3
34335517,29,5,24
34336289,3,0,3
34336776,42,11,31
3433786,8,0,8
34338205,42,17,25
34338466,20,4,16
34338552,5,2,3
34338902,2,1,1
34339262,30,6,24
34339339,0,0,0
34339367,5,2,3
34339796,11,6,5
34339846,61,35,26
34340111,21,9,12
34340280,11,1,10
34340414,32,15,17
34340621,71,16,55
34340725,44,11,33
34342559,4,1,3
34342576,3,4,-1
34342789,23,6,17
34345670,17,6,11
34346547,8,1,7
34347402,0,0,0
34347551,41,4,37
34349348,32,6,26
34349616,16,6,10
34349682,7,2,5
34350130,81,21,60
34350312,3,1,2
34350505,9,0,9
34350530,10,3,7
34350817,13,4,9
34351503,30,13,17
34351950,7,0,7
34352454,25,12,13
34352543,29,18,11
34352551,7,4,3
34352672,1,0,1
34353098,38,4,34
34353505,8,2,6
34353656,4,1,3
34353690,14,8,6
34353841,16,11,5
34354338,0,0,0
34354984,33,7,26
34355039,51,5,46
34355506,3,0,3
34355547,0,1,-1
34355966,12,4,8
34356587,36,11,25
34356946,2,1,1
34357111,26,16,10
34357536,4,0,4
34357554,0,0,0
34357557,3,6,-3
34357960,63,14,49
34358903,13,2,11
34359159,21,12,9
34359945,8,2,6
34360164,5,0,5
34360266,92,21,71
34360434,50,14,36
34362401,9,5,4
34363180,2,0,2
34363187,71,15,56
34363192,5,3,2
34363596,3,0,3
34363786,4,0,4
3436383,107,11,96
3436430,40,24,16
34365454,9,2,7
34365560,7,0,7
34365979,16,2,14
34366230,8,3,5
34366837,26,9,17
34366906,2,4,-2
34367348,2,0,2
34367962,15,3,12
34368355,14,1,13
34368478,48,9,39
34368786,6,2,4
34368823,18,7,11
34369223,91,35,56
34369433,36,21,15
34369622,40,19,21
34369720,47,28,19
34370002,84,38,46
34370093,43,13,30
34370175,50,22,28
3437352,6,2,4
34373935,17,2,15
34374189,27,11,16
343760,106,20,86
34376070,25,7,18
34376343,7,9,-2
34376798,9,2,7
3437728,12,2,10
34377594,4,2,2
34377957,51,18,33
34379280,4,0,4
34379586,16,4,12
34379852,16,2,14
34380279,2,0,2
34380321,17,6,11
34380497,0,0,0
34380501,20,2,18
34380502,1,0,1
34380506,3,0,3
34380572,34,11,23
34381347,6,0,6
34381411,30,14,16
34381661,17,1,16
34381896,4,4,0
34381985,2,0,2
34382119,17,1,16
34382585,4,2,2
34383193,36,8,28
34383996,11,5,6
34384124,20,11,9
34384344,12,2,10
34384397,18,4,14
343848,136,21,115
34384861,31,2,29
34385011,10,9,1
34385029,29,17,12
34385091,16,12,4
34385146,3,0,3
34385419,4,0,4
3438560,37,13,24
34385625,9,0,9
34386166,25,6,19
34386459,35,16,19
34386640,8,4,4
34386679,10,1,9
34386998,13,1,12
3438734,55,26,29
34387650,16,7,9
34387764,56,9,47
34387861,41,7,34
34387921,21,3,18
34388042,10,1,9
34388205,5,1,4
34388292,11,5,6
34388314,1,0,1
34388714,11,0,11
34388735,22,8,14
34388838,27,8,19
34389202,9,0,9
34389957,6,0,6
34390521,44,17,27
34390590,6,2,4
34391573,63,14,49
34392008,0,0,0
34392509,10,1,9
34392638,15,6,9
34392760,7,0,7
34392775,3,1,2
34393050,34,9,25
34393193,3,3,0
34394192,33,10,23
34396620,3,0,3
34396973,14,6,8
34403608,0,0,0
34404486,13,6,7
34404497,6,1,5
34405724,16,1,15
34405829,2,0,2
34406847,1,0,1
34407085,111,14,97
34407109,0,5,-5
34407144,23,6,17
34407232,5,2,3
34407401,2,0,2
34407474,11,1,10
34407507,10,0,10
34407634,4,0,4
34407796,2,0,2
34407802,47,16,31
34408191,11,3,8
34408380,28,6,22
34408570,11,2,9
34408787,0,1,-1
34409040,0,0,0
34409231,0,0,0
344094,402,79,323
34410058,62,8,54
34410116,16,9,7
344102,320,54,266
34410904,15,5,10
34411002,4,1,3
34411122,57,10,47
34411184,11,7,4
34411420,25,5,20
34411491,13,2,11
34411791,35,2,33
34411955,35,13,22
3441253,49,25,24
3441277,64,12,52
34413245,44,14,30
34414026,3,0,3
3441414,46,25,21
34414793,31,6,25
3441671,22,8,14
34416765,53,8,45
34416962,16,3,13
34417904,6,2,4
34417973,46,18,28
34418022,5,4,1
34418510,2,0,2
34418612,4,0,4
34418904,12,3,9
34418945,1,0,1
34419251,10,0,10
34419384,18,7,11
34419721,25,7,18
34419815,5,0,5
34419959,0,0,0
34420291,2,1,1
34420385,3,0,3
34420473,84,17,67
34420568,1,0,1
34420675,2,0,2
34420677,2,1,1
34422869,28,5,23
34425717,12,3,9
34426890,0,0,0
34426932,11,0,11
34427034,54,11,43
34427862,9,4,5
34427995,3,0,3
34428393,13,7,6
34428486,19,16,3
34428790,16,3,13
34428834,42,9,33
34429165,3,0,3
3442952,30,4,26
34430082,4,3,1
34430582,56,4,52
34431193,12,3,9
3443135,141,38,103
34432094,14,2,12
34432211,12,0,12
34432862,32,9,23
34433931,21,5,16
34434153,16,2,14
34434494,4,2,2
34435692,35,8,27
34435728,10,1,9
34436662,27,2,25
34437443,5,3,2
34437852,30,7,23
34437984,0,0,0
34438255,11,0,11
34438814,20,6,14
34439552,27,7,20
34439621,28,10,18
34441625,49,11,38
34441795,24,4,20
3444270,166,61,105
34442801,5,1,4
3444369,4,3,1
34444268,9,0,9
34444289,0,0,0
3444487,20,8,12
3444524,76,16,60
34445837,5,0,5
3444692,24,14,10
3444776,233,51,182
34451829,16,1,15
34453718,18,17,1
34454831,18,2,16
34455713,0,0,0
34456004,18,4,14
34456203,18,7,11
34456467,4,1,3
34456549,5,2,3
34456888,47,4,43
34457121,2,1,1
34457293,13,4,9
34457425,17,1,16
34457669,4,0,4
34458693,3,1,2
34459160,53,6,47
34459363,39,11,28
34459384,9,6,3
34459571,5,2,3
34459973,2,0,2
34460327,0,0,0
34461072,54,4,50
34462115,61,5,56
34463088,24,11,13
34464364,4,3,1
34464378,0,0,0
34465081,6,2,4
34465905,82,13,69
34466645,0,0,0
34466844,14,8,6
34467014,11,6,5
34467347,3,0,3
34467838,11,6,5
34467932,4,0,4
34468756,7,2,5
34468841,22,9,13
34468855,20,8,12
34468881,1,0,1
34468893,15,3,12
34468956,5,1,4
34469604,0,0,0
34469726,5,4,1
34469802,20,4,16
34470174,13,2,11
34471160,26,6,20
34471402,74,15,59
34471440,11,1,10
34471751,11,3,8
34471897,4,1,3
34472021,3,2,1
34472113,19,18,1
34473210,65,12,53
34473237,9,0,9
34473645,0,0,0
34474163,64,18,46
34474649,48,13,35
34475056,4,0,4
34475574,10,1,9
34475830,17,2,15
34476241,2,0,2
34477725,2,0,2
34477774,11,2,9
34478716,36,4,32
34478717,5,0,5
34480294,0,2,-2
34481560,45,9,36
34481806,22,7,15
34484565,18,1,17
34484576,0,0,0
3448487,657,110,547
34484954,73,18,55
34485557,10,6,4
34486158,0,0,0
34486704,0,0,0
34487387,6,4,2
34487637,10,2,8
34489168,2,1,1
3448962,744,203,541
34490472,15,9,6
34491522,28,7,21
34491665,10,2,8
34491809,11,3,8
34492308,19,0,19
34492468,9,3,6
34492825,17,4,13
34492961,6,1,5
34493188,33,9,24
34493514,8,7,1
34493596,9,0,9
34493693,11,6,5
34493815,27,6,21
34493832,20,4,16
34494051,18,6,12
34494546,6,6,0
34494627,10,2,8
34494827,29,2,27
34494913,5,2,3
34494977,3,0,3
34495418,8,4,4
34495876,16,5,11
34495971,1,2,-1
34497915,42,21,21
34498307,18,7,11
34498367,59,11,48
34498547,6,4,2
34498945,6,1,5
34499819,7,2,5
34500116,22,8,14
34501242,18,3,15
345013,13,7,6
3450212,654,97,557
34502267,5,1,4
34503411,10,4,6
34503753,30,6,24
34504683,9,2,7
34504726,17,8,9
34504877,18,2,16
34505094,13,0,13
34506815,6,5,1
34507033,13,7,6
34507070,34,13,21
34507224,28,8,20
34507479,20,14,6
34507912,9,6,3
34508219,21,1,20
3450898,133,55,78
34509042,14,6,8
34510193,16,10,6
34510937,3,2,1
3451109,79,12,67
34511100,128,22,106
34511861,65,28,37
34518728,36,1,35
3451943,22,4,18
34520711,0,0,0
34521887,7,0,7
34522063,41,19,22
34522087,2,1,1
34522090,14,4,10
34522219,14,7,7
34522272,8,2,6
34523305,30,14,16
34523813,9,1,8
34524351,5,4,1
34524470,16,8,8
34524701,1,2,-1
34525816,0,0,0
34526539,5,1,4
34526909,3,3,0
34527432,28,5,23
34527812,21,4,17
34529143,20,3,17
34529429,10,5,5
34531261,35,7,28
34531389,5,2,3
3453162,18,13,5
34531894,4,2,2
34532532,7,3,4
34532590,47,10,37
34532683,8,1,7
34532922,6,2,4
34532927,4,3,1
34532943,5,0,5
34533134,25,7,18
34533286,3,0,3
34534482,20,6,14
34534553,23,4,19
34534636,4,0,4
34534645,0,0,0
34534675,38,29,9
34534935,6,3,3
34535082,15,3,12
34535327,46,5,41
34535919,28,1,27
34536116,8,5,3
34536649,2,0,2
34537371,1,3,-2
34537538,18,6,12
34537546,8,0,8
34538467,27,14,13
34538611,0,0,0
34538659,35,8,27
34538794,4,3,1
34538923,46,6,40
34538958,54,13,41
34539051,15,2,13
34539565,12,3,9
34540477,0,0,0
34540820,7,1,6
34540939,3,3,0
34541136,11,1,10
3454116,321,35,286
34541215,7,4,3
34542281,7,1,6
34542297,4,2,2
34542576,4,0,4
34543075,23,4,19
34543104,7,0,7
3454358,2,1,1
34544428,11,5,6
34545570,78,24,54
3454770,395,215,180
3454833,84,49,35
34548660,18,8,10
34549269,1,0,1
34550741,7,1,6
34550744,9,5,4
34551221,15,5,10
3455178,28,7,21
34551851,3,0,3
34552429,35,3,32
34552647,24,2,22
34552787,14,7,7
34552803,6,2,4
34554443,4,1,3
34554687,0,0,0
34555060,31,2,29
34555109,0,0,0
34555431,15,2,13
34555508,0,0,0
34555895,36,5,31
34556153,29,2,27
3455629,141,48,93
34556334,10,16,-6
34556409,17,6,11
34556468,26,6,20
34556596,4,2,2
34556618,41,5,36
34556700,33,1,32
34557030,34,5,29
34557151,23,12,11
34557396,2,0,2
34557946,4,0,4
34558196,1,0,1
34558278,4,0,4
34558450,17,4,13
34558854,2,1,1
34558873,18,7,11
34559232,10,3,7
34559501,18,1,17
34559904,14,3,11
34560023,45,11,34
34560337,0,0,0
34560538,32,13,19
34560676,20,14,6
34560729,24,5,19
34560771,11,3,8
34560785,11,3,8
34560993,35,7,28
34561176,0,0,0
3456150,18,5,13
34563043,70,24,46
34563355,34,11,23
34563763,45,17,28
34563993,2,1,1
34564222,24,2,22
3456439,18,2,16
34564449,10,15,-5
34564850,1,0,1
34565506,26,1,25
34565675,7,2,5
34566242,2,1,1
34566655,9,14,-5
34567883,0,0,0
34569183,17,2,15
34569273,44,7,37
34569626,9,6,3
34570027,4,1,3
34570065,7,2,5
34570171,0,1,-1
3457108,3,0,3
34571439,11,2,9
34571609,19,6,13
34571931,24,11,13
34573020,13,12,1
34573691,8,0,8
34573832,40,20,20
34573880,0,0,0
34574299,4,1,3
34574441,16,7,9
34574835,1,0,1
34574838,1,0,1
34575125,11,6,5
34583404,8,1,7
34584449,29,6,23
34585261,27,12,15
34585521,29,7,22
34586121,23,5,18
34586233,4,1,3
34587512,8,0,8
34587590,24,5,19
345877,139,57,82
34589285,13,2,11
34589609,25,3,22
34589870,0,0,0
34590090,37,9,28
34590617,33,11,22
34591338,1,3,-2
34591590,2,0,2
34591796,19,4,15
34591842,16,4,12
34591918,7,0,7
34592734,84,20,64
34593484,6,0,6
34593636,19,7,12
34593721,2,0,2
34593988,50,13,37
34594075,42,9,33
34594108,18,4,14
34594109,29,11,18
34594577,30,7,23
34595168,10,2,8
34595197,10,0,10
34595458,36,15,21
34595649,14,4,10
34595777,4,1,3
34595933,63,10,53
34596452,0,0,0
34596685,1,0,1
34597440,7,1,6
34598548,16,9,7
34599557,54,11,43
34599581,0,0,0
34599775,1,0,1
34599940,35,4,31
34601235,4,0,4
34601615,12,1,11
3460179,39,3,36
34601855,0,4,-4
34604619,5,3,2
3460704,50,27,23
34608489,5,0,5
34608588,27,6,21
34609373,10,3,7
34610762,9,0,9
34610824,9,8,1
34612833,0,0,0
34612971,6,0,6
34613040,23,7,16
34613105,1,0,1
3461311,0,0,0
34613860,42,21,21
34613957,43,15,28
34614150,24,12,12
34614612,1,0,1
34614866,20,3,17
34615011,4,0,4
34615554,39,15,24
34616102,3,0,3
34616596,1,0,1
34616767,118,14,104
34616904,21,11,10
34617549,4,0,4
34617737,12,1,11
34618464,28,6,22
34618474,11,5,6
34618692,17,2,15
34618882,107,13,94
34619414,22,5,17
3461949,24,8,16
34619610,3,0,3
34619777,23,10,13
34619808,76,28,48
34619827,0,0,0
34620253,5,2,3
34620400,35,2,33
3462185,189,44,145
34622252,57,12,45
34622266,88,10,78
34622428,1,0,1
34622843,10,3,7
34623079,14,0,14
34624130,2,0,2
34624383,8,0,8
34624541,29,3,26
34624638,15,1,14
34624801,26,6,20
34625191,44,14,30
34625225,35,12,23
34625248,30,13,17
34625320,23,7,16
34625371,8,2,6
34626151,32,8,24
34626371,42,10,32
34626475,6,0,6
34628300,4,2,2
34630925,30,16,14
34631990,24,8,16
3463271,58,37,21
34633886,17,5,12
34634854,19,3,16
34635604,32,8,24
34635989,0,0,0
34636033,6,0,6
34636451,23,4,19
34636692,13,1,12
34636809,2,3,-1
34637156,11,4,7
3463795,0,0,0
34638174,2,0,2
34638470,24,7,17
34639535,22,4,18
34639827,1,0,1
34641083,12,1,11
34641752,2,0,2
34642086,37,6,31
34643079,4,0,4
34643143,35,22,13
34643809,11,7,4
34644357,0,0,0
34644528,53,8,45
34644944,1,0,1
34645033,14,4,10
34645165,46,2,44
34645234,10,8,2
34645534,16,1,15
34645695,12,4,8
34645730,19,3,16
34646388,4,2,2
34646779,3,1,2
34647075,4,3,1
34647452,2,1,1
34647819,50,10,40
34648138,9,3,6
34648653,6,1,5
3464885,101,25,76
34649069,60,8,52
34649151,5,3,2
34649287,3,2,1
34649618,12,0,12
34649668,22,12,10
34650262,1,0,1
34650738,14,0,14
34652160,7,0,7
346523,346,149,197
34653561,33,6,27
34657863,26,9,17
34660735,2,0,2
34660805,5,7,-2
34660871,24,12,12
34661055,33,8,25
34661461,13,1,12
34661732,21,5,16
34661994,20,3,17
34662244,6,2,4
34662382,56,20,36
34662820,24,16,8
34662899,22,13,9
34662974,19,8,11
34663126,20,8,12
34663215,33,19,14
34664986,3,0,3
3466532,53,16,37
34665965,16,5,11
34666046,2,0,2
34666245,14,14,0
34666850,36,6,30
34667212,50,14,36
34667502,2,0,2
34667629,32,28,4
34667854,8,1,7
34668072,12,2,10
34668125,39,21,18
34668372,57,12,45
34668468,60,4,56
34668493,7,7,0
34668759,4,1,3
34668788,5,2,3
34668868,3,0,3
34669158,47,11,36
34669522,10,0,10
34669913,2,2,0
34670211,2,0,2
34670698,5,2,3
3467074,32,23,9
34671152,4,0,4
34671201,27,4,23
34671267,0,0,0
34671665,0,0,0
34671725,51,15,36
34671847,6,2,4
34673888,4,0,4
34674046,25,8,17
34674148,2,0,2
34674297,26,13,13
34674398,1,2,-1
34674417,2,4,-2
34674560,0,2,-2
34674577,6,0,6
34674692,2,0,2
34674932,1,0,1
34675121,2,5,-3
34675145,12,2,10
34675312,2,0,2
34675477,5,5,0
34675575,3,1,2
34675692,15,0,15
34675836,0,0,0
34675987,0,0,0
3467626,294,182,112
34677006,36,9,27
34677295,3,0,3
34677923,69,10,59
34677988,3,1,2
34678114,5,0,5
34678311,2,0,2
34678410,12,1,11
34678447,19,0,19
34678922,32,5,27
34679122,20,5,15
34679159,19,10,9
34679338,43,7,36
34679883,12,1,11
34680441,33,10,23
34680613,2,0,2
34681438,0,0,0
34681773,12,7,5
34682363,2,0,2
34683452,7,4,3
34683674,16,4,12
34684526,18,10,8
34685904,16,2,14
34692789,0,0,0
3469288,13,8,5
34694866,2,0,2
34696343,15,9,6
34697262,17,16,1
34697317,0,0,0
34697473,22,19,3
34697491,4,0,4
34697684,2,0,2
34698256,6,5,1
34698436,8,4,4
34698508,1,0,1
34699150,0,0,0
34699173,7,0,7
34699178,11,15,-4
34699509,19,4,15
34699724,4,2,2
34699821,2,1,1
34700482,7,1,6
34700889,5,2,3
34701254,22,4,18
34701470,16,6,10
34701473,4,0,4
34701874,0,0,0
34702583,41,16,25
34702730,54,15,39
34702863,8,1,7
34703362,40,13,27
34703597,5,0,5
34703758,23,3,20
3470399,87,45,42
34704326,21,5,16
34704630,3,0,3
34705401,5,0,5
34705532,37,7,30
34705615,18,3,15
34705841,13,4,9
34706038,5,1,4
34706767,33,13,20
34706822,15,4,11
34707639,7,1,6
34708064,35,9,26
34708429,14,12,2
34708748,18,10,8
34709092,11,4,7
34709131,11,1,10
34709136,18,7,11
34709228,0,0,0
34709524,15,11,4
34710557,0,0,0
34710576,39,4,35
34710664,12,4,8
34711359,19,1,18
34711481,43,28,15
34711725,41,6,35
34711959,8,4,4
34712009,10,1,9
34712641,1,0,1
34712940,12,6,6
34713810,20,2,18
34714324,109,24,85
34714445,7,1,6
34714852,6,2,4
34714932,17,4,13
34715231,14,7,7
34715527,11,6,5
34715932,47,21,26
34716299,26,7,19
34716679,11,1,10
34716980,12,4,8
3471743,178,44,134
34717720,2,2,0
34718153,46,13,33
3471820,93,39,54
34720181,14,4,10
34723271,24,7,17
3472428,147,95,52
34726048,5,2,3
34727443,20,4,16
34728769,4,3,1
34730553,0,0,0
34730978,27,11,16
34731360,19,2,17
3473149,9,2,7
34731978,19,1,18
34732019,10,2,8
34732269,10,6,4
34732460,32,8,24
34733119,2,1,1
34733139,39,2,37
34733540,1,0,1
34734357,24,2,22
34734783,11,7,4
34734978,5,0,5
34735267,15,2,13
34735531,31,11,20
34735632,5,3,2
34736087,31,5,26
34736726,1,0,1
34736973,59,10,49
34737660,14,0,14
34738622,3,2,1
347389,95,14,81
34739449,0,1,-1
34739600,3,0,3
34740267,23,6,17
34740296,48,6,42
34740383,32,19,13
34740430,33,8,25
34740445,1,0,1
34740457,47,16,31
34740487,3,0,3
34740794,1,1,0
34741024,5,1,4
34741126,8,8,0
34741220,25,10,15
34741512,0,1,-1
34741784,7,3,4
34741877,25,15,10
34742011,23,4,19
34742911,4,3,1
34742928,7,5,2
34742999,17,13,4
34743088,12,1,11
34743203,5,2,3
34743234,25,1,24
34743494,9,2,7
3474515,925,244,681
34745249,51,18,33
34745473,57,17,40
34745595,22,16,6
34746396,72,7,65
34746560,30,11,19
34746755,24,11,13
34747050,5,0,5
34748150,23,9,14
34748393,21,21,0
34748533,20,6,14
34748694,17,8,9
34748900,57,3,54
34749315,7,4,3
34749566,2,0,2
34749764,8,1,7
34749775,11,7,4
34749924,28,13,15
34750014,2,0,2
34750066,1,0,1
34750161,17,5,12
34751042,7,1,6
34751132,32,4,28
34751949,0,0,0
34752225,17,4,13
34752307,2,8,-6
34752565,5,0,5
34752846,18,14,4
34753650,21,7,14
34755333,16,4,12
34755639,69,12,57
34759726,25,1,24
3476005,296,99,197
34761811,78,16,62
34761812,15,4,11
34761832,3,1,2
34761960,16,3,13
34762172,3,0,3
34762317,15,1,14
34763455,5,1,4
34763874,23,10,13
34763896,10,3,7
34763909,2,0,2
34763913,7,4,3
34763918,1,0,1
34763920,2,1,1
34763928,4,0,4
34763939,0,0,0
34763944,13,4,9
34763947,0,0,0
34763955,6,3,3
34763959,7,1,6
34763963,7,0,7
34763976,4,0,4
34763989,20,5,15
34764000,2,1,1
34764007,1,2,-1
34764011,1,0,1
34764014,6,6,0
34764021,8,2,6
34764029,4,0,4
34764044,3,1,2
34764054,12,4,8
34764059,2,3,-1
34764060,11,4,7
34764064,3,0,3
34764071,6,3,3
34764280,12,3,9
34765235,0,0,0
34765508,6,2,4
34765522,11,1,10
34765635,1,2,-1
34766476,19,13,6
34766646,0,0,0
34766959,8,0,8
34767223,9,1,8
34767520,30,6,24
34767657,0,0,0
34767980,3,0,3
34768167,7,0,7
34768449,23,5,18
34768605,7,2,5
34768710,5,0,5
34769117,2,2,0
34769531,27,3,24
34769670,9,1,8
34769797,3,1,2
34770052,23,11,12
34770608,19,4,15
34770748,46,11,35
34771034,20,8,12
34771578,11,4,7
34771608,22,15,7
34772396,5,5,0
34772708,37,31,6
34773303,37,16,21
34773565,18,13,5
34773570,37,8,29
34773971,2,0,2
34774366,10,1,9
34774586,10,1,9
34774702,25,14,11
34775612,2,0,2
34775997,3,0,3
34776064,10,9,1
34776330,17,9,8
34776863,18,3,15
34777245,75,11,64
3477777,37,7,30
34777985,13,3,10
34778366,9,1,8
34778626,11,4,7
34778890,19,12,7
34778912,16,5,11
34779009,4,0,4
34779484,25,9,16
34780053,24,7,17
34780161,6,0,6
34780523,4,3,1
34780610,2,0,2
34780859,14,8,6
34781421,9,3,6
34781546,3,5,-2
3478181,36,25,11
34782152,42,11,31
34782256,19,2,17
34782515,29,13,16
3478270,20,15,5
34784471,31,14,17
34784715,62,8,54
347849,82,30,52
34784940,19,11,8
34784987,7,3,4
34785315,21,10,11
34785353,0,0,0
347896,368,64,304
34793756,47,15,32
34794107,1,0,1
34795880,4,0,4
34796057,9,0,9
34796168,4,3,1
34796241,0,0,0
34796822,46,6,40
34797251,53,14,39
34797336,11,4,7
34799087,4,2,2
34799174,18,2,16
34800047,11,1,10
34800050,13,2,11
34800091,64,22,42
34801303,16,4,12
34801406,55,19,36
34801904,14,3,11
34802780,7,0,7
34803646,19,2,17
34803753,31,16,15
34803808,28,4,24
34803831,16,2,14
34804893,25,5,20
3480534,132,39,93
34805429,2,0,2
34805452,22,6,16
34805669,4,0,4
34805926,9,1,8
34806088,0,1,-1
34806145,6,0,6
34806150,30,9,21
34806156,26,7,19
34806268,12,4,8
34806277,9,2,7
34806397,7,2,5
34806870,4,1,3
34807222,28,7,21
34807480,7,1,6
34807609,70,7,63
3480794,43,8,35
34808497,20,7,13
34809064,52,11,41
34809119,12,3,9
34809130,18,5,13
34809164,25,7,18
34809262,17,5,12
34809676,27,3,24
34809867,0,0,0
34810570,4,2,2
34811171,25,6,19
34811916,8,5,3
34812005,36,5,31
34812568,9,1,8
34812725,30,12,18
34813330,20,9,11
34814276,28,9,19
34815291,6,1,5
34815662,0,0,0
34818293,2,0,2
34818793,2,1,1
34818956,5,3,2
348215,300,50,250
348217,111,27,84
34823206,40,12,28
34823671,10,1,9
3482462,78,31,47
34824832,18,3,15
34825,546,161,385
34825244,23,0,23
34825366,41,18,23
34825946,3,5,-2
34826413,5,0,5
34827397,6,0,6
34827826,1,2,-1
34828082,16,7,9
34828314,55,6,49
34828339,62,7,55
34828601,6,3,3
34828695,15,2,13
34829610,22,8,14
34830138,33,20,13
34830246,1,0,1
34830551,18,10,8
34830915,22,13,9
34830993,5,1,4
34831172,7,2,5
34831769,2,1,1
34832234,10,1,9
34832297,7,3,4
34832535,3,1,2
34833337,2,0,2
34833600,10,2,8
34833745,17,4,13
3483383,14,8,6
34834381,6,4,2
34834542,15,5,10
34835719,60,3,57
34835964,9,0,9
34836244,18,5,13
34836551,27,7,20
34836609,51,22,29
34836991,0,0,0
34837550,3,0,3
34837608,26,3,23
34838205,39,5,34
34838212,19,14,5
34838482,4,1,3
34840144,6,5,1
34840269,3,0,3
34840830,0,0,0
34841123,5,2,3
34841135,23,1,22
34841145,7,2,5
34841568,36,22,14
3484213,42,8,34
3484277,76,18,58
34846767,11,3,8
34846925,4,4,0
34846927,0,0,0
34847737,6,1,5
34847745,4,2,2
3484886,1,0,1
34849166,14,2,12
34849209,15,1,14
34849625,1,0,1
34850895,39,3,36
34851116,19,4,15
34851278,7,1,6
34851446,10,5,5
34851966,0,0,0
34852023,4,0,4
34852177,7,0,7
34852569,10,3,7
34852689,9,2,7
34853038,5,0,5
34853105,5,1,4
34853972,30,6,24
348549,197,57,140
34855170,11,4,7
34855188,51,4,47
34855476,1,0,1
34855619,8,0,8
34855952,0,0,0
34856029,7,0,7
34856436,4,2,2
34858111,16,3,13
34858476,17,7,10
34858668,4,1,3
34858967,49,12,37
34859048,17,8,9
34859135,12,7,5
34860032,31,9,22
34860128,19,2,17
34860560,5,2,3
34860638,17,4,13
34860769,11,4,7
34860808,8,5,3
34861398,15,1,14
34861694,26,5,21
34862318,27,6,21
34862532,1,0,1
34862663,10,7,3
34862991,6,3,3
34863130,0,0,0
34863343,30,11,19
34863696,48,28,20
34863840,14,12,2
34864106,7,0,7
34864247,14,1,13
34864281,25,6,19
34865188,8,2,6
34865267,7,2,5
34865795,0,0,0
34865917,13,3,10
34866378,15,14,1
34866725,3,1,2
34867183,20,4,16
3486954,14,6,8
3486969,99,29,70
34876418,0,1,-1
3487648,20,4,16
34877926,0,0,0
34878705,10,0,10
34878885,6,0,6
34880167,4,1,3
34880302,1,1,0
34880723,8,4,4
34881142,11,3,8
34881146,2,4,-2
34881402,8,1,7
34881403,5,0,5
34882456,18,7,11
34882636,0,0,0
34883556,1,0,1
34883772,11,8,3
34883813,0,0,0
34884077,68,32,36
34884328,0,0,0
34884624,3,1,2
34884768,40,13,27
34884789,6,2,4
34885252,5,0,5
34885501,4,0,4
34885639,3,1,2
34885910,2,0,2
34885990,8,0,8
34886326,31,10,21
34886573,20,7,13
34886939,11,4,7
34888067,7,2,5
34888179,5,1,4
34888258,15,2,13
34888970,3,1,2
34889444,28,13,15
34889609,26,13,13
34889625,0,0,0
34889699,15,5,10
34889805,7,4,3
34889813,3,0,3
34889887,56,19,37
34890119,0,2,-2
34890797,0,1,-1
34890997,17,4,13
34891209,33,9,24
34892374,0,0,0
34892444,0,0,0
34893574,1,0,1
34894580,6,0,6
34894584,0,0,0
34895369,1,1,0
34895855,15,4,11
3489611,43,8,35
34896218,14,0,14
34896597,14,3,11
34896984,14,5,9
34897880,10,4,6
34897891,29,4,25
34898433,18,3,15
34898637,64,13,51
34898737,5,2,3
34898866,5,1,4
34899095,6,2,4
34899629,0,0,0
34900021,9,2,7
34900345,2,0,2
34900885,0,0,0
34900910,6,1,5
34901200,11,0,11
34901372,8,4,4
34902641,14,2,12
34903299,2,0,2
34903551,21,10,11
34903774,5,1,4
34903791,28,9,19
34903990,18,8,10
34904195,10,1,9
34904405,2,1,1
34906398,4,1,3
34907037,21,13,8
34907407,4,0,4
34908034,4,2,2
34914466,19,3,16
34914485,37,4,33
34915243,0,0,0
34917319,9,6,3
34917621,6,0,6
34918137,11,2,9
34920810,11,1,10
34920840,18,6,12
34920942,7,2,5
34921037,0,0,0
34921038,27,4,23
3492159,379,166,213
3492255,115,28,87
34923014,17,14,3
34923100,37,12,25
34923880,0,0,0
34924412,0,0,0
3492448,1,1,0
34924759,38,18,20
34925056,49,11,38
34926222,0,0,0
34926554,1,0,1
34926808,18,13,5
34927194,67,18,49
34927255,8,7,1
349273,2,1,1
34927348,14,1,13
34927578,3,0,3
34927742,0,0,0
34927940,13,4,9
34928054,14,9,5
34929366,21,7,14
34929688,2,6,-4
34929692,11,2,9
34930872,5,2,3
34931006,2,1,1
34931236,0,0,0
34931248,31,9,22
34931409,17,1,16
34932335,16,3,13
34933535,52,8,44
34933565,13,5,8
34933627,29,3,26
34933805,3,1,2
349339,20,1,19
34934095,12,5,7
34934277,12,1,11
34934749,22,3,19
34935022,13,4,9
34936933,13,2,11
34937382,0,0,0
34937557,0,0,0
3493779,12,7,5
34938357,49,13,36
34939452,27,12,15
34940092,47,13,34
34940140,0,0,0
34940495,64,28,36
34940746,18,0,18
34942148,55,13,42
34942171,6,3,3
34942374,16,4,12
34942561,23,4,19
34942936,2,1,1
34943403,14,8,6
34943411,1,1,0
34943580,51,11,40
34944192,78,21,57
34944409,17,5,12
34945278,1,0,1
34945822,16,4,12
34951353,6,0,6
34952496,9,3,6
34952992,1,0,1
34953217,8,0,8
34954701,35,10,25
34954979,2,1,1
34955394,3,2,1
34955734,7,2,5
34955801,4,4,0
34956172,32,4,28
34956842,1,0,1
34956917,32,8,24
34957639,52,7,45
34957989,24,11,13
34958254,10,8,2
34958419,3,0,3
34958796,14,1,13
34959102,7,0,7
34959205,12,2,10
34959626,5,3,2
34959654,1,0,1
34959919,58,17,41
34960183,19,2,17
34960587,16,0,16
34960885,13,3,10
34960958,13,2,11
34961361,19,5,14
34962301,1,0,1
34962395,20,4,16
34963151,5,4,1
34963590,6,2,4
34963652,20,1,19
34963693,3,2,1
34963868,4,0,4
34963954,19,4,15
34964074,32,4,28
34964148,16,2,14
34964258,24,2,22
34964643,4,0,4
34964677,6,2,4
34965216,5,0,5
34965715,17,1,16
34966024,1,0,1
34966514,24,3,21
34967143,16,7,9
34967188,12,2,10
34967553,21,13,8
34967739,20,6,14
34967790,10,6,4
34967929,11,11,0
34968375,35,7,28
34968807,7,1,6
34969359,23,7,16
34969762,5,3,2
34969836,0,0,0
34970279,32,5,27
34970463,21,2,19
34971134,4,1,3
34971588,7,2,5
3497202,6,2,4
34972275,38,19,19
34972385,2,1,1
34973408,45,4,41
34974831,5,1,4
34974850,37,10,27
34974864,26,1,25
34975777,0,0,0
34976092,13,2,11
34976220,21,0,21
34976272,8,3,5
34976587,7,1,6
34977035,3,5,-2
34977135,4,0,4
34978216,2,1,1
34978713,2,0,2
3498228,109,42,67
34983155,4,0,4
34983219,32,3,29
34983404,13,3,10
34984981,6,2,4
34985375,13,8,5
34986651,0,0,0
34986668,26,8,18
34988003,26,3,23
34988144,22,4,18
34988929,1,0,1
34988953,0,1,-1
34989134,39,5,34
34989502,17,8,9
34989915,18,12,6
34990836,62,12,50
34990848,8,0,8
34991522,46,12,34
34991569,7,0,7
34991619,14,10,4
34991743,21,4,17
349930,235,66,169
34993640,28,3,25
34994269,6,0,6
34994511,4,0,4
34994715,12,1,11
34994935,26,8,18
34994978,9,1,8
34995579,23,9,14
34995811,23,15,8
34996006,5,0,5
34996336,32,5,27
34996449,28,13,15
34996465,6,1,5
34996638,14,16,-2
34997235,0,0,0
34999449,6,3,3
35000269,0,0,0
350011,56,16,40
35001763,1,0,1
35001882,0,0,0
35002533,22,5,17
35003585,1,4,-3
35004321,69,40,29
35004974,3,1,2
35005107,2,1,1
35005113,12,3,9
35005241,19,1,18
35005315,4,2,2
35006145,21,7,14
35006390,54,9,45
35006697,3,1,2
35006717,22,12,10
35007306,7,5,2
35007988,2,2,0
35008323,5,1,4
35008759,17,5,12
3500882,57,14,43
35008954,4,0,4
3500905,46,19,27
3501164,10,2,8
3501252,3,0,3
35014976,5,0,5
35015926,2,2,0
3501702,126,42,84
3501714,7,2,5
35017513,1,0,1
35017851,20,7,13
35017902,3,1,2
3501836,166,49,117
35018536,41,14,27
35018554,28,3,25
35018763,14,5,9
35018945,34,16,18
35019258,0,0,0
35019420,41,7,34
35020569,11,9,2
35020670,1,0,1
35021198,15,7,8
35021522,7,0,7
35021638,11,0,11
35021726,14,6,8
35022293,6,1,5
35022495,8,5,3
35022504,1,3,-2
35022529,33,9,24
35022532,0,0,0
35022573,7,5,2
35022656,7,5,2
35023021,16,5,11
35023067,21,17,4
35023213,21,8,13
35023937,6,3,3
35024469,35,6,29
35024574,5,2,3
35024701,5,0,5
35024741,1,0,1
35025208,2,1,1
35025544,3,0,3
35025559,2,0,2
35026025,17,5,12
35026205,16,4,12
35026471,19,2,17
35026515,75,15,60
35027076,41,12,29
35027457,0,0,0
35027465,3,0,3
35027642,1,0,1
35028378,1,0,1
35028499,31,5,26
35028558,93,4,89
35028580,2,0,2
35028736,11,4,7
35028937,2,1,1
35029375,9,2,7
35029510,12,3,9
35029890,12,3,9
35030069,21,7,14
3503024,2,0,2
35030267,3,1,2
35030408,30,4,26
35031816,51,18,33
35032137,33,2,31
35032900,24,7,17
35033130,3,2,1
35033494,5,1,4
35033620,8,5,3
35033705,17,7,10
35034355,4,0,4
35034620,20,4,16
35034731,2,3,-1
3503509,21,5,16
35035235,30,4,26
35036041,47,13,34
35036088,42,16,26
35037628,6,0,6
35037757,81,13,68
35037780,22,5,17
35038072,30,15,15
35038111,7,2,5
3503832,192,85,107
35038402,0,0,0
35038710,34,19,15
35039489,48,6,42
35043365,29,4,25
350442,80,21,59
35044310,13,3,10
35045965,25,13,12
35046670,4,0,4
35047440,0,0,0
35047698,32,8,24
35047748,1,0,1
35049381,37,4,33
35049859,14,12,2
35050241,3,1,2
35050588,11,3,8
35050937,11,4,7
35051905,11,8,3
35052980,9,0,9
350530,57,12,45
35053207,17,3,14
35053413,2,0,2
35053427,13,6,7
35053665,32,14,18
35053772,37,17,20
35054017,5,1,4
3505446,4,0,4
35054860,17,2,15
35055878,7,4,3
35056301,12,5,7
35056848,9,1,8
35057092,40,12,28
35057267,9,5,4
35057753,44,15,29
35058077,76,30,46
3505825,74,17,57
35058352,4,0,4
350588,303,93,210
35058912,1,0,1
35059273,10,0,10
3506033,1,0,1
35060360,20,3,17
35060371,8,0,8
35061378,29,5,24
35061974,0,0,0
35062948,38,9,29
35063577,10,5,5
35063612,71,12,59
35064220,7,1,6
35064342,6,3,3
35065665,5,2,3
35066340,11,0,11
35066400,2,0,2
35067050,5,0,5
35071032,3,2,1
3507139,30,12,18
35071918,5,1,4
35072387,16,3,13
3507263,409,130,279
35073013,29,13,16
35073183,9,3,6
35073412,35,6,29
35074252,8,2,6
3507448,4,4,0
35075522,64,11,53
35076313,8,2,6
35077041,10,1,9
35077178,17,6,11
35077981,1,1,0
35078109,4,4,0
35078130,19,15,4
35078405,25,3,22
35078418,12,2,10
35078460,0,0,0
35078868,4,1,3
35079425,19,0,19
35080448,2,4,-2
35081656,12,1,11
35082103,2,0,2
35082207,17,1,16
35082595,10,1,9
35082699,2,2,0
35083063,13,1,12
35084208,3,7,-4
35084863,13,7,6
35085161,40,16,24
35085564,13,3,10
35085569,1,0,1
35086628,2,0,2
35087582,44,9,35
35087624,13,2,11
35087815,55,4,51
35088111,0,0,0
35088139,6,1,5
35088156,5,2,3
35088163,0,0,0
3508868,15,3,12
35088711,14,4,10
3508901,6,3,3
35090679,10,1,9
35091103,13,6,7
35092729,16,2,14
35093023,4,2,2
35099977,7,1,6
35100060,25,4,21
35100629,0,0,0
35102046,2,2,0
35102239,2,1,1
35102438,10,1,9
35103383,1,0,1
35104799,10,6,4
35106286,15,5,10
35106493,8,2,6
35106809,1,0,1
35106848,0,0,0
35106879,0,0,0
35106922,0,0,0
35106988,0,0,0
3510729,92,30,62
35107496,3,0,3
35109705,1,1,0
35110381,41,10,31
35110941,33,4,29
35111204,18,4,14
35111477,24,5,19
35112037,21,7,14
35113145,5,0,5
35115637,0,0,0
35115968,1,0,1
35116108,21,3,18
35116941,8,2,6
35116991,1,0,1
35116992,36,20,16
35117407,2,0,2
35117440,12,2,10
35117471,31,9,22
35117553,0,0,0
35118037,10,1,9
35118213,14,9,5
35118647,13,3,10
35119234,54,7,47
35119302,2,1,1
35119399,29,22,7
35119431,30,9,21
35119629,3,1,2
35120048,12,8,4
35120094,19,1,18
35120489,2,0,2
35120902,7,1,6
35121186,57,9,48
35121268,57,6,51
35121780,19,5,14
35122307,3,0,3
35122928,41,2,39
35123260,3,0,3
35123311,5,1,4
35123413,16,7,9
35123852,14,3,11
35123920,5,1,4
35123941,1,2,-1
3512493,36,11,25
35125489,24,3,21
35125564,34,14,20
35125656,8,0,8
35125701,3,1,2
35125891,0,0,0
35125915,3,0,3
35125923,47,12,35
35126300,23,9,14
35126886,25,0,25
35127303,28,2,26
35127376,1,1,0
35127530,11,2,9
35127575,19,4,15
35127829,6,3,3
35128202,56,6,50
35128263,5,2,3
35128734,5,2,3
3513126,346,123,223
3513323,16,9,7
35133375,11,4,7
35135833,17,4,13
35136184,3,2,1
35136527,42,6,36
35136589,3,3,0
35136991,2,1,1
35137984,3,2,1
35138570,29,9,20
35138681,3,0,3
35139014,20,11,9
35139478,19,4,15
35139525,39,10,29
35140346,11,2,9
35140390,4,0,4
35140636,2,0,2
35140706,6,0,6
35140714,22,12,10
35141449,15,2,13
35141622,5,7,-2
35141784,3,1,2
35142520,29,11,18
35143332,11,3,8
35143913,10,3,7
35144140,46,20,26
35144498,32,11,21
35145178,20,7,13
35145239,24,5,19
35145702,3,0,3
35145976,62,13,49
35146173,3,0,3
35146415,0,0,0
35146679,9,1,8
35147245,2,0,2
35147254,44,6,38
35147542,9,0,9
35147609,29,14,15
35147750,17,2,15
35147770,8,0,8
35147875,6,4,2
35148258,0,0,0
35148724,14,0,14
35148971,3,2,1
35149489,9,8,1
35150631,32,3,29
35150697,22,4,18
35150970,19,3,16
35151553,3,0,3
35151803,37,12,25
35151877,1,1,0
35151979,0,0,0
35152393,14,12,2
35152553,33,20,13
35152558,2,0,2
35152623,23,9,14
35152871,20,4,16
35152911,0,0,0
35152920,40,14,26
35153367,75,18,57
3515348,91,43,48
35153609,25,10,15
35153661,3,1,2
35153724,15,6,9
35153965,10,6,4
35154255,60,12,48
35155264,8,3,5
35156389,17,2,15
35157069,16,1,15
35157505,59,18,41
35158439,13,2,11
35158636,21,1,20
35158693,61,36,25
35158817,20,10,10
35158850,18,3,15
35159968,28,19,9
35160106,34,3,31
35160212,21,7,14
35160365,3,1,2
35160480,9,4,5
35161458,3,0,3
35161478,2,0,2
35161493,55,9,46
35161841,14,6,8
35161926,12,2,10
35161938,5,0,5
35162528,5,0,5
35162778,4,1,3
35163619,8,0,8
35166416,0,0,0
35169194,3,0,3
35170196,23,2,21
3517033,139,28,111
35170971,0,0,0
35171742,24,14,10
351727,537,193,344
35173398,1,3,-2
35174049,5,1,4
35174338,7,1,6
35174840,0,1,-1
35175092,5,1,4
3517531,1,4,-3
35175598,3,0,3
35176164,0,2,-2
35177612,34,13,21
35177698,5,1,4
35178034,0,0,0
35178598,4,0,4
35178691,15,3,12
35178768,2,0,2
35178779,6,4,2
35179200,4,4,0
35179443,8,1,7
35179592,8,3,5
35180009,6,0,6
35180034,8,0,8
35180049,45,8,37
35180184,0,0,0
35180398,15,6,9
35180825,64,18,46
35181036,23,2,21
35181200,33,10,23
35181527,18,0,18
35181852,2,0,2
35181907,43,8,35
35182612,1,0,1
35182837,8,0,8
35183705,11,3,8
35184152,1,0,1
35184189,2,0,2
35184380,18,3,15
35184426,2,0,2
3518447,63,13,50
35184520,20,3,17
35184940,19,7,12
35185092,39,13,26
35185190,16,3,13
35185358,26,8,18
35185955,17,1,16
35186578,1,1,0
35186839,38,11,27
35187786,31,17,14
35187801,29,12,17
35188013,6,0,6
3518806,136,25,111
3518856,12,2,10
35188834,8,4,4
35189196,4,0,4
35189688,29,13,16
35189909,1,0,1
35190162,5,0,5
35190760,8,1,7
35191289,11,0,11
35191962,18,1,17
35192029,29,22,7
35192247,7,2,5
3519254,4,1,3
35192651,5,3,2
35192797,20,4,16
3519290,159,26,133
35192917,3,0,3
35193090,4,2,2
35193237,0,0,0
35193357,2,1,1
35193814,3,0,3
35193827,0,0,0
35193833,1,0,1
35193837,6,1,5
35193841,4,1,3
3519409,17,6,11
35194412,34,3,31
35195174,3,1,2
35195298,1,0,1
35195514,9,1,8
35196209,12,5,7
3519652,153,28,125
35201131,6,2,4
35206637,0,0,0
35206664,1,0,1
35206680,57,11,46
35206798,76,16,60
3520717,847,377,470
35208428,2,4,-2
35208437,11,6,5
35208509,39,10,29
35208537,0,0,0
35208725,5,0,5
35208906,8,5,3
35209207,4,1,3
35209699,10,8,2
35209750,11,5,6
35210360,11,7,4
35210643,2,1,1
35210995,75,25,50
35211088,17,9,8
3521113,138,28,110
35211134,4,1,3
35211220,14,1,13
35211701,96,30,66
35211808,6,1,5
35212318,35,7,28
35212743,20,8,12
35212807,8,3,5
35212985,19,6,13
35213258,2,0,2
35213568,0,0,0
35213675,2,1,1
35213807,24,3,21
35213830,5,3,2
35215464,2,1,1
3521565,130,48,82
35215781,38,9,29
35215904,21,3,18
35216282,3,1,2
35216336,4,0,4
35216388,20,7,13
35216454,0,0,0
35216483,4,0,4
35216614,10,0,10
35216652,30,8,22
35217000,4,1,3
35217262,12,6,6
35217300,0,0,0
35217802,2,0,2
35218042,37,14,23
35219104,2,2,0
35219639,3,3,0
3521985,262,66,196
35220093,4,1,3
35220465,5,0,5
35220655,3,8,-5
35220891,23,6,17
35221088,7,0,7
35221198,3,0,3
35221433,26,7,19
35222091,16,12,4
35222449,5,0,5
35222581,35,6,29
35222946,3,0,3
35223125,14,1,13
35224149,44,15,29
35225268,17,0,17
35225341,3,0,3
35226005,27,6,21
35226458,17,0,17
35226815,23,8,15
35227386,17,5,12
35227392,7,1,6
35227401,8,0,8
35227734,22,3,19
35227851,6,1,5
35228367,2,0,2
35228561,27,22,5
35228958,3,1,2
35229334,1,0,1
35229896,37,8,29
35230146,35,7,28
35230171,2,0,2
35230519,3,1,2
35231799,1,3,-2
35232740,2,0,2
35232909,19,2,17
35233067,2,0,2
35233386,11,3,8
35235798,5,0,5
35238174,5,0,5
35239286,1,1,0
35241929,2,1,1
35243150,4,2,2
35243330,50,8,42
35244809,25,6,19
35245685,14,4,10
35245710,18,5,13
35246205,26,10,16
35246278,17,1,16
35246475,4,0,4
35246718,69,25,44
35247006,0,0,0
35247374,1,1,0
35247611,10,6,4
3524782,8,0,8
35247948,30,17,13
35248771,33,5,28
35249663,38,24,14
35249871,33,9,24
35250095,41,8,33
35250580,22,12,10
35250826,11,1,10
3525089,43,30,13
35251209,17,3,14
35251639,7,2,5
35252017,2,0,2
35252101,11,3,8
35252281,15,5,10
35252526,27,5,22
35252611,5,10,-5
35252648,10,3,7
35252755,0,1,-1
35253348,40,6,34
35253436,32,4,28
35253921,38,17,21
35255762,0,0,0
35256028,9,4,5
35256066,29,6,23
35256432,7,2,5
35256959,4,1,3
35257092,1,1,0
35257096,2,1,1
35257429,21,6,15
35257577,15,2,13
35259201,22,11,11
35259954,29,11,18
35261161,13,9,4
35261638,18,1,17
35261927,23,3,20
35263175,13,6,7
35263446,17,4,13
35263463,26,12,14
3526355,344,84,260
35264612,17,6,11
35268341,11,1,10
35269913,7,4,3
35270693,3,2,1
35271228,3,1,2
35271407,7,4,3
35271694,11,8,3
35271756,3,2,1
35271850,15,0,15
35271977,9,2,7
35272426,49,6,43
35272825,6,1,5
35274352,56,22,34
35274806,8,0,8
35277252,3,0,3
35278087,2,0,2
35278566,15,15,0
35279121,40,13,27
35279184,65,10,55
35280337,9,1,8
35280518,28,5,23
35281222,6,1,5
35281397,7,4,3
35282280,90,23,67
35282320,18,4,14
35282653,18,5,13
35283035,40,3,37
35283929,22,6,16
35284076,20,14,6
35284089,7,0,7
35284127,20,7,13
35284403,6,1,5
35284465,56,20,36
35284709,9,1,8
35285202,1,0,1
35286060,1,0,1
35286383,56,9,47
35286619,3,4,-1
35286934,6,2,4
3528858,62,12,50
3528997,16,2,14
35291596,5,1,4
35293523,1,1,0
35293940,22,1,21
35293951,7,3,4
35294006,15,0,15
35294234,5,0,5
35294607,0,0,0
35295260,9,2,7
35295277,19,4,15
35295373,0,0,0
35296229,4,0,4
35296309,12,8,4
35296553,31,5,26
35297524,1,1,0
35297925,6,4,2
35298077,19,7,12
35298674,5,0,5
35300189,26,6,20
35300317,1,0,1
35300393,4,0,4
35300583,1,0,1
35300801,1,0,1
35300905,11,0,11
35301298,54,5,49
35301435,41,10,31
35301492,45,9,36
35302281,23,8,15
35302718,0,0,0
3530413,47,17,30
35305718,0,0,0
35306149,2,0,2
35307388,26,6,20
35307760,2,0,2
35307950,26,9,17
35308222,0,1,-1
35308244,10,4,6
35308621,2,1,1
35309140,5,6,-1
35309279,1,1,0
35309307,7,2,5
35309768,11,1,10
35310229,19,1,18
35310275,45,10,35
35310346,4,1,3
35310611,14,3,11
35310811,4,0,4
35311169,70,20,50
3531119,149,66,83
35311274,18,5,13
35311621,18,5,13
35311920,1,0,1
35312099,17,3,14
35312163,18,7,11
35312520,86,31,55
35312874,16,4,12
35312960,69,17,52
35313173,2,0,2
3531327,33,8,25
353133,253,90,163
35313953,0,0,0
35314322,2,0,2
35314656,3,0,3
35314949,29,8,21
35315432,2,0,2
35315917,2,1,1
35317250,0,0,0
3531810,669,184,485
35318381,2,0,2
35320396,21,5,16
35321967,19,10,9
35322099,12,2,10
35322850,2,2,0
3532340,139,70,69
35325321,28,5,23
35325684,7,0,7
35327051,21,3,18
35327570,2,2,0
35327945,7,2,5
35328062,10,1,9
35328188,19,8,11
35328250,2,1,1
35328343,7,0,7
35328453,4,1,3
35328540,4,1,3
35328592,5,0,5
35328625,3,1,2
35328653,7,2,5
35328700,0,0,0
35328948,5,2,3
35328949,7,0,7
35329274,9,2,7
35329507,0,1,-1
35329538,22,3,19
35329549,42,9,33
35329691,19,6,13
35330071,5,0,5
35330704,15,2,13
35331248,0,0,0
35331394,1,2,-1
35331762,9,1,8
3533200,27,0,27
35332058,3,0,3
35332150,2,1,1
35332366,28,4,24
35333120,9,0,9
35333131,1,0,1
35333237,7,5,2
35333993,33,8,25
35334683,38,7,31
35334742,3,0,3
35335260,24,3,21
3533533,81,25,56
35335732,37,19,18
35335758,10,2,8
35336327,1,0,1
35337101,13,2,11
35337616,7,1,6
35337839,6,3,3
35337999,3,0,3
35338091,32,4,28
35338108,0,0,0
35338466,15,1,14
35338532,3,0,3
35340432,1,0,1
35340567,2,2,0
35340676,0,0,0
35341002,11,3,8
35341198,9,8,1
35342162,3,0,3
35343543,35,7,28
35344341,23,12,11
35344442,12,2,10
35345168,3,1,2
35346828,2,0,2
35347127,21,6,15
35347599,5,0,5
35347618,12,5,7
35347624,2,1,1
35347930,15,4,11
35348112,4,0,4
35348137,9,2,7
35348447,4,5,-1
3534873,150,41,109
35349001,48,10,38
35349164,1,1,0
35349395,9,3,6
35349645,11,3,8
35349768,6,3,3
35358877,15,4,11
3535958,183,91,92
35359853,18,2,16
35359989,31,3,28
35360656,50,7,43
35360848,16,4,12
3536150,18,10,8
35362047,2,0,2
35362173,69,7,62
35362263,26,7,19
35362639,5,1,4
35362969,7,2,5
35363161,51,10,41
35363181,1,0,1
35363215,0,0,0
35363431,8,1,7
35363969,23,1,22
35364461,7,1,6
35364919,14,1,13
35364965,12,2,10
35365123,7,0,7
35365185,21,4,17
35365649,2,0,2
35365917,1,0,1
35365945,3,0,3
35366299,3,1,2
35366349,14,15,-1
35366963,4,1,3
35367000,0,0,0
35367093,2,0,2
35367194,3,1,2
35367903,20,6,14
35368276,3,0,3
35368424,6,0,6
35368635,41,5,36
35369532,67,7,60
35369538,7,1,6
35369632,27,16,11
35369691,8,4,4
35369914,27,9,18
35369940,34,18,16
35370146,18,8,10
35370395,17,1,16
35370880,0,0,0
35371105,0,0,0
35371468,11,0,11
35371721,31,12,19
35371916,12,23,-11
35371953,121,15,106
35372296,25,5,20
35372346,8,3,5
35372719,27,4,23
35373275,39,14,25
35373288,3,5,-2
35373997,3,3,0
35374071,5,2,3
35374187,7,1,6
35374395,1,0,1
35375174,12,5,7
35376168,5,0,5
35376216,61,10,51
35376696,4,0,4
35376951,16,14,2
35377033,1,0,1
35377565,6,1,5
35377973,33,18,15
353787,74,40,34
35378886,5,3,2
3537906,9,2,7
35379403,10,1,9
35379603,4,2,2
35379871,14,2,12
35380189,51,5,46
35380215,17,0,17
35381458,86,12,74
35381516,2,0,2
35381610,8,2,6
35381900,0,0,0
3538237,169,33,136
35382718,71,17,54
35382719,10,3,7
35382972,1,0,1
35383282,2,0,2
35383322,4,0,4
35384065,3,0,3
35384140,21,5,16
35384371,10,2,8
35384661,22,10,12
35385331,21,3,18
35386271,62,12,50
35386347,54,4,50
35387583,13,5,8
35388943,1,4,-3
35391147,14,5,9
35392336,26,11,15
35393173,2,1,1
35395062,1,0,1
35395540,1,0,1
35396921,16,8,8
35397354,27,8,19
35398408,2,0,2
35398636,3,2,1
35399755,7,0,7
35399938,10,3,7
35399946,35,10,25
35399947,53,7,46
354003,284,162,122
35400559,26,7,19
35400946,52,17,35
35401265,43,16,27
35401383,14,5,9
35401517,59,8,51
35401889,3,6,-3
35401892,2,1,1
35402103,7,5,2
35402212,0,0,0
35402292,11,7,4
35402337,19,3,16
35402418,10,5,5
35402572,20,2,18
35402794,8,1,7
35403037,14,9,5
35403079,8,3,5
35403236,19,6,13
35403439,7,2,5
35403613,2,1,1
35403999,4,0,4
35404594,25,12,13
35405022,16,1,15
35405126,7,0,7
35406266,10,1,9
3540638,44,19,25
35406437,1,0,1
3540708,1,1,0
35407114,6,2,4
35407547,5,1,4
3540813,221,70,151
35408506,5,1,4
35408675,31,5,26
35408755,9,3,6
35408827,13,6,7
35409427,9,3,6
35409641,9,1,8
35409945,41,6,35
35410057,10,0,10
3541012,59,12,47
35410194,9,8,1
35410205,0,0,0
3541115,11,5,6
35411541,17,7,10
35411979,0,1,-1
35412729,6,2,4
35412988,8,0,8
35414462,21,1,20
35414474,23,10,13
35415074,18,4,14
35415227,0,0,0
35416566,44,24,20
35416594,9,10,-1
35417324,4,0,4
35417608,1,1,0
35417646,30,3,27
35417814,14,3,11
35417940,22,5,17
35418950,2,0,2
35419029,5,2,3
35419123,43,16,27
35419467,5,0,5
35419850,40,17,23
35420290,8,1,7
35420407,6,1,5
35420988,7,1,6
35421129,0,0,0
3542131,49,20,29
35421681,22,5,17
35421808,8,3,5
35422167,4,2,2
35423443,8,3,5
35423592,15,3,12
35424158,2,0,2
35424478,8,0,8
35424590,20,0,20
35425391,6,2,4
35430970,59,28,31
35430972,36,10,26
3543128,250,97,153
35431624,16,7,9
35432901,20,5,15
3543541,900,273,627
3543644,0,0,0
35436660,6,3,3
35439584,36,2,34
35440311,18,2,16
35440374,7,2,5
35440517,11,2,9
35440536,14,2,12
35441301,0,0,0
35441710,3,2,1
35441933,5,0,5
35442327,15,8,7
35443011,11,7,4
35443104,4,0,4
35443252,32,8,24
35443472,6,3,3
35443792,41,7,34
35443953,5,2,3
35444013,13,7,6
35444163,5,1,4
35444620,18,1,17
35445551,2,0,2
35446872,12,6,6
35447193,2,0,2
35447576,9,1,8
35447697,16,2,14
35447789,1,0,1
35447826,0,0,0
35448728,15,8,7
35448995,16,4,12
35450182,0,0,0
35450753,2,1,1
35452522,36,12,24
35452951,2,0,2
35453336,10,1,9
35454355,5,4,1
35454368,12,5,7
35455456,9,1,8
35455636,0,0,0
35456659,1,0,1
35456887,21,0,21
35456942,20,5,15
35457015,2,2,0
35457445,8,2,6
35458045,23,2,21
35458153,0,0,0
35458782,2,0,2
35459355,1,0,1
3545977,241,67,174
35459887,22,2,20
35460715,23,4,19
35461411,3,1,2
35461806,10,0,10
35462100,12,9,3
35462186,6,0,6
35462188,1,1,0
35462407,50,12,38
35462743,7,0,7
35462916,10,2,8
35463539,9,1,8
35463830,6,1,5
35464126,30,2,28
35464324,18,9,9
3546437,71,15,56
35464562,21,2,19
35464943,0,0,0
35466468,17,1,16
3546761,14,0,14
3547017,1,0,1
35472715,4,1,3
35472969,8,2,6
35473041,22,4,18
35473495,18,2,16
35473654,12,4,8
35473870,66,6,60
35473930,13,6,7
35473940,4,7,-3
35473959,4,4,0
35474213,13,2,11
35474334,3,1,2
35474394,36,14,22
35474403,5,4,1
35474694,9,2,7
35474886,5,12,-7
35475026,16,1,15
35475162,2,0,2
35475246,11,2,9
35475383,7,2,5
35475442,8,3,5
35475511,15,5,10
35475789,20,3,17
35475883,17,2,15
35476000,32,9,23
35476067,13,5,8
35476193,4,0,4
35476287,4,2,2
35476496,12,3,9
35476518,16,2,14
35476674,2,4,-2
35476704,7,0,7
35476944,3,6,-3
35477386,67,11,56
35477618,13,9,4
35478159,17,4,13
35478355,12,2,10
35478477,12,0,12
35478555,20,3,17
35478640,7,3,4
35478806,14,5,9
35478869,5,0,5
35479626,10,5,5
35480087,39,7,32
35480602,28,3,25
35480786,5,2,3
35481019,37,19,18
35481201,0,0,0
35481240,6,0,6
35481483,17,12,5
35482277,3,0,3
35482345,2,0,2
35482387,23,24,-1
35482445,1,0,1
35482456,0,0,0
35482578,52,13,39
354827,12,0,12
35483026,9,10,-1
35483994,15,0,15
35484123,2,1,1
35484814,3,2,1
35485197,27,4,23
35485368,5,1,4
35486329,1,1,0
35486812,13,4,9
35486878,8,6,2
35487052,37,34,3
35488271,16,9,7
35488704,3,1,2
35488800,2,0,2
35489170,25,8,17
35489227,1,0,1
35490716,12,3,9
35491277,15,4,11
35491728,18,3,15
35491852,9,1,8
35492101,17,2,15
35493397,30,2,28
35493676,53,6,47
3549472,34,26,8
35502518,1,0,1
3550259,13,3,10
35502729,27,9,18
35502744,14,0,14
3550283,18,2,16
35503405,12,1,11
35503643,1,0,1
35503668,32,7,25
35503828,8,1,7
35503872,10,2,8
35504020,8,3,5
35504667,14,1,13
35505557,4,1,3
35505594,14,1,13
35506760,5,1,4
35506989,1,0,1
35507663,5,0,5
35508730,13,6,7
35508777,1,0,1
35509767,2,0,2
35510180,13,9,4
35510200,0,0,0
35510465,8,0,8
35510928,6,0,6
35510961,19,7,12
35511165,4,1,3
35511672,33,9,24
35512567,6,0,6
35512729,2,1,1
35513288,9,1,8
35513684,8,3,5
35514312,19,2,17
35514895,7,2,5
35515562,13,6,7
3551562,215,98,117
35516008,1,0,1
35516272,29,4,25
35516785,13,4,9
35517038,16,0,16
35517118,21,5,16
35517226,14,4,10
35518076,32,13,19
35523896,46,16,30
35524050,10,2,8
35525546,19,3,16
35526051,1,1,0
35526059,0,0,0
3552642,104,21,83
35526670,19,9,10
35526725,37,15,22
35526871,15,4,11
35526890,1,0,1
35526993,17,6,11
35527351,4,4,0
35527456,3,1,2
35527457,8,0,8
35527677,10,1,9
35527843,20,15,5
35528666,53,14,39
35529306,39,17,22
3552939,12,3,9
35529857,9,2,7
35530590,0,1,-1
35530921,8,1,7
35531029,8,1,7
35531084,60,4,56
35531134,5,2,3
35531313,11,2,9
35531942,3,1,2
35532722,53,7,46
35533173,4,2,2
35533191,28,5,23
35533226,12,0,12
35533465,36,1,35
3553357,22,13,9
35533857,3,1,2
35534329,6,4,2
35534526,3,0,3
3553492,4,1,3
35535159,20,6,14
35535426,8,1,7
35535858,6,0,6
3553624,69,20,49
35536291,11,3,8
35536845,6,1,5
35538106,12,3,9
35538650,27,4,23
35539002,34,3,31
35539017,8,2,6
35539084,2,0,2
35539122,10,5,5
35539196,7,0,7
35539202,22,4,18
35539748,5,3,2
35539865,0,0,0
35540109,11,3,8
35540159,7,4,3
35540240,5,0,5
35540411,6,6,0
35540452,6,0,6
35540581,9,1,8
35540655,1,0,1
35540913,11,9,2
35540960,1,0,1
35541285,6,1,5
35541909,33,5,28
35541972,18,1,17
35542038,64,17,47
35542071,2,1,1
35543578,17,8,9
35543603,1,0,1
35543815,1,0,1
35544022,8,1,7
35544325,21,7,14
35544472,4,0,4
35544860,1,0,1
35544953,8,6,2
35545009,4,2,2
35545149,4,2,2
35545236,1,0,1
35545422,32,6,26
35545594,10,3,7
35551497,0,0,0
35553449,7,1,6
35553913,2,4,-2
35554072,6,0,6
35554514,4,0,4
35555588,2,0,2
35556305,4,14,-10
35556459,6,2,4
35556641,5,1,4
35556735,14,5,9
35556958,14,6,8
35557145,2,0,2
35557179,6,1,5
35557458,0,0,0
35557859,22,8,14
35557937,9,2,7
35558691,12,1,11
35558833,3,0,3
35559462,13,6,7
35559626,17,10,7
35559711,6,1,5
35560140,6,2,4
35561192,9,5,4
35561460,14,3,11
35561575,10,3,7
35561609,22,6,16
35561937,31,5,26
35561998,0,0,0
3556257,4,4,0
35562594,16,8,8
35562667,1,0,1
35562936,6,1,5
35563053,41,14,27
35563165,9,2,7
35563371,2,0,2
35563439,31,3,28
35563684,34,12,22
35563692,4,0,4
35565086,31,5,26
35565630,11,3,8
35565662,3,1,2
35565808,26,7,19
35566014,1,1,0
35567020,30,8,22
35567142,14,8,6
35567302,9,2,7
35567612,16,9,7
35568053,40,16,24
35568129,9,1,8
35568169,5,0,5
35568691,3,2,1
35568905,23,3,20
35569210,15,3,12
35569216,16,8,8
35569516,0,0,0
35569571,44,2,42
35569725,7,0,7
35571141,2,0,2
35571268,1,0,1
35571333,12,3,9
35571451,52,6,46
35571591,43,11,32
35572168,27,13,14
35572331,7,0,7
35572585,4,0,4
35572676,25,7,18
35572929,10,2,8
35573242,7,5,2
35573848,17,1,16
35573965,14,6,8
35574007,21,5,16
35574037,11,8,3
35574086,8,2,6
35574542,5,0,5
35574550,32,6,26
35574656,27,12,15
35574683,65,29,36
35574929,13,6,7
35575177,3,1,2
35575638,63,19,44
35575706,40,17,23
35575863,0,0,0
35576492,25,4,21
35576748,11,0,11
35577072,39,0,39
35577107,7,2,5
35577653,8,1,7
35577835,2,0,2
35578240,79,9,70
35578440,18,4,14
35579680,37,8,29
35579915,18,8,10
35581801,15,6,9
3558363,25,6,19
35585019,11,3,8
35585746,10,0,10
35586509,22,27,-5
3558758,15,0,15
35587684,5,2,3
35589412,1,0,1
35589855,0,0,0
35589899,27,7,20
35589958,10,3,7
35590228,2,1,1
35590669,11,1,10
3559133,64,15,49
35592025,0,0,0
35592944,17,4,13
35593017,10,9,1
35593252,12,1,11
35593253,4,4,0
35593794,5,7,-2
3559392,7,0,7
35594463,0,0,0
35594655,16,4,12
35594829,8,2,6
35595108,11,6,5
35595328,4,0,4
35595642,9,0,9
35596157,25,12,13
35596402,2,0,2
35596451,12,0,12
35596841,3,3,0
35597287,13,4,9
35597317,16,4,12
35597404,10,5,5
35597590,3,1,2
35597619,49,19,30
35597652,0,0,0
35597948,8,1,7
3559813,35,7,28
35598158,1,2,-1
35598448,13,2,11
35598592,15,6,9
35598610,3,1,2
35598711,4,8,-4
35599060,19,8,11
35600197,6,6,0
35600274,42,13,29
35600623,2,0,2
35600713,15,4,11
35600775,6,4,2
35600915,24,10,14
35601741,14,5,9
35602442,1,0,1
35602481,18,7,11
35602538,0,0,0
35602573,0,0,0
35602605,10,0,10
356027,80,38,42
35602738,9,0,9
35602777,29,4,25
35603064,6,1,5
35603330,17,3,14
35603722,14,6,8
35603959,5,2,3
356040,57,7,50
35604114,0,0,0
35604117,12,10,2
35604172,40,6,34
35605975,18,5,13
3560607,103,71,32
35606084,25,11,14
35606845,5,1,4
35606894,18,4,14
35607242,8,4,4
35607285,8,1,7
356073,194,53,141
35607398,65,18,47
35607636,4,0,4
35607646,39,5,34
35608128,20,8,12
35608387,8,5,3
35608607,23,1,22
35608648,24,4,20
35608995,5,1,4
35609073,9,0,9
35609332,10,9,1
35609406,30,6,24
35609654,4,2,2
35609889,2,0,2
3560991,8,3,5
35610255,20,5,15
35610329,8,2,6
35610348,11,5,6
35610522,18,6,12
35611519,10,2,8
35611606,11,5,6
35611644,19,10,9
3561168,91,27,64
35612275,3,0,3
35612530,8,5,3
35613031,18,19,-1
35613159,14,4,10
35613809,16,11,5
35614914,41,21,20
35616796,40,8,32
35620082,2,0,2
35621578,0,0,0
35622590,10,3,7
35625733,35,4,31
35626928,0,0,0
35626950,15,5,10
35627164,2,1,1
35627293,15,3,12
35627351,8,2,6
35627425,20,5,15
35627562,0,0,0
35628128,28,0,28
35628200,10,1,9
35628462,11,2,9
35628569,7,2,5
35629286,5,1,4
35630117,2,0,2
35631432,11,8,3
35631659,27,14,13
35632154,3,1,2
35632254,0,0,0
35633490,4,2,2
35633559,48,16,32
35633750,5,0,5
35634239,2,0,2
35634720,33,8,25
35635108,27,30,-3
35635282,2,1,1
35635452,16,4,12
35635781,25,3,22
35635891,0,0,0
35635938,31,4,27
35636083,18,11,7
35636297,51,23,28
35636561,32,11,21
35636856,14,5,9
35636887,25,16,9
35637022,0,0,0
35637024,18,15,3
35637112,35,9,26
35637508,1,0,1
35637617,12,3,9
35637927,34,10,24
35638925,13,1,12
35640050,12,20,-8
35640307,26,13,13
35640544,5,4,1
35640811,55,4,51
35641042,2,1,1
35641284,40,9,31
35641346,12,5,7
35641361,14,5,9
35642268,16,11,5
35642302,12,8,4
35642569,20,15,5
35642600,10,2,8
35642613,12,5,7
35643551,26,1,25
35643986,2,0,2
35644024,25,0,25
35644108,31,4,27
35644456,18,5,13
35644981,27,6,21
35645282,20,3,17
35645299,49,4,45
35646132,28,11,17
35646797,18,4,14
35647114,3,3,0
35648007,5,2,3
35648254,5,1,4
35648415,22,5,17
35648622,33,14,19
3564867,82,19,63
35648850,2,3,-1
35648891,66,10,56
35648955,0,0,0
35649203,5,2,3
35649484,3,0,3
35649857,11,12,-1
35649867,0,1,-1
3565047,122,26,96
35650560,13,11,2
35651161,18,20,-2
3565160,238,87,151
3565182,33,9,24
35652248,11,5,6
3565246,47,7,40
3565283,79,14,65
3565545,15,4,11
3565623,38,9,29
3565675,8,3,5
3565765,6,1,5
35657909,15,7,8
3565818,27,6,21
3565863,20,7,13
35658936,34,7,27
35659502,7,2,5
35659886,6,0,6
3566019,28,3,25
3566087,6,0,6
35661252,9,2,7
35661296,0,1,-1
3566154,14,3,11
35661979,38,20,18
35662096,19,8,11
35662145,21,9,12
35662630,4,0,4
35663442,4,2,2
35663498,17,9,8
35664230,21,1,20
35664884,45,10,35
35664913,1,0,1
35665001,14,3,11
35665037,14,8,6
35665520,6,1,5
35665534,5,13,-8
35665874,7,8,-1
35666058,5,2,3
35666192,22,9,13
35666575,28,15,13
35667577,6,1,5
35668332,7,5,2
35668479,9,2,7
35669174,10,0,10
35669907,8,5,3
35670201,15,4,11
35670844,10,4,6
35672755,35,9,26
35673341,16,3,13
35673357,23,8,15
35674721,44,10,34
35675309,10,6,4
35675746,14,2,12
35675777,15,5,10
35675785,0,0,0
35676051,0,0,0
35676444,24,12,12
35678733,14,10,4
35679182,5,3,2
35679719,19,7,12
3567999,51,13,38
35680247,3,0,3
35680317,1,0,1
35680418,10,5,5
35680493,16,3,13
35680549,19,0,19
35681010,53,11,42
35681055,7,1,6
35681171,8,2,6
35681482,7,1,6
35681704,27,3,24
35681904,48,17,31
35682973,56,17,39
35682978,13,7,6
3568323,204,50,154
35683253,67,25,42
35683353,34,18,16
35683391,5,2,3
35683474,33,13,20
35683659,59,21,38
3568412,26,6,20
35685040,14,8,6
35690955,6,0,6
35691920,1,0,1
35692924,3,0,3
35693298,0,2,-2
35693425,14,5,9
35693454,40,14,26
3569430,4,1,3
35694638,6,3,3
35695339,18,4,14
35695399,26,9,17
35696070,17,1,16
35696500,14,2,12
35696622,26,9,17
35697074,24,6,18
35697135,10,2,8
35697490,3,0,3
356978,20,3,17
35698082,16,3,13
35698111,10,6,4
35698692,50,6,44
35698737,0,0,0
35698777,11,2,9
35699016,8,0,8
35699046,26,9,17
35699308,52,13,39
35699811,13,4,9
35700086,6,2,4
35700308,21,6,15
35700593,19,3,16
35700776,17,7,10
35700935,20,12,8
35701072,2,1,1
35701239,7,1,6
35701469,24,6,18
35701543,34,14,20
35701557,15,5,10
35701775,4,0,4
35701969,11,2,9
35702101,0,3,-3
35702826,6,1,5
35702957,24,2,22
35703255,23,11,12
35703270,13,6,7
35703586,2,2,0
357036,29,20,9
35704089,49,6,43
35704209,19,2,17
35704247,6,4,2
35704768,6,0,6
35705359,4,2,2
35705508,4,1,3
35705541,12,7,5
3570578,646,234,412
35707406,11,1,10
35708396,3,0,3
35708457,23,5,18
35708637,36,12,24
35709157,1,0,1
35709370,17,8,9
35711016,17,5,12
35711951,29,10,19
35712499,1,0,1
35712646,1,0,1
35713212,24,10,14
35713488,14,0,14
35713853,11,1,10
35714474,5,5,0
35714817,18,2,16
35715080,2,5,-3
35715261,27,4,23
35715699,6,1,5
35715871,9,2,7
35716361,0,0,0
35717370,2,0,2
35717440,0,0,0
35717705,0,1,-1
35718200,11,4,7
35719717,18,5,13
35720408,1,1,0
35721012,77,16,61
35721139,2,1,1
35721600,2,0,2
35723500,13,3,10
35723539,6,0,6
35724891,6,1,5
35725858,2,0,2
35726521,21,11,10
35727331,12,5,7
35727610,0,0,0
35727841,1,0,1
35728290,7,4,3
35728496,0,0,0
35728738,11,1,10
35729154,2,0,2
35729559,2,0,2
3572982,58,19,39
35730784,22,8,14
35731332,7,3,4
35731963,18,0,18
35732020,22,8,14
3573262,44,5,39
35733278,4,0,4
35733376,8,1,7
35733885,26,5,21
35734762,10,0,10
35735264,0,0,0
35735292,10,3,7
35735349,5,0,5
35735549,3,1,2
35736097,3,1,2
35736531,4,5,-1
35737311,0,0,0
35737412,18,6,12
35737658,4,1,3
35737747,11,3,8
3573861,10,4,6
35739401,9,2,7
35739548,1,0,1
3573976,98,35,63
35739818,34,12,22
35739904,21,12,9
35739963,19,0,19
35740207,10,2,8
35740749,12,0,12
35740852,17,2,15
35740978,5,0,5
3574111,74,17,57
35741223,11,9,2
35741361,1,0,1
35741742,1,1,0
35741959,6,1,5
35741971,5,2,3
3574342,5,3,2
35743849,3,1,2
35746523,15,5,10
35746789,4,1,3
35747468,1,0,1
35747573,27,2,25
35748282,0,0,0
3574968,55,18,37
35749816,16,3,13
35749851,7,3,4
35750000,11,2,9
35750125,38,11,27
35750469,9,4,5
35750587,19,6,13
35750884,5,0,5
35751215,11,3,8
35751240,27,7,20
35752384,6,2,4
35752691,15,3,12
35753125,19,3,16
35753289,11,3,8
35753623,10,7,3
35754073,11,0,11
35755414,1,0,1
35755924,1,0,1
3575664,31,10,21
35757258,4,0,4
35757351,1,0,1
35758200,0,0,0
35758373,1,0,1
35758468,40,9,31
35758723,3,0,3
35758835,4,0,4
35759348,15,9,6
35760167,10,1,9
3576045,75,16,59
3576051,67,10,57
35760916,10,2,8
35761343,11,1,10
35761636,17,4,13
35762673,17,3,14
35762690,10,4,6
35762696,8,4,4
35762970,0,0,0
35763480,4,0,4
35763568,47,6,41
35763713,38,10,28
35763891,30,10,20
35763953,9,0,9
3576398,11,6,5
35764390,14,4,10
35764437,32,0,32
35764490,5,4,1
35765159,5,0,5
35765192,24,6,18
35765200,9,0,9
35765403,44,1,43
35765485,16,2,14
35765705,1,0,1
35765741,17,3,14
35765879,32,12,20
35765921,13,4,9
35766093,1,0,1
35766968,24,5,19
35767076,5,2,3
35767833,3,0,3
35767905,32,6,26
35768302,32,9,23
35768419,10,7,3
3577016,70,47,23
35775624,35,7,28
35775872,0,0,0
3577623,15,4,11
35776533,13,3,10
35776910,0,0,0
35777910,1,4,-3
35777999,10,2,8
35778619,0,0,0
35779516,9,3,6
35779886,3,5,-2
35780124,47,10,37
35780450,5,2,3
35780490,35,7,28
35780911,44,13,31
35780982,12,1,11
35781252,5,2,3
35782225,17,6,11
35782988,0,0,0
35783221,26,20,6
35783710,1,0,1
35784241,6,1,5
35784252,13,11,2
35784409,30,9,21
35785295,49,5,44
35785931,4,0,4
35786197,0,0,0
35786298,25,27,-2
35787067,4,0,4
35787083,0,1,-1
35787126,7,1,6
35787285,15,1,14
35787365,39,16,23
35787646,8,2,6
35787909,36,20,16
35787946,4,0,4
35787952,26,8,18
35788194,34,6,28
35788271,9,2,7
35788281,11,3,8
35788356,0,0,0
3578893,30,5,25
35789059,0,0,0
35789316,10,3,7
35789333,3,0,3
35789348,7,0,7
35789357,9,1,8
35789564,13,3,10
35789762,10,2,8
35789877,4,1,3
35791095,7,9,-2
35791626,26,2,24
35791699,5,1,4
35792123,3,2,1
35792492,51,20,31
35793017,44,11,33
35793344,11,4,7
35793884,24,5,19
35794047,4,2,2
35794299,9,7,2
3579458,72,21,51
35794849,5,2,3
35794856,13,6,7
35795613,2,0,2
35795924,13,2,11
35796068,23,12,11
3579627,72,34,38
35796382,1,0,1
35796845,14,14,0
35796890,4,2,2
35797068,2,0,2
35797295,27,2,25
35797385,14,1,13
35797712,2,1,1
35797864,3,1,2
35798247,57,1,56
35799379,13,9,4
35799450,2,1,1
35799686,18,3,15
35799711,18,7,11
35800010,13,1,12
3580035,4,0,4
35800550,3,0,3
35800587,12,6,6
35800668,3,0,3
35801650,15,2,13
35801700,10,0,10
35802256,8,0,8
3580227,150,76,74
35802489,4,1,3
35802526,47,10,37
35803240,6,0,6
35803288,12,2,10
35803437,2,0,2
3580365,161,35,126
35803815,17,1,16
35803964,24,5,19
358043,92,25,67
35804342,11,3,8
35806324,5,1,4
3580685,3,0,3
35809109,41,7,34
3580923,266,96,170
35810418,2,0,2
35811216,11,0,11
35813323,5,0,5
358141,366,145,221
35814161,5,1,4
35815380,3,0,3
35815810,17,4,13
3581653,284,62,222
35816716,21,4,17
35817172,6,17,-11
35819761,19,4,15
35819795,9,0,9
35819797,19,19,0
35820318,25,7,18
35820381,2,0,2
35820558,5,2,3
35820793,8,2,6
35820840,27,4,23
35821469,34,10,24
35821645,1,0,1
35822273,12,5,7
35822396,1,1,0
35823070,5,1,4
35823528,12,3,9
35823893,9,2,7
35824108,10,0,10
35824208,14,7,7
35825000,0,0,0
35825237,11,1,10
35825611,3,1,2
35825825,2,0,2
35825944,1,0,1
35826136,13,1,12
35826516,3,1,2
35826696,10,4,6
35827557,13,7,6
35828191,6,2,4
35828205,28,5,23
35828807,1,2,-1
35829832,10,4,6
35829920,14,1,13
35829989,2,1,1
35830004,2,1,1
35830298,12,4,8
35830388,15,4,11
3583040,60,12,48
3583082,1,1,0
35831423,4,1,3
35831797,2,0,2
35831873,14,1,13
35832179,10,5,5
35832405,97,15,82
35832531,43,12,31
35833120,19,4,15
35833392,38,5,33
35833454,9,2,7
35833604,5,3,2
35834230,5,0,5
35834274,33,9,24
35834369,36,13,23
35834814,11,2,9
35835095,7,3,4
35835340,18,4,14
35835425,68,11,57
35835882,11,0,11
35835990,5,0,5
358360,664,129,535
3583680,15,4,11
35837014,1,0,1
35837195,4,1,3
35837310,13,3,10
35837575,8,0,8
35837897,0,1,-1
35838028,8,4,4
35839195,0,0,0
35839927,2,0,2
35839996,3,0,3
35840170,47,6,41
35840431,14,5,9
35841048,8,2,6
35842628,5,2,3
35844388,4,3,1
35846964,7,2,5
35850009,19,1,18
35851365,1,1,0
3585185,11,0,11
35852635,20,6,14
35853168,17,10,7
35853611,17,3,14
35853672,6,0,6
35853678,2,2,0
35854039,13,3,10
35854117,9,2,7
35854503,4,1,3
35855013,6,1,5
35855178,8,6,2
35855649,5,0,5
35855665,18,4,14
35856959,0,1,-1
35856982,5,1,4
35857247,0,0,0
35857340,4,0,4
35857357,7,2,5
35857405,10,1,9
35857956,55,23,32
35857971,15,9,6
35858249,7,0,7
35858262,12,7,5
35858274,9,1,8
35858635,31,12,19
35858695,8,0,8
35858878,26,13,13
35858911,27,8,19
35859070,9,9,0
35859116,8,0,8
35859434,37,11,26
35859723,8,2,6
35859811,20,2,18
35860382,20,8,12
35861508,12,6,6
35861658,0,0,0
35861950,8,1,7
35862113,59,9,50
35862144,8,9,-1
35862948,1,2,-1
35863061,23,1,22
35863670,0,0,0
35864089,22,2,20
35864176,12,3,9
35864239,41,4,37
35864483,17,9,8
35864882,53,9,44
35866849,7,1,6
35866943,1,1,0
35866991,11,2,9
35867475,36,9,27
35867516,2,2,0
35867592,10,4,6
35867630,6,0,6
35867690,29,5,24
35868472,10,4,6
35868489,14,4,10
35869111,15,6,9
35869180,22,4,18
35869483,28,2,26
35870022,0,0,0
35870612,22,5,17
35870869,3,0,3
35871170,16,1,15
35871751,47,9,38
3587239,354,130,224
35872938,25,1,24
35873250,32,8,24
35873539,12,2,10
35873914,11,0,11
35874004,0,0,0
35874100,2,0,2
35874469,14,5,9
35874746,9,0,9
35874899,0,0,0
3587512,11,4,7
35875510,5,3,2
3587575,4,2,2
35876033,13,3,10
35876095,4,2,2
35876257,2,1,1
35876270,4,0,4
35876273,34,6,28
35876523,12,1,11
35876656,4,0,4
35876691,50,32,18
35877364,9,1,8
35877518,24,5,19
35877542,4,0,4
35877679,9,4,5
35877888,8,1,7
3587847,63,28,35
35879917,28,7,21
35880130,0,0,0
35880499,39,5,34
3588066,13,2,11
35883506,3,3,0
35885355,27,3,24
35885635,21,7,14
35886055,3,1,2
35886500,10,2,8
3588725,392,102,290
35887577,0,0,0
35889203,0,0,0
35889397,10,7,3
35889893,3,0,3
35890669,0,0,0
35891034,0,1,-1
35891396,5,1,4
35892032,8,3,5
35892083,13,2,11
35892222,10,3,7
35892293,29,8,21
35892410,2,2,0
35892854,12,2,10
35893398,0,2,-2
35894747,8,1,7
35895523,0,0,0
35895820,5,1,4
35896187,15,6,9
35896190,26,23,3
3589642,2,1,1
35896766,1,0,1
35896790,6,0,6
35898426,4,0,4
35898440,44,11,33
35898660,17,2,15
35899107,19,23,-4
35899425,84,30,54
35899496,5,0,5
35899601,12,12,0
35899893,12,1,11
35900097,5,0,5
35900141,3,0,3
35900575,10,4,6
35900667,41,8,33
35900788,12,3,9
35900812,7,0,7
35900829,26,7,19
35901158,5,0,5
35901990,10,0,10
35902133,13,12,1
35902162,2,0,2
3590227,50,16,34
35902816,0,0,0
35903054,19,4,15
35903171,21,5,16
35903292,10,6,4
35903306,1,0,1
35903312,0,0,0
35903447,0,0,0
35903566,2,0,2
35904260,1,0,1
35905057,20,0,20
35905295,3,0,3
3590540,48,8,40
35905540,8,1,7
35906078,0,0,0
35906355,22,8,14
35906508,2,0,2
3590702,87,5,82
35907173,10,1,9
35907187,1,0,1
35907578,3,2,1
35907626,8,2,6
35907706,5,1,4
35908713,39,4,35
35908892,5,5,0
35908904,4,1,3
35909141,10,1,9
35909424,0,0,0
35909553,0,0,0
35910165,2,3,-1
35910278,4,0,4
35910508,27,14,13
35911299,9,2,7
35911653,37,14,23
35911878,0,0,0
35912352,7,1,6
35912409,4,2,2
35912816,16,6,10
35912985,2,0,2
35913421,54,19,35
35913438,26,5,21
35916805,7,3,4
35919375,10,0,10
35920509,5,0,5
35921502,6,0,6
35923969,9,1,8
35924928,8,7,1
35925332,2,1,1
35925352,2,0,2
35925590,1,0,1
35925595,0,0,0
35925837,12,8,4
35926016,5,2,3
35926263,1,1,0
35926637,18,2,16
35926969,1,0,1
35927038,18,8,10
35927770,37,12,25
35929052,5,0,5
35929175,10,3,7
35929287,31,1,30
35930409,15,5,10
359316,396,118,278
35931819,9,1,8
35931926,5,0,5
35932580,14,5,9
35932607,27,6,21
35933085,12,1,11
35933413,18,5,13
35934258,7,1,6
35934806,7,4,3
3593485,282,68,214
35934862,50,7,43
35936121,5,3,2
35936391,24,8,16
35936850,37,8,29
35937060,27,5,22
35937240,23,13,10
35937558,8,8,0
35937671,17,6,11
35937690,2,1,1
35938047,12,5,7
35938144,13,3,10
35938856,40,16,24
35939375,6,0,6
35939666,0,0,0
35940107,22,8,14
35940155,39,12,27
35941434,0,0,0
35941752,13,3,10
35941811,20,18,2
35942282,4,2,2
35942288,2,1,1
359423,389,69,320
35942398,21,2,19
35942701,1,0,1
3594336,111,59,52
35944149,6,0,6
35944153,14,9,5
35946756,4,1,3
35947292,8,2,6
35951008,3,0,3
35952558,20,6,14
35952709,25,11,14
35953014,16,4,12
35953049,26,9,17
35953378,7,5,2
35953679,2,1,1
35953769,6,1,5
35953841,34,5,29
35954015,12,1,11
35954363,0,0,0
35954579,6,1,5
35954727,2,1,1
35955385,5,1,4
35955387,5,2,3
35955414,25,11,14
35956227,2,1,1
35957075,1,0,1
35957178,13,3,10
35957321,22,2,20
35958199,36,6,30
35958470,0,0,0
35958508,35,20,15
35959299,7,0,7
35959398,8,1,7
35959517,35,5,30
35960871,8,3,5
35961258,29,12,17
35961693,6,1,5
359619,60,11,49
35963262,5,1,4
35963410,10,1,9
35963732,12,1,11
35963811,6,1,5
35964240,15,2,13
35965002,1,0,1
35965104,5,0,5
35965511,3,0,3
35965825,54,9,45
35966513,31,11,20
35967386,18,6,12
35967621,15,3,12
35967802,3,1,2
35967821,39,8,31
35967893,0,0,0
35968072,11,9,2
35968607,3,3,0
35968675,13,2,11
35969102,23,5,18
35969181,8,9,-1
35969247,16,1,15
35969474,4,0,4
35969505,19,3,16
35970453,27,8,19
35970746,73,13,60
35970875,0,2,-2
35970905,2,0,2
35970916,1,0,1
35971044,1,1,0
35971226,1,1,0
35971342,5,3,2
35971727,18,5,13
35971848,0,0,0
35971880,5,0,5
35972402,57,7,50
35973385,16,1,15
35976313,5,1,4
35977213,26,4,22
3597927,71,23,48
35979451,27,4,23
35980117,19,4,15
35981073,0,1,-1
35981150,21,6,15
35981349,0,0,0
35981535,0,0,0
35981625,1,0,1
35981723,0,1,-1
35981915,11,1,10
35981920,28,17,11
35983047,1,0,1
35983555,51,2,49
35983663,10,2,8
35983889,22,5,17
35984194,1,0,1
35984195,47,22,25
35984249,20,7,13
35984455,19,11,8
35984790,13,2,11
35984939,23,5,18
35985533,15,3,12
35986262,0,0,0
3598713,534,120,414
35987244,33,6,27
35987361,0,1,-1
35987389,2,1,1
35988264,29,4,25
35988403,20,2,18
35988522,9,1,8
35988527,4,6,-2
35989207,1,2,-1
35989463,6,0,6
35989498,25,6,19
35990448,9,2,7
35990636,19,2,17
3599087,74,43,31
35991497,7,0,7
35991858,21,5,16
35991947,2,1,1
3599213,20,4,16
35992160,1,0,1
35992847,10,1,9
35993310,11,0,11
35993339,2,0,2
35993437,19,8,11
35993449,7,1,6
35993816,6,0,6
35993889,21,1,20
35993941,13,0,13
35994087,37,9,28
35994249,7,5,2
35994447,5,6,-1
35994552,1,0,1
35995881,7,2,5
35996025,1,0,1
35996048,4,1,3
35996095,20,2,18
35996246,29,8,21
35996490,10,0,10
35996528,11,2,9
35996546,21,8,13
35997083,7,0,7
35997095,0,0,0
35997162,2,0,2
35997242,17,5,12
35997316,17,1,16
359974,235,43,192
35997666,10,0,10
35997921,14,9,5
35998963,8,3,5
36000345,73,16,57
36000727,1,0,1
36000776,23,7,16
36001059,9,2,7
3600154,6,3,3
36005227,7,4,3
36006388,9,2,7
36006700,4,0,4
36006734,3,1,2
36007002,0,0,0
36007147,1,0,1
3601044,108,95,13
36010469,36,13,23
36010537,40,1,39
36010701,24,5,19
36010986,14,10,4
3601125,131,61,70
36012311,4,11,-7
36012609,9,6,3
36012900,9,2,7
36012902,6,1,5
36013362,3,2,1
36013693,4,0,4
36013977,15,5,10
36014620,10,6,4
36015522,28,5,23
36015603,23,4,19
36015605,0,0,0
36015763,5,1,4
36016004,4,2,2
36016412,1,0,1
36016496,8,8,0
36016716,10,3,7
36017071,33,13,20
36017249,12,5,7
36017320,13,1,12
36017599,10,3,7
36017633,9,2,7
3601794,2,4,-2
36018645,10,10,0
36019159,15,1,14
36019216,10,2,8
3601944,283,46,237
36019614,19,6,13
36020026,3,1,2
3602016,6,5,1
36020238,5,7,-2
36020405,1,0,1
36021492,48,11,37
36022200,31,3,28
36022656,28,5,23
36023145,7,2,5
36023231,7,1,6
36023881,12,0,12
36023975,5,1,4
36024124,11,2,9
36024271,0,0,0
36024659,5,4,1
36025206,0,0,0
36025480,8,2,6
36025534,4,2,2
36025536,26,2,24
36026331,15,3,12
36026403,4,0,4
36026920,0,0,0
3602711,892,202,690
36027186,13,6,7
36027292,19,5,14
36027511,32,9,23
36027520,21,4,17
36027637,6,2,4
36027822,12,14,-2
36028962,2,0,2
36029111,12,2,10
36029191,11,3,8
36029796,0,3,-3
36029872,37,16,21
36030346,7,3,4
36030496,13,2,11
36031021,0,0,0
36031030,78,19,59
36031072,21,0,21
36031099,5,0,5
3603128,26,12,14
36031377,1,0,1
36031912,15,12,3
36032298,5,3,2
36032354,21,6,15
36032499,15,1,14
36033228,44,10,34
36033257,9,2,7
36033270,5,2,3
36034135,7,0,7
36034907,0,0,0
36035081,11,2,9
36035705,50,17,33
3603651,53,19,34
36036536,8,1,7
36036757,8,2,6
36036843,4,0,4
36036859,12,3,9
36037392,1,0,1
36037463,6,4,2
36039172,7,0,7
36043979,1,3,-2
36047517,11,2,9
36047816,3,1,2
36047881,0,1,-1
36047920,6,6,0
3604810,23,5,18
36048231,9,2,7
36048249,2,2,0
36048409,2,1,1
36048449,5,1,4
36048672,0,0,0
36048769,70,10,60
36049262,10,3,7
36049316,3,2,1
36049791,4,1,3
36050497,1,0,1
36050943,3,1,2
36051177,1,1,0
36051258,3,0,3
36051551,4,1,3
36051639,22,8,14
36052075,21,1,20
36052083,8,2,6
36052159,26,11,15
36052566,29,3,26
36052954,5,1,4
36053155,0,0,0
36053179,3,2,1
36056404,14,8,6
36056502,4,3,1
36056602,19,5,14
36057097,19,6,13
36057179,18,5,13
36057579,5,1,4
36057852,2,0,2
36057856,4,0,4
36058149,27,18,9
36058361,0,0,0
36059112,8,3,5
36059340,5,1,4
36059507,60,10,50
36060457,5,0,5
36060901,1,1,0
36061150,2,0,2
36061219,22,6,16
36061431,37,9,28
36061737,11,2,9
36062880,6,2,4
36063103,3,1,2
36063286,27,2,25
36063353,5,5,0
36063967,11,2,9
36064141,1,0,1
36064472,16,8,8
36064614,8,4,4
36065255,0,0,0
36065400,76,18,58
36065846,8,1,7
36066547,15,2,13
36066631,13,11,2
36066849,19,4,15
36067018,59,21,38
36067068,4,1,3
36068196,3,1,2
36068211,4,0,4
36069213,28,7,21
36069312,12,0,12
36069470,8,5,3
36069761,0,0,0
36070719,3,1,2
36070809,16,5,11
3607089,476,139,337
36071103,3,0,3
36071115,7,0,7
36072200,8,1,7
36072593,7,0,7
36072909,13,3,10
3607299,61,34,27
36073359,2,1,1
3607343,310,136,174
3607379,0,0,0
36073791,6,2,4
3607405,117,21,96
36074151,5,0,5
36074329,3,1,2
36074781,9,1,8
36075212,15,4,11
36075252,10,2,8
36076649,2,3,-1
3607711,12,3,9
36077203,6,2,4
36081572,28,1,27
36083751,16,6,10
36085765,6,1,5
36086654,1,0,1
36088144,37,6,31
36088165,4,1,3
36088434,5,0,5
36088517,24,4,20
36088665,13,3,10
36089179,8,4,4
36089204,1,0,1
36089395,8,3,5
36089640,1,1,0
36089849,0,0,0
36090359,7,4,3
36092150,6,6,0
36092188,2,0,2
36092910,0,0,0
36093062,0,0,0
36093122,0,0,0
36093219,3,0,3
36093386,3,0,3
36093661,10,1,9
36093963,7,0,7
36093964,12,1,11
36094175,1,0,1
36094309,0,1,-1
36094763,28,6,22
36095091,39,34,5
3609565,12,9,3
36095692,20,2,18
36096359,13,7,6
36096605,6,0,6
360968,295,41,254
360969,305,41,264
36097040,3,1,2
36097052,4,2,2
36097777,0,0,0
36097780,2,0,2
36098038,13,0,13
36098508,8,0,8
36098602,13,3,10
3609913,314,58,256
36099403,74,11,63
36099557,13,7,6
36100132,32,15,17
36100686,1,0,1
36100995,23,8,15
36101081,1,0,1
36101086,1,0,1
36101846,19,3,16
36101850,6,0,6
36101878,26,16,10
36102394,2,0,2
36104251,19,6,13
36104556,70,14,56
36104775,1,1,0
36104794,20,3,17
36104818,0,4,-4
36104854,6,1,5
36105437,11,0,11
36105826,0,0,0
36105861,13,0,13
36106061,9,4,5
36106301,2,0,2
3610655,294,124,170
36107194,1,0,1
36107590,1,1,0
36108385,1,0,1
36108602,5,5,0
36110175,9,1,8
36110675,1,0,1
36110982,2,0,2
36111260,10,7,3
36111563,6,0,6
36112705,20,7,13
36112819,8,1,7
36114042,5,4,1
36115153,40,10,30
3611520,136,24,112
36115293,0,2,-2
36115360,19,11,8
36120952,0,2,-2
36121353,21,16,5
36122169,21,5,16
36122206,11,1,10
36122236,5,1,4
36122655,21,8,13
36122892,10,3,7
36124283,1,0,1
36124903,16,0,16
36125928,20,8,12
36125990,22,4,18
36126000,10,4,6
36126068,5,2,3
36126395,5,4,1
36127555,0,0,0
36127838,0,0,0
36127935,10,0,10
3612860,8,3,5
36128773,8,7,1
36129040,0,0,0
36129614,2,0,2
36129709,5,2,3
3613037,7,2,5
36130533,2,0,2
36130822,15,3,12
36130836,28,2,26
36130908,21,6,15
36131214,0,0,0
36132416,1,0,1
36133818,0,0,0
36133922,18,5,13
36134129,6,1,5
36134211,5,0,5
36134781,16,4,12
36135581,3,0,3
36136469,11,3,8
36137057,37,8,29
36137558,0,0,0
36137629,2,0,2
36137777,13,6,7
36137843,2,0,2
36137866,6,1,5
36137873,14,2,12
36137939,4,1,3
36138824,1,0,1
36138944,12,3,9
36138949,17,6,11
36139157,9,2,7
36139170,7,2,5
36139392,3,0,3
36139394,10,2,8
36140166,6,0,6
36140432,16,2,14
36141413,7,0,7
36141439,7,2,5
36141655,20,9,11
36141680,5,4,1
36141758,1,2,-1
36141846,0,0,0
36142001,2,0,2
36142244,4,0,4
36143235,7,0,7
36143539,13,0,13
36143556,6,0,6
36143791,7,0,7
36144299,0,0,0
36144371,12,1,11
36144658,36,10,26
36145100,35,3,32
36145172,15,3,12
36145175,16,5,11
36145230,4,0,4
36145348,0,0,0
36145884,11,9,2
36146759,55,25,30
36147102,20,7,13
36147163,7,0,7
36148585,39,2,37
36150222,4,0,4
36153375,20,5,15
36153799,4,0,4
361549,436,190,246
36154915,5,2,3
36156540,17,2,15
36156602,1,1,0
36157979,13,8,5
36158108,16,3,13
36158450,18,4,14
36159162,4,0,4
36159386,1,2,-1
36159704,10,4,6
36160639,21,4,17
36161345,30,9,21
36162011,12,0,12
36162124,31,6,25
36162322,5,0,5
36162621,16,7,9
36162990,12,1,11
36163428,9,2,7
36163887,9,9,0
36164103,17,16,1
36164393,25,10,15
36164645,1,0,1
36164748,15,8,7
36164859,2,0,2
36165018,9,5,4
36165183,0,0,0
36165185,7,1,6
36165241,2,0,2
36166151,4,2,2
361662,1462,330,1132
36166360,13,6,7
36166618,0,0,0
36166874,0,1,-1
36167111,1,1,0
36167210,0,0,0
36167295,4,1,3
36167903,1,0,1
36167969,11,5,6
36168325,15,5,10
36168467,0,0,0
36168979,30,5,25
36168983,31,4,27
36169035,12,5,7
36169667,9,0,9
36169773,34,18,16
36170848,13,4,9
36170856,8,5,3
36170921,8,3,5
36171391,0,0,0
36171464,5,1,4
36171549,8,0,8
36171827,52,11,41
36172335,6,2,4
36172375,0,0,0
36173046,4,1,3
36173704,2,1,1
36176002,1,1,0
36176041,6,0,6
3617628,120,39,81
36176965,22,10,12
36176983,9,2,7
36178533,0,0,0
36178919,31,10,21
36179876,0,1,-1
36180326,39,10,29
36180904,9,4,5
36185336,2,0,2
36185490,16,3,13
36187309,13,9,4
36187367,10,3,7
36188089,5,1,4
36188494,17,1,16
36189425,2,0,2
36190903,2,0,2
36191012,19,2,17
36191043,60,15,45
36191423,19,6,13
36192137,5,0,5
36192366,39,32,7
36192408,2,1,1
36192919,24,9,15
36192940,6,0,6
36193691,15,1,14
36193959,3,0,3
361944,136,15,121
36196731,32,6,26
36196860,3,0,3
36197129,3,6,-3
36198457,2,0,2
36198823,7,2,5
36198853,7,1,6
36198951,0,0,0
36199125,56,2,54
36199771,2,0,2
36199946,5,0,5
3620024,438,174,264
36201426,1,0,1
36201638,2,0,2
36201738,13,2,11
36202049,17,4,13
362026,183,39,144
36202971,1,0,1
36205280,2,0,2
36205477,29,7,22
36205751,34,6,28
36206303,8,1,7
36206528,7,3,4
36207290,10,2,8
3620794,155,56,99
36207999,8,4,4
36209114,8,3,5
36214080,20,2,18
36214951,8,3,5
3621512,155,42,113
36215757,11,0,11
36215896,10,2,8
36216442,0,0,0
36216724,6,1,5
3621702,188,44,144
36217486,11,2,9
36217920,24,3,21
36218021,20,0,20
36218849,10,0,10
36219052,1,1,0
36219395,12,3,9
36220071,23,4,19
36220417,0,0,0
36220466,3,2,1
36220486,31,5,26
36220668,5,2,3
36220683,11,1,10
36220802,2,0,2
36221501,7,0,7
36221643,5,1,4
36222242,5,1,4
36223189,52,9,43
36223665,37,7,30
36223886,22,7,15
36224071,30,2,28
36224091,2,1,1
36224592,14,3,11
36224612,8,3,5
3622576,133,31,102
36225928,1,1,0
36226135,30,8,22
36226298,11,2,9
36226725,32,14,18
36226746,7,1,6
36226868,12,8,4
36226925,12,0,12
36227194,0,2,-2
36227690,7,6,1
36229175,7,0,7
36229242,2,0,2
36229303,3,0,3
36229930,9,2,7
36230413,4,0,4
36230515,4,0,4
36230613,1,2,-1
36230709,24,2,22
36231090,5,3,2
36231131,12,3,9
36231866,2,1,1
36232438,27,5,22
36232572,5,1,4
36232943,16,5,11
3623312,166,102,64
36234012,8,0,8
36234032,2,3,-1
36234148,4,0,4
36234183,31,10,21
3623421,2,1,1
36234283,28,11,17
36234672,24,6,18
36235020,5,0,5
36235079,7,3,4
36235149,14,2,12
36235195,2,0,2
36235307,13,6,7
36235424,24,5,19
36235482,8,4,4
36235621,35,11,24
36236075,33,5,28
36236111,5,0,5
36236212,20,6,14
36236266,25,1,24
36236370,3,0,3
36236527,24,6,18
36237029,13,1,12
36237170,28,9,19
36237225,23,14,9
36237305,34,3,31
36237367,35,15,20
36237496,7,4,3
36237565,42,17,25
36238025,16,4,12
3623848,25,2,23
36240714,50,8,42
36242112,6,2,4
36244365,20,9,11
36246264,1,0,1
36246323,23,11,12
36247560,7,2,5
36249780,2,0,2
36249916,5,2,3
36250768,15,0,15
36251322,2,0,2
36252245,6,4,2
36252761,4,6,-2
36253051,3,1,2
36253132,17,10,7
36253179,24,3,21
36253180,7,0,7
36253520,4,0,4
36253609,15,2,13
36253730,11,4,7
36254005,34,12,22
36254662,10,1,9
36254914,2,0,2
36255566,0,1,-1
36255674,3,1,2
36255764,6,0,6
36256179,7,3,4
36256487,7,1,6
36256629,2,0,2
36256665,2,2,0
36256968,2,1,1
36257602,0,0,0
36257700,6,0,6
36257804,0,0,0
36258240,13,1,12
36258404,2,0,2
36258488,13,2,11
36258606,3,0,3
36259758,40,3,37
36259767,67,5,62
36259855,10,5,5
36259961,2,0,2
36259976,2,0,2
36260037,0,0,0
36260382,3,1,2
36260973,1,0,1
36261081,2,0,2
36261303,3,1,2
36262284,9,2,7
36262408,6,2,4
36263087,14,4,10
36263479,1,2,-1
36264789,10,3,7
36265126,6,6,0
36265798,10,3,7
36265806,2,0,2
36265954,2,0,2
36266919,15,3,12
36267164,3,1,2
36267318,0,0,0
36267368,21,4,17
36267395,7,2,5
36268074,8,0,8
36268187,24,2,22
36268375,4,1,3
36269258,5,0,5
36269972,6,2,4
36270568,1,0,1
36270587,10,17,-7
36270635,20,5,15
36271972,17,6,11
36272047,17,9,8
36272059,2,0,2
36272143,0,0,0
36272818,4,0,4
36272938,0,0,0
36272942,4,0,4
36273131,1,0,1
36273172,3,0,3
36273444,29,5,24
36273569,1,0,1
36273793,3,1,2
3627435,34,11,23
3627437,13,0,13
36274915,5,1,4
36275043,17,6,11
36275072,5,0,5
3627534,67,20,47
36276431,30,9,21
36276510,12,4,8
36278298,38,13,25
36280841,6,0,6
36282326,20,6,14
36284196,3,0,3
36284653,10,4,6
36287200,4,0,4
36288401,8,0,8
36288548,5,1,4
36288684,25,14,11
36289209,8,3,5
36289303,0,0,0
36289996,17,3,14
36290002,22,7,15
36290351,24,13,11
36290440,11,2,9
36292711,22,4,18
36293456,0,0,0
36293782,4,0,4
36293785,43,16,27
36294188,1,0,1
36294279,2,0,2
36294554,6,0,6
36294771,34,16,18
36294867,0,0,0
36295063,3,0,3
36295855,6,6,0
36295884,6,1,5
36295915,13,3,10
36296529,6,3,3
36296564,9,1,8
36297624,14,6,8
36297907,17,6,11
36298083,6,0,6
36298738,6,3,3
36299,244,25,219
36299025,32,10,22
36299170,2,1,1
36299265,2,0,2
36300336,2,3,-1
36300545,4,3,1
36300986,29,8,21
36301603,17,7,10
36301842,2,1,1
36301993,5,5,0
36303035,8,0,8
36303298,14,3,11
36304020,13,3,10
36304325,29,5,24
36305064,1,1,0
36305344,2,0,2
36305422,0,0,0
36305435,3,1,2
36306184,14,2,12
36306193,2,6,-4
36306334,11,6,5
36308146,0,0,0
36308707,3,0,3
36309203,36,3,33
36309499,15,2,13
36310246,2,2,0
36310275,2,0,2
36310415,0,0,0
36310508,13,2,11
36310833,13,5,8
36311330,70,6,64
36311355,75,17,58
36311744,2,3,-1
36311888,8,2,6
36313128,0,0,0
36313240,8,8,0
36313336,5,2,3
36314193,8,1,7
36314358,30,5,25
36314959,21,5,16
36315027,22,11,11
36316727,6,3,3
36322729,2,0,2
36324006,13,0,13
36326633,4,1,3
36326634,5,1,4
36326718,0,1,-1
36327633,8,2,6
36327764,15,6,9
36327872,7,1,6
3632836,182,42,140
36328666,20,6,14
36329341,25,2,23
36329438,6,3,3
36330086,4,3,1
36330510,2,1,1
36330770,3,1,2
36331445,9,4,5
36331525,36,8,28
36331689,4,0,4
36332104,6,0,6
3633220,320,46,274
36332355,3,0,3
36332882,23,19,4
36332895,1,1,0
36333276,15,5,10
36333644,3,0,3
36333850,5,3,2
36334089,7,1,6
36334168,5,2,3
36334278,2,1,1
36334301,0,0,0
36334677,7,4,3
36334738,3,1,2
36335098,0,0,0
36335650,18,9,9
36335705,22,0,22
36336049,63,14,49
36336619,2,0,2
36336963,19,6,13
36337000,9,2,7
36337982,7,0,7
36338049,2,0,2
3633892,633,206,427
36339276,4,0,4
36339462,3,3,0
3633990,19,4,15
36340031,6,0,6
36340146,13,4,9
36340438,8,4,4
36340630,15,7,8
36341390,3,0,3
36342081,2,0,2
3634244,2,1,1
36342460,38,7,31
36342516,30,17,13
36342696,4,0,4
36342840,9,9,0
36343011,5,4,1
36343070,25,13,12
36343377,6,1,5
36344042,5,3,2
36344210,5,1,4
36344746,0,0,0
36344753,23,6,17
36345430,8,1,7
36346024,18,8,10
36347610,6,1,5
36347751,12,6,6
36347849,3,3,0
3634802,152,47,105
36348390,3,0,3
36348545,9,0,9
36348556,20,4,16
36348767,0,0,0
36349651,7,3,4
36350512,4,0,4
36351199,17,8,9
36351363,5,1,4
36351695,8,2,6
36351807,6,2,4
36352606,3,0,3
36352730,7,1,6
36352769,15,2,13
3635310,32,9,23
36353244,4,1,3
36353362,3,0,3
36353471,9,1,8
36353532,54,12,42
36353791,48,19,29
3635398,90,53,37
36354115,0,0,0
36354184,17,2,15
3635794,82,20,62
36359036,4,1,3
36360312,22,1,21
36363567,8,3,5
36364178,61,9,52
36365080,13,0,13
36367098,7,3,4
36367906,4,0,4
36368451,11,4,7
36368593,18,6,12
36368609,25,9,16
36368822,2,0,2
36368969,13,4,9
36369135,1,0,1
36370082,26,6,20
36370703,5,0,5
36370706,0,0,0
36370862,8,1,7
36370884,7,1,6
36371249,3,1,2
36371402,6,1,5
36372142,12,1,11
36372874,5,0,5
36372897,48,11,37
36373368,10,3,7
36373430,27,6,21
36373525,1,0,1
36373622,5,3,2
36374451,11,8,3
36374452,3,1,2
36374741,0,0,0
36375069,32,21,11
36375703,2,1,1
36375704,2,1,1
36375783,18,2,16
36375802,12,0,12
36376073,1,2,-1
36376738,7,0,7
36376811,3,1,2
36377070,2,0,2
36377791,16,8,8
36378235,3,1,2
36378341,8,3,5
36378959,20,7,13
36379159,0,0,0
36379527,2,0,2
36379689,10,3,7
36379761,0,0,0
36380734,0,0,0
36380812,14,9,5
36380962,47,9,38
36381088,17,5,12
36381095,16,2,14
36381101,22,5,17
36381120,4,4,0
36381265,3,2,1
36381295,5,3,2
36381823,29,10,19
36381892,11,3,8
36381978,16,3,13
36382168,1,1,0
36382549,9,1,8
3638415,2,0,2
36384725,54,11,43
36385476,4,1,3
36385688,6,3,3
36385893,1,0,1
36386277,3,0,3
36386641,11,2,9
36387261,47,18,29
36387330,26,0,26
36387667,1,4,-3
36387855,5,1,4
36388220,10,3,7
36388295,20,0,20
36388364,9,2,7
36388634,3,1,2
36388669,2,1,1
36388944,0,0,0
36388955,9,1,8
36389013,6,4,2
36389419,22,8,14
36389486,14,1,13
36389497,38,12,26
36389503,16,5,11
36389510,0,0,0
36389775,10,0,10
3638986,144,65,79
36390117,0,0,0
36390905,4,1,3
36391397,10,1,9
36392037,2,0,2
36392246,17,3,14
36392427,26,11,15
36396972,11,3,8
36398122,10,4,6
3639824,87,20,67
36400838,0,0,0
36400841,9,2,7
36401591,5,0,5
364017,150,36,114
36402421,2,0,2
36403103,7,6,1
36403241,6,0,6
36403683,9,2,7
36404832,13,1,12
36404872,4,1,3
36404886,2,2,0
36404933,3,2,1
36406524,0,0,0
36406784,2,0,2
36407474,5,0,5
3640753,199,82,117
36408636,0,0,0
36408640,4,2,2
36409648,2,4,-2
36409790,23,11,12
36409821,6,3,3
36410184,18,2,16
36410324,18,8,10
36410502,8,8,0
36411735,25,13,12
36412946,5,2,3
36413724,17,4,13
36413730,8,7,1
36414213,13,4,9
36414322,16,8,8
36414572,10,3,7
36414820,4,1,3
36415514,9,4,5
36415648,18,6,12
36416063,6,1,5
36417080,1,0,1
36417509,5,0,5
36417668,23,14,9
36417907,32,2,30
36418219,11,1,10
36419013,28,9,19
36419826,12,0,12
36419977,28,4,24
36420100,1,0,1
36420356,7,2,5
36421530,4,0,4
36421901,10,0,10
36422035,1,1,0
36422198,6,2,4
36422312,4,0,4
36422665,17,4,13
36423419,18,4,14
36424441,16,3,13
36424472,3,1,2
36426876,2,0,2
36427004,13,6,7
36431409,25,15,10
36431686,15,6,9
36432301,11,1,10
36432311,25,5,20
36432497,4,0,4
3643250,285,116,169
36433229,13,7,6
36433257,14,7,7
36433290,5,2,3
36433402,2,2,0
36435504,18,5,13
36435671,11,3,8
36436597,6,2,4
36436628,13,2,11
36436773,2,1,1
36436800,0,0,0
36436959,12,6,6
36436983,8,2,6
36437057,9,1,8
3643717,41,20,21
36437184,10,3,7
36437590,19,3,16
36437724,1,0,1
36437847,39,6,33
36438452,3,3,0
36438483,8,1,7
36438780,1,0,1
36438817,12,6,6
36438901,11,2,9
36439321,9,0,9
36439589,29,9,20
36441806,7,4,3
36442092,0,0,0
36442381,3,0,3
36442658,3,1,2
36443177,9,1,8
36444249,16,1,15
36444697,28,7,21
36445012,10,0,10
36445273,35,9,26
36445586,4,2,2
36445850,24,4,20
36446046,33,18,15
36446381,20,10,10
36446431,40,27,13
36446762,10,1,9
36447073,10,5,5
36447554,0,0,0
36447625,14,2,12
36447993,31,17,14
36448123,34,9,25
36448176,11,4,7
36448233,20,14,6
36448329,31,21,10
36448692,13,3,10
36448984,0,0,0
36449178,4,2,2
36449494,34,9,25
3644961,105,13,92
36449872,37,7,30
36450642,4,1,3
36451414,10,0,10
36451499,39,14,25
36451917,3,0,3
36452000,2,1,1
36452796,2,5,-3
3645778,538,255,283
36458651,1,0,1
36458825,0,0,0
36461528,24,3,21
36462174,11,3,8
36462517,21,9,12
36463473,9,1,8
36463900,12,3,9
36464082,16,2,14
36464140,1,0,1
36464465,2,3,-1
36464537,21,6,15
36464780,17,2,15
36464925,1,1,0
36465453,0,0,0
36465819,3,0,3
36465917,0,2,-2
36466084,2,1,1
36466246,0,0,0
36466620,21,5,16
36466953,1,1,0
36467239,11,2,9
36467648,8,1,7
36468074,3,6,-3
36469163,0,0,0
36470581,16,5,11
36471394,1,0,1
36472037,6,0,6
36472114,4,2,2
36472721,82,33,49
36472973,9,3,6
36473090,14,4,10
36473174,7,1,6
36474982,25,11,14
36475296,1,0,1
36475485,12,4,8
36475623,1,0,1
36476159,9,4,5
36476689,5,1,4
36478171,2,3,-1
36478206,17,4,13
3647901,37,4,33
36479303,4,2,2
36479699,0,0,0
36479747,5,0,5
36479752,14,5,9
36479946,29,11,18
36480302,29,14,15
36480553,2,0,2
36480792,13,2,11
36481092,8,2,6
36481273,30,4,26
36481504,6,3,3
36481938,14,3,11
36482038,3,1,2
36482220,9,1,8
36482326,6,1,5
36482693,0,0,0
36483316,33,17,16
36483849,1,0,1
36484318,4,1,3
36484530,15,3,12
36485173,6,0,6
36485745,5,0,5
36486165,9,3,6
36486712,11,5,6
3648796,52,8,44
36489385,23,8,15
36489648,19,8,11
36491968,15,6,9
3649304,0,0,0
3649532,0,0,0
36495517,11,1,10
36496478,1,1,0
36497268,20,6,14
36497457,28,4,24
36497524,27,3,24
36497901,2,0,2
36497995,4,1,3
36498616,7,8,-1
36499210,6,0,6
36499373,6,8,-2
36499664,5,1,4
36500079,11,9,2
36500446,16,3,13
36501046,1,0,1
36501270,7,1,6
36502147,2,0,2
36502322,21,4,17
36503818,1,1,0
36504060,1,0,1
36504187,1,1,0
36504284,9,3,6
36505127,10,3,7
36505427,23,7,16
36506391,27,6,21
36506711,24,16,8
365069,237,123,114
36507720,0,0,0
36508147,6,2,4
36508275,5,1,4
36508526,28,4,24
36509412,29,6,23
36509582,3,2,1
36509688,3,0,3
36509737,1,1,0
36509850,3,1,2
36509960,49,18,31
36510704,12,1,11
36511353,36,2,34
36511403,16,1,15
36511631,9,3,6
36511874,4,0,4
36512363,1,1,0
36512393,0,0,0
36512502,17,5,12
36512615,2,2,0
36512693,0,0,0
36512875,3,2,1
36513964,5,4,1
36515148,4,3,1
36515157,6,3,3
36515265,16,1,15
36515310,9,3,6
36515326,5,0,5
36515432,9,1,8
36516602,8,2,6
36517001,8,3,5
36517256,2,0,2
36517474,18,2,16
36517603,20,2,18
36517686,26,0,26
36517730,18,3,15
36517929,8,0,8
36518057,24,7,17
36518746,17,6,11
36518834,13,4,9
36518899,32,6,26
36518982,5,2,3
36519239,14,6,8
36520377,12,0,12
36520389,11,3,8
36521011,1,5,-4
36521246,7,1,6
36521388,32,8,24
36522644,10,0,10
36523122,2,0,2
36523209,13,6,7
36523409,10,6,4
36523615,16,5,11
36523825,3,0,3
36523827,20,2,18
36523966,9,3,6
36524155,19,5,14
36524156,6,2,4
36524346,28,5,23
36524529,9,3,6
36524577,18,1,17
36530230,1,1,0
36530563,3,1,2
3653242,155,11,144
36534595,3,1,2
3653613,62,14,48
3653641,144,31,113
36536663,3,2,1
36537219,9,6,3
36537279,21,9,12
36537302,30,7,23
36537383,1,1,0
36537552,16,5,11
36538274,3,1,2
36538787,11,3,8
36539020,29,9,20
36539150,1,0,1
36539182,31,8,23
36539298,5,4,1
3653941,3,2,1
36540583,4,1,3
36540711,17,1,16
36540814,50,8,42
36540912,21,2,19
36540926,21,10,11
36540983,5,1,4
36541010,4,1,3
36541313,4,1,3
36541728,2,0,2
36541809,6,1,5
36542032,32,27,5
36542351,7,5,2
36542387,2,0,2
36542603,23,6,17
36542851,2,1,1
36543056,3,1,2
36543322,3,2,1
36543458,15,8,7
3654351,26,15,11
36543625,0,0,0
3654381,36,21,15
36543992,8,4,4
36544112,9,1,8
36544227,9,1,8
36544331,4,1,3
36544488,19,5,14
36544978,5,1,4
36545073,22,4,18
36545569,16,1,15
3654578,78,21,57
36545802,8,3,5
36545982,3,4,-1
36546320,45,14,31
36546604,3,0,3
3654669,94,19,75
36547190,21,7,14
36548126,14,7,7
36549221,18,12,6
36549247,11,5,6
36549266,11,1,10
36549373,6,0,6
36549782,15,6,9
36550187,43,15,28
36550237,2,0,2
36550549,6,4,2
3655089,92,17,75
36551069,6,1,5
36551834,23,13,10
36552020,0,0,0
36552072,14,5,9
36552504,4,1,3
36552529,12,2,10
36553050,1,4,-3
36553255,5,0,5
36553584,2,0,2
36554400,0,0,0
36554401,4,1,3
36554973,1,0,1
36555203,4,1,3
36555412,8,0,8
36555424,33,8,25
36555444,7,2,5
36556312,15,1,14
36557158,4,1,3
36557265,7,2,5
36557758,3,1,2
36558332,6,1,5
36558839,2,0,2
36559317,50,20,30
36559843,9,1,8
36560427,7,3,4
36560600,5,1,4
36560872,6,0,6
36560896,6,1,5
36561109,6,0,6
36561725,15,6,9
36562015,4,0,4
36563519,4,1,3
36563692,2,0,2
36563696,1,1,0
36563710,2,0,2
36563713,2,0,2
36565225,6,1,5
36565454,4,1,3
36567738,43,14,29
36567802,7,6,1
36571490,2,0,2
36575753,10,3,7
36577473,47,5,42
36578082,8,3,5
36578529,23,2,21
36578734,1,0,1
36578792,5,0,5
36578854,4,0,4
36580090,11,3,8
36580697,7,4,3
36580723,3,0,3
3658078,175,69,106
36580824,18,1,17
36581005,13,6,7
36581199,99,19,80
36581586,4,2,2
36581805,5,1,4
36582539,1,2,-1
36582681,39,7,32
36582795,1,0,1
36582800,5,0,5
36583624,14,4,10
36584174,2,4,-2
36584750,12,4,8
3658484,155,74,81
36584918,9,1,8
36585255,24,0,24
3658541,4,0,4
36585723,2,0,2
36585805,6,0,6
36586034,3,1,2
36586331,7,5,2
3658653,499,62,437
36586735,6,1,5
36586837,5,2,3
36587783,7,2,5
36589243,7,0,7
36589286,5,2,3
36589425,30,5,25
3659087,92,40,52
36590980,9,3,6
36591063,16,3,13
36591553,8,6,2
36591730,5,1,4
36592468,7,4,3
36592844,42,13,29
36592996,6,1,5
365933,740,233,507
36593404,2,0,2
36594307,21,0,21
36594503,39,15,24
36594510,64,27,37
36594608,0,1,-1
36594696,23,1,22
36595006,7,0,7
36595281,6,1,5
36595379,38,12,26
36595776,58,6,52
36595956,7,3,4
36596097,23,3,20
36596768,7,1,6
36597272,4,1,3
36597357,13,10,3
36598669,10,2,8
36598958,5,1,4
36598988,3,2,1
36599559,18,3,15
36599590,6,0,6
36599671,23,1,22
36600491,0,0,0
36601022,3,0,3
36601085,0,0,0
36601417,11,2,9
36601544,2,7,-5
36601879,21,4,17
36602758,4,5,-1
3660719,91,34,57
36610970,9,7,2
36611305,4,1,3
36612824,18,4,14
36613063,6,3,3
36614504,5,0,5
36614709,3,0,3
3661508,13,7,6
36615357,32,4,28
36615691,1,0,1
3661596,15,7,8
36616427,22,3,19
36616555,6,0,6
36616732,8,1,7
36616863,10,5,5
36617075,8,3,5
36618088,24,2,22
36618205,9,0,9
36618215,4,1,3
36618483,15,1,14
3661854,5,3,2
36618709,11,1,10
36618793,7,2,5
36618946,29,2,27
36619437,0,0,0
36619696,4,0,4
36619748,9,1,8
36619957,3,0,3
36619972,1,0,1
3662023,7,3,4
36620416,23,9,14
36621359,1,0,1
36621375,1,1,0
36621443,18,4,14
36621446,37,5,32
36622052,0,0,0
36622065,17,5,12
36622164,6,2,4
36623136,0,0,0
36623400,11,0,11
36623714,6,5,1
36624028,14,10,4
36624600,0,0,0
36625177,20,6,14
36625964,14,3,11
36626358,1,0,1
36626428,0,2,-2
36628272,3,1,2
36628617,3,0,3
36628929,5,0,5
36630014,6,2,4
36630167,24,5,19
36630171,9,0,9
36630763,12,7,5
36631500,7,0,7
36631790,10,2,8
36632015,19,10,9
36632488,4,2,2
36633291,21,1,20
36633352,4,0,4
36633522,21,11,10
36633764,11,1,10
36634244,11,0,11
36634473,5,1,4
36634575,3,2,1
36635483,2,2,0
36636676,0,0,0
3663755,81,49,32
36637792,26,6,20
36638100,3,3,0
36638322,22,6,16
36639018,8,1,7
3664292,64,18,46
36643923,10,0,10
36644059,4,6,-2
366450,301,116,185
36647606,6,1,5
3664786,324,106,218
36649984,5,1,4
36650081,50,13,37
36651768,24,19,5
36651867,1,0,1
36652521,1,0,1
36652695,3,0,3
36652716,1,0,1
36653620,8,1,7
36654921,4,1,3
36655109,14,3,11
36655354,17,2,15
36655607,21,4,17
36655942,2,1,1
36656222,1,0,1
36656311,16,2,14
36656441,12,3,9
36657089,4,1,3
36657109,19,9,10
36657392,2,0,2
36657521,11,6,5
36657785,5,1,4
36658369,5,7,-2
36658383,86,14,72
36658461,0,0,0
36659632,0,0,0
36659648,16,3,13
36660,1384,270,1114
36660023,9,2,7
36660587,2,0,2
36660673,11,6,5
36660818,3,0,3
36661151,6,3,3
36661315,0,0,0
36661974,8,1,7
36662011,11,0,11
36662274,12,11,1
36663103,32,31,1
36664928,25,6,19
3666520,183,42,141
36666888,46,18,28
36667658,0,0,0
36667803,4,14,-10
36667977,30,5,25
36668040,15,3,12
36668100,2,0,2
36669901,15,3,12
36670901,0,0,0
36670929,0,0,0
36670952,0,0,0
36670954,2,1,1
36671036,0,0,0
36671313,1,3,-2
36672029,3,0,3
36672988,29,10,19
36673844,12,5,7
36674438,0,0,0
36678084,2,0,2
36679341,0,0,0
36680484,16,13,3
36681741,11,0,11
36685411,15,0,15
36685679,11,6,5
36686355,12,2,10
36686472,6,0,6
36686679,7,0,7
36686684,18,1,17
36686710,2,0,2
36686724,5,4,1
36686823,3,4,-1
36687082,5,1,4
36687856,4,1,3
36688195,0,0,0
36688621,1,0,1
36689025,0,0,0
36689408,20,13,7
36689476,2,0,2
36689666,3,2,1
36690046,19,2,17
36690208,1,1,0
36691021,1,0,1
36691959,0,1,-1
36692240,3,0,3
36692812,1,1,0
36693493,21,7,14
36693893,17,3,14
36694151,0,0,0
36694367,4,0,4
36695422,1,0,1
36696240,3,1,2
36696245,22,4,18
36697216,50,5,45
36697806,16,2,14
36697914,7,0,7
36698077,4,3,1
36698599,19,12,7
36698870,2,1,1
36698991,15,2,13
36699552,4,2,2
36699666,1,0,1
36700046,6,0,6
36703711,0,0,0
36704582,29,2,27
36708354,11,6,5
36709899,3,0,3
36710362,8,2,6
36711171,2,1,1
36711528,5,1,4
36711560,11,3,8
36712052,22,7,15
3671248,172,80,92
36712671,20,6,14
3671306,25,13,12
36713420,5,0,5
36714331,7,0,7
36714543,6,2,4
36714622,8,2,6
36714639,4,1,3
36714892,4,0,4
36715210,10,5,5
36715283,4,0,4
36716453,11,3,8
36716601,0,0,0
36716975,4,1,3
36716980,2,0,2
36717023,7,0,7
36717262,1,0,1
367175,23,7,16
36717567,0,0,0
367181,82,37,45
36718235,17,5,12
36718410,0,0,0
36718588,10,2,8
36719244,23,7,16
36719596,16,6,10
36720010,4,2,2
36720542,1,2,-1
367207,267,91,176
36721876,27,10,17
36721915,0,0,0
36722077,8,2,6
36722632,6,1,5
36723927,3,0,3
36723962,12,3,9
36724224,2,2,0
36724264,12,3,9
36724311,2,0,2
36724997,16,5,11
36725602,24,8,16
36726671,0,0,0
36727178,38,13,25
36727615,7,2,5
36728184,8,3,5
36728252,5,1,4
36728722,4,2,2
36728769,9,10,-1
36728912,35,8,27
36729401,20,15,5
36730064,11,7,4
36730137,5,1,4
36730420,11,5,6
36730516,29,4,25
36730564,5,0,5
36730654,6,1,5
3673139,130,41,89
36731449,2,0,2
36731453,21,5,16
36734828,2,1,1
36735521,8,1,7
36736214,19,14,5
36737128,2,1,1
36741623,12,1,11
36741761,4,0,4
36743836,0,0,0
36745383,2,0,2
36745646,55,18,37
36746093,42,10,32
36747121,14,4,10
36748008,14,5,9
36748410,14,2,12
36748564,17,16,1
36748694,6,2,4
36748701,7,5,2
36748832,3,1,2
36749442,10,2,8
36749448,17,7,10
36749458,7,3,4
36749567,11,4,7
36750006,3,0,3
36750113,3,1,2
36750211,9,4,5
36750406,18,3,15
36750552,22,3,19
36750583,6,0,6
36750776,11,1,10
36751651,13,1,12
36751770,38,16,22
36751890,1,0,1
36752060,6,2,4
36752648,3,0,3
36752979,13,4,9
36753022,6,7,-1
36753113,16,3,13
36753314,2,1,1
36753799,17,4,13
36753866,2,0,2
36754033,5,2,3
36754846,5,0,5
36755023,52,9,43
36755216,10,1,9
36755365,6,2,4
36756071,9,4,5
36756194,31,5,26
36756234,0,1,-1
36756466,7,0,7
36756549,1,0,1
36757216,1,1,0
36757390,0,0,0
36757606,21,5,16
36758528,6,4,2
36758586,21,6,15
36759106,0,2,-2
36759501,5,2,3
36760110,6,2,4
36760355,3,1,2
36760367,11,1,10
36760379,17,7,10
3676122,11,1,10
36761421,3,1,2
36761663,0,0,0
36761884,33,4,29
36761999,5,0,5
36763005,8,1,7
36763316,4,1,3
36763425,2,2,0
36763476,2,0,2
36763595,20,6,14
36764005,34,12,22
36764062,19,4,15
36764100,17,2,15
36764239,23,4,19
36764552,1,0,1
36764580,1,0,1
36764603,12,5,7
36764614,4,0,4
36764639,56,13,43
36764790,46,19,27
36764901,5,1,4
36765090,2,0,2
36765285,4,1,3
36765345,4,2,2
36765508,18,2,16
36765636,6,0,6
36765653,10,2,8
36765901,4,0,4
36766569,9,1,8
36766993,12,1,11
36767326,6,4,2
36767356,6,0,6
36767426,32,0,32
36767690,3,1,2
36767745,1,0,1
36768466,16,4,12
3676876,12,2,10
36769623,2,3,-1
36769657,8,0,8
36769754,27,9,18
3677138,257,130,127
36771916,12,0,12
36772045,4,3,1
3677221,9,2,7
3677275,5,1,4
36774339,2,0,2
36776748,5,1,4
36778174,28,17,11
36778825,42,14,28
36779887,7,3,4
36779935,18,13,5
3678000,0,0,0
36780096,5,5,0
36780247,0,2,-2
36780690,2,0,2
36780982,0,0,0
36781428,9,0,9
36782743,9,2,7
36782951,19,2,17
36783619,9,6,3
36784062,1,0,1
36784131,33,5,28
36784147,1,0,1
36784207,13,8,5
36784641,3,0,3
36784683,8,3,5
36784727,35,16,19
36784823,19,5,14
36784849,29,9,20
36785082,2,1,1
36785172,23,13,10
36785474,0,0,0
36785752,30,9,21
36786072,4,1,3
36786120,14,8,6
36786880,6,1,5
36786980,33,12,21
36787041,3,0,3
36787417,2,1,1
36787564,5,1,4
36787758,4,0,4
36787920,4,0,4
36789057,19,2,17
36789516,5,1,4
36789542,15,7,8
36789718,4,1,3
36790136,17,7,10
36790288,5,1,4
36790648,2,0,2
36790798,2,1,1
36791193,0,0,0
36791575,1,1,0
36791718,17,5,12
36791775,46,18,28
36791850,0,0,0
36792892,17,5,12
36793584,25,17,8
36794453,14,5,9
36795072,5,1,4
36795511,2,0,2
36796107,1,0,1
36796436,11,10,1
36796593,6,0,6
36796710,4,0,4
36797127,8,1,7
36797471,9,0,9
367977,59,36,23
36797847,4,1,3
3679882,318,85,233
36798948,15,4,11
36799347,46,11,35
36799710,22,9,13
36800200,0,0,0
36801174,16,9,7
36801413,2,0,2
3680243,8,1,7
36802654,32,13,19
36802801,5,2,3
36802939,3,0,3
36803007,9,7,2
36803779,4,2,2
36804226,0,0,0
36804547,0,0,0
36804573,9,7,2
36804870,0,0,0
36804956,17,2,15
36805035,2,0,2
36805236,2,0,2
36805552,3,1,2
36805740,0,0,0
36806106,0,0,0
36807229,10,4,6
36807696,7,1,6
36808076,5,0,5
36814682,4,8,-4
36815723,26,5,21
36816195,11,7,4
36817259,6,0,6
36818078,0,2,-2
36818194,2,0,2
36818795,21,2,19
36819243,1,0,1
36819618,6,0,6
3681969,70,28,42
36819913,4,0,4
36820684,11,3,8
36821144,12,4,8
36821166,18,2,16
36821690,16,2,14
3682210,146,55,91
36822120,43,14,29
36822733,11,2,9
36822858,3,0,3
36822908,0,0,0
3682318,85,28,57
36823283,12,1,11
36823426,8,2,6
36823730,1,0,1
36824445,74,8,66
36824591,9,2,7
36824737,13,4,9
36825326,5,1,4
36825881,13,1,12
36826128,4,0,4
36826133,39,4,35
36826262,52,5,47
36826441,0,0,0
36826475,6,3,3
36826977,16,3,13
36827676,29,12,17
36827818,16,12,4
36828301,3,1,2
36829005,8,1,7
36829755,7,2,5
3683020,66,28,38
36830645,38,3,35
36831560,1,1,0
3683160,64,22,42
36831754,17,2,15
36832661,5,2,3
36832853,3,1,2
36832861,6,2,4
36833252,12,5,7
36833517,5,0,5
36833577,45,5,40
36834568,36,10,26
36834608,3,0,3
36834852,4,1,3
3683510,41,13,28
3683526,34,19,15
36835642,14,1,13
36835808,19,3,16
36836008,7,3,4
36836019,17,0,17
36836645,19,5,14
36837011,16,1,15
36837338,1,0,1
36837350,4,3,1
36837646,0,0,0
36837739,26,6,20
36838022,9,0,9
36838310,3,1,2
36838965,13,2,11
36839042,5,1,4
36839268,0,0,0
36839422,11,4,7
36839876,5,1,4
36840198,14,3,11
36840346,0,0,0
36840543,18,7,11
36840871,0,0,0
36840874,1,0,1
36841217,10,0,10
36841372,15,2,13
36841819,7,5,2
36841888,3,3,0
36842235,1,0,1
36842634,14,2,12
36842752,42,10,32
36842875,24,8,16
36843401,0,0,0
36843664,2,0,2
36843829,7,2,5
36844031,19,4,15
36844042,1,0,1
36844391,3,1,2
36844886,0,1,-1
36844897,28,4,24
36844979,19,6,13
3684519,55,21,34
36845963,4,2,2
3684620,156,58,98
36846338,26,7,19
3685213,23,15,8
36853035,26,10,16
36853820,26,13,13
36854727,21,5,16
36854733,5,1,4
36856149,4,4,0
36857820,32,5,27
36858542,7,0,7
36858823,11,4,7
36859229,14,4,10
36859285,1,0,1
36860566,0,1,-1
36860738,61,10,51
3686078,31,10,21
36860982,3,5,-2
36861123,8,1,7
36861326,5,0,5
36861466,7,2,5
36861565,26,5,21
36861751,2,2,0
36861875,35,6,29
36861954,12,10,2
36862080,4,0,4
36862239,24,8,16
36862610,0,0,0
36862835,14,6,8
36862920,11,3,8
36864100,9,4,5
36864281,18,16,2
36864954,3,0,3
36865180,6,1,5
36865740,45,30,15
36866005,20,4,16
36866166,11,6,5
36866449,5,2,3
36866975,3,2,1
36867071,23,15,8
36867555,2,5,-3
36867667,2,0,2
36867674,0,0,0
36868053,11,1,10
36868194,41,17,24
36868425,5,2,3
36868433,24,10,14
36868725,0,1,-1
36868817,6,0,6
36868901,0,0,0
36869732,5,0,5
36869812,5,4,1
36869817,0,0,0
36870716,12,4,8
36870732,41,13,28
36870871,6,1,5
36870888,1,0,1
36871036,3,1,2
36871079,4,1,3
36871760,0,0,0
36872110,23,7,16
36872238,9,2,7
36872461,3,2,1
36872541,1,0,1
36872581,18,1,17
36872930,3,2,1
36873153,7,3,4
36873448,15,0,15
36873562,1,2,-1
36874525,24,6,18
36875071,11,0,11
3687523,461,90,371
36875823,2,5,-3
36875827,0,0,0
36875974,4,0,4
36876111,48,24,24
36876421,16,5,11
36876670,31,7,24
36876783,7,2,5
36876991,7,3,4
36877467,18,1,17
36877565,16,3,13
36877803,1,0,1
36878122,33,12,21
36878139,4,1,3
36878239,2,0,2
36878570,7,2,5
36878887,1,0,1
36878917,21,10,11
36879096,23,5,18
36879419,17,10,7
36879525,11,7,4
36879572,10,2,8
36879704,17,3,14
36879906,52,13,39
36879968,14,8,6
36880170,6,3,3
36880300,22,4,18
36880347,23,2,21
36880363,25,18,7
36880393,12,0,12
36880664,18,3,15
36880669,9,2,7
36881055,2,0,2
36881643,9,5,4
36881800,10,3,7
36882386,2,0,2
36882748,3,0,3
36882892,20,10,10
36883524,12,7,5
36884408,41,9,32
36884576,9,4,5
36884782,13,4,9
36887119,1,0,1
36889874,12,0,12
36890155,6,0,6
36890424,14,2,12
3689192,109,34,75
36892698,4,0,4
36893769,1,0,1
3689458,8,3,5
36894614,1,0,1
3689527,92,28,64
36895473,13,3,10
36896314,12,1,11
36896427,10,6,4
36896724,20,9,11
36897406,0,0,0
36897478,0,2,-2
36897818,30,5,25
36898118,15,9,6
36899358,17,4,13
36899654,9,2,7
36899869,15,7,8
36900610,2,0,2
36900826,17,3,14
36901288,7,0,7
36901478,1,0,1
36901881,5,0,5
36902281,32,11,21
36902317,3,0,3
36902408,10,4,6
36902642,3,5,-2
36902778,12,1,11
369034,687,538,149
36903623,22,10,12
36903835,17,5,12
36903866,9,6,3
36904055,5,0,5
36904389,13,3,10
36904490,7,2,5
36905020,6,2,4
36905216,8,1,7
36905315,26,7,19
36905377,12,2,10
36905486,14,5,9
36905529,1,0,1
36905824,1,0,1
36906206,1,0,1
36906225,0,0,0
36906514,8,1,7
36906564,5,1,4
36906695,2,0,2
36906911,49,8,41
36908359,19,8,11
3690839,26,9,17
36908522,6,8,-2
36908714,0,1,-1
36908945,16,0,16
36908971,10,2,8
36909468,2,2,0
36909871,10,4,6
36909972,11,0,11
36909996,5,2,3
36910107,2,0,2
36910397,20,5,15
36911100,11,3,8
36911329,4,0,4
36912469,8,2,6
3691353,65,33,32
36914000,8,3,5
36914699,18,10,8
36914727,8,0,8
36914938,36,13,23
36915073,21,2,19
36920016,2,1,1
36922626,2,0,2
36923651,1,0,1
3692548,37,22,15
36925678,28,12,16
36925859,19,4,15
36926405,0,0,0
36927824,34,6,28
36929194,8,3,5
36929572,13,6,7
3692965,663,161,502
36930173,9,4,5
36930432,12,0,12
36930580,1,2,-1
36931056,6,4,2
36931469,28,7,21
36932077,26,10,16
36932105,1,0,1
36932693,5,2,3
36934322,4,0,4
36934623,12,6,6
36934654,0,0,0
36934665,1,0,1
36934779,19,2,17
36935068,14,5,9
36935735,8,0,8
36935746,20,1,19
36935953,12,4,8
36936480,1,1,0
36936543,10,4,6
36937354,25,6,19
36937364,7,13,-6
36938027,2,0,2
369383,275,107,168
36938325,2,2,0
36938667,34,5,29
36939469,0,0,0
36940077,10,3,7
36940462,34,12,22
36940891,0,0,0
36941210,21,3,18
36941510,11,3,8
36942349,8,2,6
36942610,11,2,9
36942974,4,1,3
36943069,17,2,15
36943362,15,7,8
36943706,57,17,40
36944302,5,7,-2
36945679,24,17,7
36951309,0,0,0
36951538,10,3,7
36953617,20,10,10
36953842,16,3,13
36953976,19,5,14
36954892,3,1,2
36956758,5,2,3
36957129,7,2,5
36957513,18,1,17
36957915,0,1,-1
36958343,8,1,7
36959229,44,19,25
36959333,11,1,10
36959617,0,0,0
36959699,14,3,11
36959817,10,3,7
36960727,4,0,4
3696108,203,49,154
36961250,5,3,2
36961261,3,0,3
36961767,7,2,5
36961950,10,3,7
36962470,17,3,14
36962572,8,2,6
36963087,3,3,0
36963431,3,1,2
36963531,15,8,7
36964039,0,0,0
36964121,11,1,10
36964179,5,1,4
36964647,2,1,1
36964821,34,13,21
36965305,7,2,5
36965549,3,0,3
36966314,6,1,5
36966436,5,0,5
36967371,24,9,15
36967616,8,4,4
36967618,9,0,9
36967986,15,1,14
36968027,7,1,6
36968338,0,0,0
36968707,8,0,8
36969056,12,4,8
36969487,15,14,1
36970101,9,0,9
36970111,10,2,8
3697017,9,1,8
36970605,21,14,7
36971383,4,0,4
36971507,2,0,2
36971531,17,6,11
36973057,15,2,13
36973585,0,0,0
3697446,269,112,157
36974515,6,1,5
3697508,123,34,89
36975256,13,1,12
36975826,17,5,12
36975874,18,8,10
36976181,15,5,10
36976867,5,2,3
36977136,2,0,2
36977348,0,0,0
3698133,88,16,72
36986,150,64,86
3698821,104,23,81
36988975,5,1,4
36989462,3,1,2
36989796,10,4,6
36990442,18,0,18
36990486,9,1,8
36991144,21,1,20
36991218,3,1,2
36991235,11,2,9
36991718,3,0,3
36992036,5,1,4
36992142,29,6,23
36992406,0,0,0
36992579,1,0,1
36992703,16,4,12
36993047,7,5,2
36993490,2,0,2
36993690,2,0,2
36993814,15,3,12
36994268,8,2,6
36994276,8,4,4
36994406,14,2,12
36994419,1,1,0
36994641,4,1,3
36995202,21,4,17
36995249,3,6,-3
36995606,10,0,10
36995616,7,1,6
36995694,31,10,21
36996248,9,3,6
36996249,0,0,0
36996358,2,0,2
36996376,1,1,0
36996378,4,0,4
36996590,1,1,0
36996806,10,2,8
36997225,2,0,2
36997614,15,1,14
36998272,2,2,0
3699852,93,17,76
36999267,13,1,12
36999325,1,0,1
36999859,19,4,15
36999879,14,2,12
37000013,13,2,11
37000216,8,2,6
37000549,5,0,5
37000577,2,0,2
37000746,22,3,19
37001023,1,0,1
37001221,4,7,-3
37001436,0,0,0
37001502,9,1,8
3700190,42,5,37
37002587,2,2,0
37002923,2,0,2
37003055,3,2,1
37004248,4,7,-3
37004264,5,3,2
37004472,2,0,2
37005293,30,5,25
37005435,2,0,2
37005552,6,1,5
37005935,20,7,13
37007112,0,0,0
37007398,5,4,1
37009526,14,1,13
37009923,1,0,1
37009927,6,2,4
3701055,27,5,22
37010658,28,14,14
37011086,0,0,0
37011207,9,2,7
37011239,8,3,5
3701124,1,0,1
37011276,3,1,2
3701136,13,4,9
37011374,54,5,49
37011410,2,1,1
37011472,14,8,6
37012308,34,13,21
3701249,189,66,123
37012525,8,1,7
37012623,0,0,0
37013030,9,1,8
37013284,5,0,5
37013416,4,1,3
37013421,8,6,2
37013794,17,4,13
37015067,15,12,3
37015443,11,1,10
37015504,1,0,1
37015813,21,12,9
37015937,8,0,8
37016295,31,15,16
37016748,11,0,11
37019069,8,0,8
37023720,2,0,2
37024949,5,0,5
37025967,12,0,12
37027060,10,6,4
37029252,1,0,1
37029566,2,1,1
37030310,6,0,6
37030588,3,1,2
37031137,4,0,4
37031176,3,0,3
37031273,0,0,0
37031719,7,5,2
37031875,14,12,2
37033108,15,1,14
37033137,6,5,1
37033399,13,4,9
37033579,1,2,-1
37033738,4,0,4
37034425,5,3,2
37035356,5,0,5
37035363,10,2,8
37035546,17,6,11
37035769,0,0,0
37035889,1,0,1
37036009,5,4,1
37036595,1,1,0
37036980,3,0,3
37037204,1,0,1
37037245,2,0,2
37037491,0,0,0
37037767,1,0,1
37037793,2,0,2
37037841,4,0,4
37038129,3,0,3
37038295,0,0,0
37038316,11,1,10
37038426,36,8,28
37038432,8,0,8
37038504,10,2,8
37039057,31,12,19
37039071,8,1,7
37039126,10,6,4
37039344,2,1,1
37039550,10,3,7
37039816,24,4,20
37040590,11,1,10
37040596,4,0,4
37040663,8,0,8
37041180,17,4,13
37041199,38,4,34
37041346,2,1,1
37041439,5,1,4
37041526,17,7,10
37041652,3,1,2
37041819,22,11,11
37041823,4,2,2
37041861,27,7,20
37041922,7,7,0
37041978,6,0,6
37042089,23,3,20
37042096,28,9,19
37042191,12,1,11
37042300,23,1,22
37042413,0,0,0
37042573,0,0,0
37043291,9,0,9
37043551,14,2,12
37043627,25,6,19
37043958,15,4,11
37044507,23,2,21
37044587,3,4,-1
37044720,47,8,39
37044750,11,0,11
37045371,3,0,3
37045783,24,10,14
37045861,2,0,2
37046909,11,3,8
37047150,5,0,5
37047304,37,9,28
37048135,1,3,-2
37048218,13,5,8
37048276,16,8,8
37048692,0,0,0
37049043,2,1,1
37049346,13,0,13
37049878,1,0,1
37049884,47,5,42
37049927,2,3,-1
37050110,0,0,0
37051081,15,12,3
37051499,4,2,2
37051796,40,11,29
37052140,3,0,3
37052876,8,2,6
37052913,2,0,2
37052963,2,0,2
37053481,10,1,9
37053523,13,8,5
37054148,1,0,1
37054431,6,0,6
37054558,0,1,-1
37054809,10,2,8
37055295,11,0,11
37055531,11,4,7
37055583,2,0,2
37055838,3,0,3
37055882,7,1,6
37055993,7,5,2
37056344,22,6,16
37059887,4,0,4
37061551,2,2,0
37063266,2,0,2
37064401,10,1,9
37067884,2,1,1
37068264,23,12,11
37068945,1,0,1
37069161,25,14,11
37069183,6,1,5
37069365,23,5,18
37069620,2,0,2
37069915,46,11,35
37070005,3,1,2
37070019,7,0,7
37070110,22,8,14
37070113,23,17,6
37070828,0,0,0
37071290,23,8,15
37071898,1,0,1
37071988,6,0,6
37072143,14,1,13
37072235,3,4,-1
37072608,23,17,6
37072741,41,5,36
37072775,30,6,24
37073464,3,1,2
37073539,6,2,4
37073607,1,3,-2
37073633,3,1,2
37073718,1,0,1
37074387,17,3,14
37074598,29,2,27
37075529,0,0,0
37075623,28,14,14
37075766,14,12,2
37076025,43,3,40
37076071,3,1,2
37076581,3,0,3
37076928,22,5,17
37077391,6,3,3
37077405,5,0,5
37077486,14,4,10
37077531,20,11,9
37077560,21,7,14
37077611,3,4,-1
37077617,22,2,20
37077730,0,0,0
37077949,6,2,4
37078412,0,1,-1
37078578,9,3,6
37078985,6,1,5
37079190,2,2,0
37079476,12,0,12
37079949,1,1,0
37080126,10,7,3
37081024,3,1,2
37081491,0,0,0
37081927,4,0,4
37081944,9,1,8
370824,370,92,278
37082927,31,3,28
37082981,23,5,18
37083416,2,0,2
37084546,3,1,2
37084633,1,2,-1
37086128,0,0,0
37086506,24,4,20
3708776,817,165,652
37088008,19,10,9
37088514,0,0,0
37088562,3,1,2
37088603,0,0,0
37088929,1,5,-4
37089339,1,0,1
37090006,1,0,1
37090461,5,2,3
37090725,3,1,2
37091258,21,8,13
37091289,5,2,3
37092037,24,14,10
37092173,13,5,8
37092821,11,9,2
37092876,0,0,0
37093021,5,0,5
37093167,35,8,27
3709549,302,126,176
37098776,15,4,11
37099775,9,4,5
37100065,2,1,1
37101216,7,6,1
37101223,8,0,8
37101551,8,5,3
37101891,12,2,10
37103195,14,4,10
37103300,8,4,4
37103352,29,17,12
37104339,10,0,10
37104629,0,0,0
37104854,6,4,2
37104950,27,4,23
37105057,2,2,0
37105440,28,7,21
37106153,1,2,-1
37106659,10,10,0
37106779,11,3,8
37106968,8,0,8
37107342,10,3,7
37107345,5,2,3
37107525,10,0,10
37107957,4,0,4
37108017,24,5,19
37108372,7,6,1
37108963,11,0,11
37109055,1,0,1
37110120,7,4,3
37110310,9,6,3
37110431,24,21,3
37110638,2,2,0
37112152,0,0,0
37112343,4,2,2
37112666,5,2,3
37112746,0,0,0
37112920,9,11,-2
37113414,2,1,1
37113713,3,0,3
37113871,3,2,1
37114773,4,0,4
371150,197,32,165
37115092,8,0,8
37115243,4,2,2
37115308,1,1,0
37115334,4,3,1
37115633,6,8,-2
37115942,18,6,12
37116254,7,0,7
37116833,7,1,6
37116867,34,7,27
37117195,12,3,9
37117406,2,6,-4
37117442,17,4,13
37117834,3,0,3
37118212,12,6,6
37119149,13,2,11
37119325,1,0,1
37119493,3,1,2
37119764,1,0,1
37120022,2,0,2
37120183,27,3,24
37120360,15,4,11
37121086,1,0,1
37121110,6,4,2
37121576,1,0,1
37121935,13,10,3
37122055,17,1,16
37122138,5,2,3
37122678,5,4,1
37123678,0,0,0
37123878,28,14,14
37124417,19,3,16
37124420,26,14,12
37124997,19,7,12
37125216,13,4,9
37127446,0,0,0
37127561,5,1,4
37127841,2,1,1
3713060,506,196,310
37130748,3,5,-2
37133847,8,5,3
37134063,8,0,8
37134667,7,1,6
37134767,10,4,6
37135343,2,1,1
37135436,8,1,7
37135560,2,2,0
37135829,4,1,3
37135909,15,2,13
37135932,15,9,6
37136120,65,22,43
37137111,4,1,3
37137425,6,3,3
37137628,3,1,2
37138213,3,4,-1
37138404,3,1,2
37138759,4,2,2
37138859,3,2,1
37139034,3,0,3
37139400,2,1,1
37139479,10,5,5
37139502,2,5,-3
37139727,25,11,14
37139762,9,3,6
37140548,12,1,11
37140591,7,1,6
37140903,7,0,7
37141007,5,2,3
37141130,0,0,0
37141171,2,2,0
37141323,18,9,9
37141548,17,0,17
37142341,28,12,16
37142547,16,16,0
37142816,0,0,0
37143158,12,2,10
37143273,11,6,5
37143294,19,2,17
37143408,5,3,2
37143512,1,0,1
37143774,21,9,12
37144449,2,2,0
37145169,6,2,4
37145175,2,1,1
37145402,11,1,10
37145818,9,2,7
37145826,26,3,23
37145869,3,1,2
3714587,16,3,13
37145989,16,8,8
37146151,5,0,5
37146345,28,8,20
37146428,1,2,-1
37146703,1,0,1
37146902,1,0,1
37147362,16,8,8
37147470,4,3,1
37147803,4,2,2
37148371,8,1,7
37148558,9,6,3
37148887,5,0,5
3714912,285,72,213
37149298,6,3,3
37149855,2,0,2
37150589,1,2,-1
3715097,69,6,63
37151434,11,2,9
37151494,0,0,0
37151497,23,4,19
37151869,1,0,1
37152610,0,0,0
37152991,10,1,9
37153516,1,0,1
37154061,0,0,0
37154122,0,0,0
37155499,1,0,1
37155790,4,2,2
37155894,0,0,0
37156362,3,4,-1
37158834,3,3,0
3716322,24,6,18
37165919,4,0,4
3716620,33,24,9
37166902,14,0,14
37168850,4,1,3
37169043,0,0,0
37169464,0,0,0
37169512,1,2,-1
37169720,6,1,5
37169778,2,1,1
37170072,34,9,25
37170617,1,1,0
37170850,29,5,24
37170985,3,0,3
37171090,8,0,8
37171284,28,9,19
37171346,1,2,-1
37171416,17,8,9
37171580,15,1,14
37171673,53,16,37
37171860,15,15,0
37172456,4,2,2
37172495,10,3,7
37172951,2,0,2
37173666,7,5,2
37173839,6,2,4
37174269,0,0,0
37174331,9,0,9
37174432,17,11,6
37175965,4,1,3
37176368,44,15,29
37177000,3,0,3
37177860,2,0,2
37178305,0,0,0
37178930,38,17,21
37179034,4,0,4
37179064,6,0,6
37179218,3,0,3
37179496,9,3,6
37180249,12,1,11
37181196,18,8,10
37181230,6,1,5
37181320,27,18,9
37181450,3,1,2
37181477,5,1,4
37181619,33,7,26
37182331,3,0,3
37182374,60,12,48
37182400,3,0,3
37182488,2,4,-2
37182623,17,6,11
37186902,3,0,3
3718806,2,1,1
37189460,6,3,3
37190172,2,1,1
37192135,1,0,1
37192801,17,8,9
37192906,29,8,21
37192947,2,0,2
37194655,23,6,17
37194998,3,2,1
37195926,0,0,0
37196707,2,4,-2
37197085,15,9,6
37197510,19,2,17
37197586,4,2,2
37197922,29,8,21
37198177,39,3,36
37198193,1,1,0
37198309,3,1,2
37198522,5,3,2
37198551,26,9,17
37198731,15,2,13
37198931,8,4,4
37199475,25,6,19
3719968,88,12,76
37199971,4,1,3
37200375,1,1,0
37201541,2,1,1
37201828,1,0,1
37203447,6,3,3
37203709,6,0,6
37204705,16,3,13
37205132,7,0,7
37205351,3,2,1
37205413,2,1,1
37205649,17,9,8
37205676,1,1,0
37206500,14,10,4
37207159,25,7,18
37207248,47,5,42
37207664,9,1,8
37208107,10,0,10
37208296,14,1,13
37208380,17,2,15
37208551,21,8,13
37209064,0,0,0
37209728,12,1,11
37209799,28,13,15
37210612,10,5,5
37210855,1,1,0
37210921,5,3,2
37211371,18,4,14
37211543,47,25,22
37211562,8,7,1
37211673,8,1,7
37211706,28,1,27
37211769,14,3,11
37212564,6,2,4
37212955,5,0,5
37213429,3,2,1
37213577,2,1,1
37213681,0,0,0
37213957,9,7,2
37215752,23,3,20
37216367,16,5,11
37216852,31,5,26
37224971,3,2,1
3722555,123,56,67
37225622,2,0,2
37225881,18,6,12
3722609,49,14,35
37226659,10,2,8
37226679,0,0,0
37226764,6,0,6
37227000,1,0,1
37228388,20,4,16
37228855,36,3,33
37228936,9,4,5
37229146,15,2,13
37229234,26,10,16
37229426,0,0,0
37229434,3,0,3
37229492,7,4,3
37230235,1,0,1
37230295,26,15,11
37230449,2,0,2
37230522,0,0,0
37230663,22,7,15
37230764,0,0,0
37230822,23,4,19
37232235,3,1,2
37233061,1,0,1
37233184,42,13,29
37233370,11,0,11
3723376,5,2,3
37234390,0,0,0
37234690,16,12,4
37234933,7,0,7
37235524,0,0,0
37235811,0,0,0
37236553,6,5,1
37236731,32,4,28
37236776,2,0,2
37237173,5,1,4
3723744,443,80,363
37237579,1,0,1
37237887,0,0,0
37237971,6,4,2
37238063,14,5,9
37238855,14,2,12
37239054,0,0,0
37239271,48,10,38
37239764,1,0,1
37240164,6,2,4
37240297,6,4,2
37240499,0,0,0
37241010,10,4,6
37241178,1,0,1
37241629,19,6,13
37242051,5,1,4
3724215,77,18,59
37242603,20,3,17
37242899,9,0,9
37243059,11,2,9
37243247,12,1,11
37243829,37,5,32
37244463,0,0,0
37244967,0,0,0
37245050,0,0,0
37245647,5,3,2
37245771,31,7,24
37246007,12,6,6
37246298,8,1,7
37246385,3,0,3
37247046,7,0,7
37247357,13,3,10
37247670,4,5,-1
37247901,9,9,0
37248170,2,0,2
37248354,0,0,0
3724878,13,0,13
37249066,17,7,10
37249089,3,1,2
37249213,12,3,9
37249484,33,3,30
37249718,11,0,11
37249723,9,3,6
37250770,26,18,8
37251029,16,1,15
37251818,5,0,5
37253075,0,0,0
37253310,2,0,2
37253690,9,4,5
37253722,18,4,14
37253858,24,4,20
37254618,18,12,6
3725467,20,4,16
37254715,10,11,-1
37255178,4,0,4
37259890,22,2,20
37263882,26,11,15
37264726,31,7,24
37264942,17,7,10
37266178,23,5,18
37267640,6,6,0
37267720,0,0,0
37268518,5,2,3
37268651,0,0,0
37268852,1,0,1
37269677,2,1,1
37269680,7,1,6
3726969,99,11,88
37269740,28,11,17
37269803,8,1,7
37270249,0,0,0
37270523,1,2,-1
37270764,17,1,16
37270813,1,0,1
37271416,6,5,1
37271581,5,1,4
37271948,5,0,5
37273277,6,3,3
37273412,8,1,7
37273601,0,0,0
37273643,7,6,1
37273795,5,1,4
37273804,11,3,8
37274404,8,1,7
37274488,12,4,8
3727455,27,9,18
37274625,4,0,4
37275088,5,0,5
37275173,0,0,0
37275182,46,8,38
37275188,7,1,6
37275296,2,0,2
37275909,8,0,8
37277034,0,0,0
3727713,26,2,24
37277428,6,0,6
37278215,5,3,2
37278397,1,0,1
37278486,1,1,0
37278657,3,1,2
3727872,6,2,4
37279670,16,3,13
37279993,0,0,0
37280381,3,1,2
37280404,8,2,6
37280414,16,7,9
37280454,8,0,8
37281038,18,1,17
37281079,12,1,11
37281135,5,1,4
37281175,12,6,6
37281418,12,4,8
37281506,18,8,10
37281723,31,12,19
37281780,0,0,0
37281826,29,18,11
37281912,8,1,7
37281913,24,4,20
37281944,4,0,4
37282819,15,6,9
37283245,5,0,5
37283264,0,0,0
37283342,28,11,17
37284326,8,1,7
37284586,4,0,4
37284767,12,3,9
37286580,11,4,7
37286601,11,0,11
37287987,2,0,2
37288035,6,1,5
37288302,10,5,5
37288327,25,0,25
37288341,2,0,2
37288600,25,7,18
37288762,6,2,4
37288852,33,5,28
37289182,6,1,5
37289204,17,4,13
37289608,11,3,8
37289999,10,3,7
3729006,732,162,570
37290091,18,17,1
37290668,4,0,4
37291663,4,0,4
37291897,4,4,0
37292341,14,1,13
37292867,28,15,13
37293209,1,1,0
37293262,8,2,6
37293901,21,14,7
37294117,14,6,8
37294171,35,31,4
37294219,4,1,3
37294336,12,5,7
37294821,3,1,2
37294826,2,0,2
37295254,9,5,4
37303306,7,2,5
3730342,5,4,1
37305551,4,0,4
37306245,23,8,15
37306647,7,5,2
37306696,37,17,20
37307494,1,1,0
37307516,9,0,9
37308629,14,6,8
37308765,25,9,16
37308812,10,2,8
37308846,8,2,6
37309417,2,1,1
37309804,2,1,1
37310147,15,7,8
37310342,6,2,4
37310455,2,0,2
37310801,28,13,15
37310993,6,0,6
37311234,3,1,2
37311732,7,1,6
37311821,2,0,2
37311962,1,1,0
37312608,16,3,13
37312846,1,0,1
37313267,5,0,5
37313964,6,2,4
37313969,6,1,5
37314261,4,3,1
37314305,2,0,2
37314804,11,12,-1
37315465,5,2,3
37315812,5,2,3
37315979,27,6,21
37316107,13,0,13
37316258,0,0,0
37316614,16,3,13
37316700,8,2,6
37316844,28,9,19
37316951,4,0,4
37317245,0,0,0
37317404,1,0,1
37318423,24,9,15
37318424,1,0,1
37318546,6,4,2
37318748,2,0,2
37318775,10,2,8
37318922,15,6,9
37319113,1,2,-1
37319166,2,0,2
37319291,11,4,7
37319433,20,15,5
37319447,0,0,0
37319575,3,1,2
37319720,15,8,7
37319843,6,0,6
37319915,6,0,6
37319967,5,0,5
37320049,0,0,0
37320788,4,0,4
37320947,18,1,17
37321342,17,2,15
37321719,4,1,3
37322776,8,1,7
37323254,10,1,9
37323446,9,8,1
37323873,4,1,3
37324137,9,2,7
37325011,13,7,6
37325689,16,4,12
37325831,1,4,-3
37326356,11,1,10
37326458,1,0,1
37326851,5,0,5
37327139,39,10,29
37327487,28,8,20
37327541,13,2,11
37327868,9,4,5
37328071,12,2,10
37328256,21,12,9
37328624,2,0,2
37329944,5,4,1
37330050,0,0,0
37330119,17,5,12
37331057,7,2,5
37331096,18,5,13
37331989,15,4,11
37334058,28,2,26
3733480,302,96,206
37336295,5,0,5
37337382,9,3,6
37339904,17,1,16
37342165,6,1,5
37342534,3,1,2
37342747,5,3,2
37342829,18,2,16
37343155,6,2,4
37343309,9,5,4
37343604,1,1,0
37343628,0,2,-2
37343745,11,2,9
37343919,27,5,22
37344981,1,1,0
37345433,17,0,17
37345775,37,8,29
37345809,13,2,11
37346007,0,0,0
37346964,18,6,12
37347016,1,1,0
37347127,5,2,3
37347279,14,2,12
37347929,3,2,1
3734796,18,8,10
37348249,13,7,6
37348268,21,13,8
37348340,1,2,-1
37350735,9,2,7
37350766,7,9,-2
37351823,27,1,26
37351879,8,3,5
37351981,14,2,12
37352807,7,5,2
37352841,2,1,1
37353341,0,2,-2
37354413,13,0,13
3735510,182,63,119
37355362,1,1,0
37355375,6,2,4
37356463,18,8,10
37356514,83,4,79
37356577,21,9,12
37356837,0,0,0
37356936,3,0,3
37357122,8,14,-6
37357559,6,1,5
37358132,11,5,6
37358151,3,3,0
37358593,13,3,10
37358639,3,5,-2
37358786,14,4,10
37359549,12,0,12
37360001,30,7,23
37360328,20,1,19
37360588,16,6,10
37360602,20,12,8
37360892,10,3,7
3736107,657,193,464
37361296,0,0,0
37361317,5,2,3
37361766,7,0,7
37361998,17,0,17
37362109,0,1,-1
37362231,6,1,5
37363649,8,0,8
37363708,59,8,51
3736423,96,41,55
37364291,21,7,14
37364588,3,1,2
37364724,13,9,4
37364757,15,3,12
37364762,2,0,2
37364879,10,0,10
37366101,24,2,22
37366740,12,0,12
37367136,0,0,0
37367973,14,1,13
3736930,5,3,2
37370011,6,1,5
37373964,17,1,16
37374294,10,5,5
37375433,0,0,0
37376420,3,1,2
37376654,14,4,10
37376773,2,0,2
37377040,16,6,10
37377262,4,4,0
37377958,9,5,4
37378012,14,3,11
37378453,37,11,26
37378474,3,0,3
37378612,8,1,7
37379890,16,1,15
37379980,6,2,4
37380058,10,2,8
37380064,2,0,2
3738009,117,10,107
37380151,8,2,6
37380551,21,2,19
37381271,1,1,0
37381681,6,1,5
37381741,11,6,5
37381966,1,0,1
37382359,13,1,12
37382523,1,0,1
37382541,31,23,8
37382558,8,5,3
37383004,26,2,24
37383315,24,9,15
37383662,9,0,9
37383801,1,0,1
37384,188,38,150
37384211,3,1,2
37384692,13,15,-2
37384858,9,2,7
37385697,1,1,0
37385743,1,0,1
37385778,2,0,2
37385906,3,0,3
37385952,26,6,20
37385988,20,9,11
37385998,3,0,3
37386109,1,0,1
3738696,20,5,15
37387303,4,2,2
37387391,16,1,15
37387469,10,2,8
37387931,2,0,2
37387956,3,0,3
37388242,6,0,6
37388258,5,1,4
37388346,6,1,5
37388844,2,1,1
37389639,22,10,12
37390251,8,2,6
37390416,38,6,32
37390629,15,4,11
37390733,2,1,1
37390746,2,0,2
37390895,10,0,10
37391123,3,4,-1
37391179,7,0,7
37391328,1,1,0
37391552,1,1,0
37391808,3,2,1
37392633,4,1,3
37392969,8,0,8
37393055,0,0,0
37393164,2,1,1
37393212,11,5,6
37393642,2,0,2
37393733,3,0,3
37394727,11,2,9
3739510,147,63,84
37395429,24,11,13
37396226,9,6,3
37396266,0,0,0
37396352,0,0,0
37396355,6,2,4
37396554,9,1,8
37396991,11,2,9
37397568,10,2,8
37399173,8,2,6
37399221,7,3,4
37399423,12,2,10
37399848,29,9,20
37400072,9,0,9
37401260,3,2,1
37403067,24,6,18
37406936,18,8,10
37407110,8,0,8
37407565,35,10,25
37409482,18,1,17
37410505,12,3,9
37410561,0,0,0
37412485,7,0,7
37413347,21,2,19
37413424,10,5,5
37413702,3,0,3
37413876,9,4,5
37414045,1,0,1
37414178,17,5,12
37414789,2,0,2
37415242,11,1,10
37415354,0,1,-1
37415778,15,1,14
37416909,1,0,1
37417017,1,0,1
37417367,9,1,8
3741769,69,23,46
37417991,46,14,32
37418509,5,2,3
37418859,0,0,0
37420144,15,2,13
37421011,5,2,3
37421175,0,0,0
37422007,0,0,0
37422204,25,5,20
37422511,33,6,27
37423022,3,0,3
37424042,0,0,0
37426586,2,2,0
37426760,28,11,17
37427655,8,0,8
37427758,0,0,0
37427933,18,1,17
37428899,29,4,25
37429117,7,0,7
37429168,7,1,6
37429267,4,3,1
37429411,0,1,-1
37438794,0,0,0
3743929,64,23,41
37439990,8,1,7
37440446,4,1,3
3744084,536,211,325
37441054,1,0,1
37441271,2,2,0
37441306,2,1,1
37441984,13,1,12
37442105,3,1,2
37442224,2,1,1
37442412,0,1,-1
37442524,0,1,-1
37443085,3,0,3
37443900,7,3,4
37444149,9,7,2
37444629,0,0,0
37446040,1,0,1
37446652,1,0,1
37446979,13,0,13
37447571,11,7,4
37447681,3,1,2
37447845,9,1,8
37447894,11,3,8
37448513,13,3,10
37448599,28,6,22
37448636,4,0,4
37448726,29,6,23
37448775,1,1,0
374493,11,7,4
37449386,28,3,25
37449488,49,4,45
37450241,0,1,-1
37450307,28,30,-2
37450355,6,1,5
37450508,8,0,8
37450571,7,10,-3
37451217,34,12,22
37451667,8,4,4
37451882,2,0,2
37452114,21,7,14
37452398,8,2,6
37452511,9,0,9
37452718,31,2,29
37453125,25,8,17
37453199,0,0,0
37453473,0,1,-1
37453474,7,2,5
37454540,9,4,5
37454615,8,1,7
37454708,3,0,3
37454988,29,1,28
37455554,2,0,2
37455565,6,1,5
37455871,3,0,3
37456761,39,7,32
37456880,3,1,2
37457706,6,0,6
37457729,9,0,9
37458350,21,3,18
37458571,2,0,2
37458593,13,3,10
37458688,10,10,0
37458915,8,2,6
37459021,15,3,12
374594,31,12,19
37459798,17,6,11
37459903,1,0,1
374624,59,13,46
3746316,25,4,21
37468623,0,0,0
37469254,6,0,6
37469261,1,1,0
37469666,7,0,7
37472288,4,1,3
37472991,4,2,2
37473084,5,2,3
37473479,31,16,15
37473584,4,2,2
37474656,36,10,26
37474894,7,1,6
37475222,7,3,4
37475318,6,2,4
37475527,19,2,17
37475719,27,5,22
37475791,15,2,13
37475855,10,3,7
37475991,16,9,7
37476544,11,6,5
37476709,8,3,5
37476745,45,3,42
37476834,7,0,7
37476950,3,0,3
37477043,16,1,15
37477713,29,19,10
37477882,24,9,15
37478126,17,5,12
37478413,7,4,3
37479362,18,1,17
37479581,0,0,0
37479849,7,0,7
37479940,2,1,1
3748021,25,4,21
37480642,12,4,8
37480748,14,7,7
37480871,0,2,-2
37480925,10,9,1
37481215,5,1,4
37481224,7,1,6
37481293,4,0,4
37481708,52,11,41
37481965,2,0,2
37481972,16,8,8
37482021,2,0,2
37482224,6,1,5
37482462,9,2,7
37482564,7,4,3
37483222,6,1,5
37483245,22,7,15
37483360,13,5,8
37483497,3,0,3
37483642,11,1,10
3748369,19,8,11
37484037,4,1,3
37484140,3,0,3
37484773,11,7,4
37484882,3,1,2
37485074,0,0,0
37485409,1,0,1
37485661,46,6,40
37486004,2,1,1
37486073,4,0,4
37486149,9,1,8
37486562,2,0,2
37486789,35,10,25
37487848,0,0,0
37487894,1,0,1
37488367,8,1,7
37488387,9,3,6
37488388,6,2,4
37489674,13,4,9
37490234,3,0,3
37490258,3,2,1
37490375,7,0,7
37490435,32,6,26
37490856,8,2,6
37491128,6,0,6
37491169,17,4,13
37491363,15,5,10
37492213,14,2,12
37492844,3,5,-2
37493473,31,5,26
37493578,4,0,4
37493708,2,1,1
37493709,8,3,5
37494334,9,1,8
37494444,0,1,-1
37494778,4,1,3
37494922,0,0,0
37495153,21,8,13
37495249,7,2,5
37495272,12,1,11
37495573,4,1,3
37495807,3,2,1
37496055,9,0,9
37496243,13,3,10
37496585,5,0,5
37496787,12,0,12
37496801,11,2,9
37497461,14,3,11
37497536,3,0,3
3749786,335,81,254
37499498,7,8,-1
375006,989,279,710
37502491,29,7,22
37502805,4,0,4
37503443,8,0,8
37505827,2,1,1
37505933,4,3,1
37507338,3,0,3
37507630,23,4,19
37509439,12,2,10
37509585,12,2,10
37510202,0,0,0
37510203,1,0,1
37510441,5,1,4
37510456,2,1,1
37510540,4,1,3
37510961,2,2,0
37511424,1,0,1
37511548,13,6,7
37511619,3,5,-2
37511681,1,1,0
37512191,16,5,11
37512338,23,7,16
37512360,1,1,0
37512384,5,2,3
37512445,3,1,2
37512669,26,5,21
37513046,11,4,7
37513717,17,2,15
37513741,14,7,7
37513752,17,5,12
37514421,9,1,8
37514604,13,6,7
37514738,11,3,8
37515038,2,2,0
37515067,13,3,10
37515487,50,21,29
37515498,1,0,1
37515764,1,0,1
37515865,1,0,1
37516116,2,1,1
37517047,5,0,5
37517231,0,0,0
37517570,1,0,1
37518410,7,1,6
37518647,0,0,0
37518841,0,0,0
37518882,7,8,-1
37518891,1,0,1
37519042,4,3,1
37519073,3,0,3
37519310,4,1,3
37519531,0,0,0
37519798,13,5,8
37520031,0,0,0
37520133,3,0,3
37520457,1,2,-1
37520494,1,0,1
37520523,4,0,4
37521190,9,3,6
37521474,25,5,20
37521641,2,0,2
37521745,2,1,1
37521746,2,0,2
37521944,17,2,15
37522123,10,2,8
37522370,2,4,-2
37522674,16,3,13
37522738,12,1,11
37522767,31,2,29
37522929,7,3,4
37522965,5,7,-2
37523626,11,2,9
37523963,2,0,2
37524651,14,3,11
37525030,12,1,11
37525348,3,1,2
37526194,0,0,0
37526222,3,0,3
37526762,29,10,19
37527137,3,0,3
37527398,4,2,2
37527770,9,0,9
37528030,2,0,2
3752804,63,23,40
37528189,21,2,19
37528363,5,0,5
37528373,15,3,12
37528499,4,1,3
37528934,19,7,12
37529139,7,5,2
37529375,27,11,16
37529488,4,2,2
37529837,2,0,2
37530050,11,5,6
37530497,4,0,4
37530832,21,10,11
37531126,12,2,10
37531239,4,1,3
37531299,18,4,14
37531413,3,0,3
37531803,14,3,11
37532330,6,1,5
37532955,32,17,15
37533064,8,0,8
37534182,28,3,25
37534608,1,0,1
37535265,9,0,9
37536759,0,0,0
3753951,35,7,28
37540816,2,0,2
37542307,11,3,8
37542338,10,0,10
37542359,4,0,4
37543044,8,2,6
37543183,14,1,13
37543379,6,5,1
37543503,8,1,7
37543661,1,0,1
3754439,209,31,178
37544403,26,6,20
37544444,10,1,9
37545143,35,2,33
37546127,10,2,8
37546288,0,0,0
37546564,2,0,2
37546589,9,0,9
37546617,10,0,10
37546653,3,0,3
37547100,2,0,2
37547142,8,2,6
37547414,9,2,7
3754768,32,14,18
37548143,34,6,28
37548321,2,0,2
37548357,28,6,22
37548592,3,0,3
37548652,28,6,22
37549269,1,2,-1
37549431,16,3,13
37549486,5,3,2
37549701,0,1,-1
37550116,11,7,4
37550587,22,4,18
37550740,8,0,8
37550821,0,1,-1
37551314,18,2,16
37551978,0,0,0
37552274,2,0,2
37552405,14,3,11
37552720,25,6,19
37553123,1,0,1
37553173,0,0,0
37553866,20,3,17
37553981,5,2,3
37554264,4,2,2
37554270,54,28,26
37555194,7,4,3
3755633,3,0,3
37557219,2,0,2
37557322,6,1,5
37557513,9,1,8
37557734,3,0,3
37557816,6,0,6
37558505,21,7,14
37558667,5,1,4
37559017,15,6,9
37559292,22,6,16
37559386,11,2,9
37559655,1,0,1
37559765,6,2,4
37560792,0,0,0
37561163,12,8,4
37561198,4,0,4
37561439,34,8,26
37561671,1,0,1
37562206,7,2,5
37563091,13,1,12
37563300,4,0,4
37563561,2,1,1
37563611,15,4,11
37563720,2,0,2
37563825,23,7,16
37564097,15,10,5
37564529,6,0,6
37564579,2,0,2
37564756,2,0,2
37564760,8,1,7
37565294,6,0,6
37565311,8,0,8
375657,215,87,128
37566026,6,2,4
37566165,0,0,0
3756649,0,0,0
37566572,1,0,1
37566906,2,0,2
37566968,0,0,0
37567148,6,7,-1
37567328,18,4,14
37568420,6,2,4
37571292,11,0,11
37571961,3,0,3
37572909,0,0,0
37573126,2,2,0
37573194,8,0,8
37573717,0,0,0
37574296,1,1,0
37574342,3,0,3
37575304,2,1,1
3757618,7,0,7
37576723,1,0,1
37577151,14,0,14
37577948,7,6,1
37578472,9,2,7
37578512,8,2,6
37578846,6,0,6
37578852,4,0,4
37578992,5,1,4
37579533,31,11,20
37579672,5,7,-2
37579766,6,2,4
37579830,1,0,1
37579855,23,10,13
375799,202,38,164
37580012,12,4,8
37580046,7,2,5
37580286,4,0,4
37580314,1,0,1
37580718,26,1,25
37581124,29,5,24
37581345,26,5,21
37581715,9,3,6
37581721,31,3,28
37581725,8,4,4
37581866,6,1,5
37581869,4,1,3
37581964,3,0,3
37582195,1,0,1
37582467,2,2,0
37582531,4,1,3
37582705,8,3,5
37582839,10,2,8
37582931,0,0,0
37583444,16,1,15
37583526,4,1,3
37583615,14,2,12
37583936,9,4,5
37584538,15,5,10
37585305,13,8,5
37585432,20,6,14
37585461,8,4,4
37585790,0,0,0
37585838,5,3,2
37586622,12,4,8
37587219,3,0,3
37587235,10,9,1
37587250,11,1,10
37587747,23,22,1
37588060,3,1,2
37588307,5,2,3
37589784,26,9,17
37590627,0,0,0
37590628,3,0,3
37590629,2,0,2
37590630,13,4,9
37590631,7,2,5
37590634,7,0,7
37590635,13,2,11
37590636,12,4,8
37590638,1,0,1
37590639,5,0,5
37590640,7,2,5
37590641,2,0,2
37590642,11,1,10
37590822,13,0,13
37590917,4,0,4
37591401,16,7,9
37591627,12,4,8
37592883,1,0,1
37595162,0,0,0
37595432,9,0,9
37595449,4,1,3
37595608,2,0,2
37595697,5,1,4
37595842,3,2,1
37596634,1,0,1
37596984,20,6,14
37598194,9,7,2
37598387,5,1,4
37598486,0,0,0
37599297,2,0,2
37608451,0,0,0
37608516,5,2,3
37609450,5,1,4
37609471,10,7,3
37610905,10,4,6
37612040,34,3,31
3761206,43,9,34
37612118,0,0,0
37612188,11,2,9
37612390,27,14,13
37612519,7,1,6
37613860,0,0,0
37614032,9,4,5
37614048,3,1,2
37614546,30,10,20
37614586,25,1,24
37614600,2,2,0
37615384,6,12,-6
37615638,8,1,7
37615698,16,7,9
37615726,12,4,8
37615840,4,1,3
37616001,2,2,0
37616085,0,0,0
37616410,11,4,7
37616763,2,0,2
37616830,17,0,17
37616950,1,0,1
37617430,14,2,12
37617467,13,2,11
37617549,11,1,10
37617660,5,2,3
37617704,3,0,3
37618342,8,2,6
37618452,9,4,5
37619038,10,0,10
37619616,2,0,2
37619950,20,11,9
37620396,10,1,9
37620400,4,0,4
37620440,21,11,10
37620605,10,1,9
37620750,17,4,13
37620764,24,6,18
37620779,2,2,0
37621105,25,9,16
3762111,0,0,0
37621146,2,0,2
37621517,1,0,1
37621715,12,5,7
37622011,23,6,17
37622363,23,8,15
37622672,3,0,3
37623230,0,0,0
37623459,14,6,8
37623488,13,4,9
37623693,1,1,0
37624093,23,3,20
3762416,74,12,62
37624180,12,9,3
37624863,8,4,4
37625197,4,0,4
37625242,11,4,7
37625312,60,10,50
37626024,28,8,20
3762620,10,5,5
37626297,7,5,2
37626465,4,1,3
37626797,0,0,0
37626978,5,3,2
37627075,0,0,0
37627911,2,0,2
37628182,22,9,13
37628952,1,0,1
37629309,3,0,3
37629542,14,4,10
37630476,10,0,10
37630674,1,1,0
37630947,1,2,-1
37631562,36,24,12
37631578,16,3,13
37631836,3,1,2
3763240,38,14,24
37632406,11,6,5
3763411,507,111,396
37634463,4,6,-2
37640192,9,3,6
37641746,16,5,11
37641803,40,12,28
37642350,10,2,8
37643971,7,2,5
37644022,10,0,10
3764462,181,51,130
37645111,5,1,4
3764544,1,0,1
37645891,11,5,6
37646176,0,0,0
37646247,12,5,7
37646727,2,0,2
37647010,6,2,4
37647552,9,1,8
37647635,4,0,4
37648177,4,1,3
37648340,6,2,4
37648960,38,11,27
37649067,10,1,9
37649156,5,0,5
37649471,1,0,1
37649546,4,1,3
37649575,4,0,4
37650022,9,0,9
37650194,3,4,-1
37650831,8,1,7
3765106,99,48,51
37652297,0,0,0
37653058,2,1,1
37653513,18,7,11
37653732,0,0,0
37654367,14,1,13
37654462,8,2,6
37654863,6,3,3
37655001,2,2,0
37655294,32,4,28
37655491,5,2,3
37655746,9,2,7
37655870,24,19,5
37655957,13,6,7
37656052,0,0,0
37656158,4,3,1
37656202,2,1,1
37656356,11,5,6
37657486,4,3,1
37657705,1,0,1
37657726,18,16,2
37657909,1,0,1
37657917,4,0,4
37658203,22,1,21
37658336,2,0,2
37658405,4,0,4
37658535,6,0,6
37659029,6,0,6
37659908,1,0,1
37660130,15,7,8
37660188,0,0,0
37661065,0,0,0
37661327,9,3,6
37661525,45,20,25
37661724,4,0,4
37662678,22,0,22
37668038,10,1,9
37668249,13,1,12
37668544,2,2,0
37668585,19,10,9
37668786,6,1,5
37669353,26,5,21
37669382,1,1,0
37669579,1,3,-2
37669752,27,5,22
37670675,5,0,5
37671447,11,9,2
37671589,4,0,4
37671756,21,7,14
37671964,8,1,7
37672127,23,3,20
37672314,4,3,1
37672616,12,3,9
37673182,7,3,4
37673242,0,0,0
37673330,15,4,11
37673965,2,0,2
37674015,4,3,1
37674502,9,2,7
37674618,25,15,10
37675071,20,5,15
37675124,7,1,6
37675596,6,0,6
37675629,20,2,18
3767610,99,18,81
37676205,0,0,0
37676495,9,3,6
37677195,4,1,3
37677488,0,0,0
37678189,4,1,3
37678226,5,0,5
37678329,6,1,5
37678780,27,6,21
37678966,9,1,8
37679084,31,11,20
37680467,9,4,5
37681017,9,6,3
37681071,7,1,6
37681279,7,2,5
37681445,10,6,4
37681671,12,12,0
37682360,1,1,0
37682365,13,5,8
37682815,19,3,16
37682990,21,5,16
37683073,18,14,4
37683283,23,7,16
37683756,7,4,3
37684210,3,4,-1
37684680,23,0,23
37684777,12,8,4
37684908,13,3,10
37684960,4,1,3
37685303,16,8,8
37685904,20,0,20
37685972,12,2,10
37686099,1,0,1
37687095,15,3,12
37687771,12,1,11
3769402,74,31,43
37696105,7,1,6
37696395,24,10,14
37696999,59,8,51
37697462,3,0,3
37697476,10,4,6
37697585,2,0,2
37697631,10,0,10
37697798,33,7,26
37697889,3,0,3
37698261,15,1,14
37698389,7,2,5
37698539,2,1,1
37698666,1,0,1
37698988,0,4,-4
37699033,4,4,0
37699163,11,4,7
37699335,2,1,1
37699337,3,2,1
3769942,115,52,63
37699574,9,4,5
37699717,1,1,0
37699748,6,1,5
37699757,5,1,4
37700394,15,2,13
37700619,3,1,2
37700647,10,1,9
37700680,0,0,0
37701556,3,2,1
37701860,8,0,8
37701873,3,1,2
37702122,37,9,28
37702132,9,6,3
37702280,21,9,12
37702403,13,2,11
37702599,2,1,1
37702661,10,0,10
37702917,9,0,9
37702984,31,2,29
37703150,35,6,29
37703319,11,6,5
37703587,2,1,1
37703607,19,4,15
37703743,8,7,1
37703924,4,0,4
37704082,2,0,2
3770450,184,85,99
37704525,0,0,0
37705102,1,0,1
37705443,6,2,4
37705525,36,7,29
37705708,2,0,2
37705840,16,1,15
37706614,8,0,8
37706713,6,4,2
37707696,0,0,0
37707753,5,1,4
37707774,7,1,6
37707788,11,1,10
37707972,6,1,5
37708423,3,3,0
37708450,5,0,5
37708977,12,6,6
37708979,6,1,5
37709447,1,0,1
37709497,11,6,5
37709810,12,9,3
37709921,10,2,8
37710616,25,15,10
37711593,10,2,8
3771184,6,1,5
37711975,16,0,16
37712646,0,1,-1
37712899,16,2,14
37713133,0,0,0
37713176,5,0,5
37713462,13,3,10
37713511,1,1,0
37713680,30,2,28
37713797,4,0,4
37713844,13,4,9
37714499,0,0,0
37714542,2,0,2
37714666,3,0,3
37715222,27,9,18
37715954,13,7,6
37716024,11,0,11
37716085,15,2,13
37716592,3,0,3
37716795,1,2,-1
37716873,4,1,3
37717293,8,8,0
37717368,1,1,0
37717516,7,1,6
37718171,4,4,0
37718363,2,4,-2
37718550,9,3,6
37718658,44,13,31
37719898,6,6,0
3772348,13,3,10
37726777,2,0,2
37728373,15,6,9
37728607,20,6,14
37728812,16,4,12
37728849,4,1,3
37728973,14,5,9
37729560,4,0,4
37729919,1,2,-1
37730476,3,1,2
37731146,4,0,4
37731163,4,1,3
37731376,33,18,15
37731422,4,5,-1
37731454,2,0,2
37732060,16,6,10
3773227,608,104,504
37732342,19,2,17
37732442,15,4,11
37732587,3,1,2
37732737,14,5,9
37732937,8,1,7
37733123,5,4,1
37733398,9,2,7
3773360,301,76,225
37733796,1,2,-1
37734089,9,1,8
3773424,37,1,36
37734305,1,0,1
37734310,1,1,0
37734361,8,2,6
37734538,1,0,1
37735027,13,14,-1
37735274,18,11,7
37735293,30,7,23
37735628,24,10,14
37735715,10,3,7
37736036,9,1,8
37736166,32,11,21
37736627,3,1,2
37736856,34,5,29
37736908,3,2,1
37736972,13,4,9
37737214,9,4,5
37737284,2,0,2
37737398,0,0,0
37737579,8,5,3
37737716,4,4,0
37737733,5,2,3
37738053,0,0,0
37738085,11,10,1
37738619,7,4,3
37738908,6,1,5
37738984,0,0,0
37739061,6,8,-2
37739289,0,0,0
37739873,13,5,8
37740207,16,10,6
37740330,3,0,3
37740450,14,9,5
37740618,15,5,10
37740636,2,1,1
37740916,3,1,2
37740933,9,4,5
37741060,26,7,19
37741065,37,27,10
37741228,4,4,0
37741539,13,0,13
37741617,14,5,9
37741921,31,2,29
37742375,18,12,6
37743694,5,3,2
37743769,7,1,6
37743992,1,0,1
37744048,0,0,0
37744122,0,1,-1
37744286,1,2,-1
37744555,22,3,19
37744779,4,1,3
37744780,11,7,4
37744839,2,0,2
37745175,3,0,3
37745248,38,11,27
37745430,22,10,12
37745639,0,0,0
37745709,9,0,9
37745963,5,2,3
37746046,3,0,3
37746088,6,1,5
37746517,61,10,51
37746582,4,0,4
37746596,9,2,7
37746932,2,3,-1
37747585,36,4,32
37748101,4,0,4
3774823,36,0,36
37749198,15,3,12
37749533,11,2,9
37749934,10,2,8
37749958,6,1,5
37750107,12,0,12
37751249,3,0,3
37752169,17,10,7
37755631,11,1,10
37755862,18,4,14
37756880,2,0,2
37758111,28,4,24
37759278,1,0,1
37759465,18,1,17
37759845,4,0,4
37760061,3,0,3
37760425,4,3,1
37760463,3,0,3
37760489,6,2,4
37760668,19,3,16
37760696,5,0,5
37760764,2,0,2
37760793,7,11,-4
37760910,2,1,1
37761769,2,1,1
37761800,6,0,6
37762074,0,0,0
37762561,0,0,0
37762572,2,1,1
37763365,21,3,18
37763557,15,7,8
37763698,29,3,26
37765502,7,5,2
37765503,0,0,0
37765518,2,1,1
37766009,7,5,2
37766691,8,2,6
37766752,9,2,7
37766906,1,0,1
37767343,0,0,0
37767883,1,0,1
37768318,4,0,4
37768372,9,1,8
37768403,36,6,30
37768625,4,1,3
37768777,1,0,1
37769095,15,4,11
37769785,5,0,5
37770030,8,2,6
37770047,7,3,4
37770390,4,2,2
37770662,1,1,0
377707,443,88,355
37771099,5,1,4
37771226,10,5,5
37771863,18,6,12
37771957,9,8,1
37772189,31,6,25
37773006,8,3,5
37773049,19,15,4
37773365,4,1,3
37773560,16,12,4
37773613,5,0,5
37773906,36,18,18
37774275,9,2,7
37775400,3,0,3
37775636,0,0,0
37776158,12,1,11
37777129,1,0,1
37777299,14,6,8
37778356,7,7,0
37778396,2,0,2
37778754,2,0,2
37780027,4,4,0
37780241,1,3,-2
37780603,1,2,-1
37780680,7,2,5
3778151,2,0,2
37783285,9,3,6
37785276,3,0,3
37788664,13,7,6
37789358,1,1,0
37789756,9,2,7
37789980,16,5,11
37790272,19,25,-6
37790275,1,0,1
37790539,6,2,4
37790656,20,5,15
37790870,16,5,11
37791887,12,2,10
37791968,9,1,8
37792633,6,2,4
37792828,8,2,6
37793190,2,3,-1
37793229,16,4,12
37793313,0,0,0
37793353,2,2,0
37793672,1,1,0
37793827,3,2,1
37793884,0,0,0
37793997,18,2,16
37794118,16,3,13
37794288,6,2,4
37794468,2,3,-1
37794657,12,2,10
37794978,24,7,17
3779501,172,49,123
37795206,1,0,1
37795261,13,4,9
37795801,13,6,7
37795989,0,0,0
37796505,14,2,12
37797193,5,1,4
37797973,6,2,4
37798021,12,1,11
377982,232,105,127
37798375,0,1,-1
37798465,0,0,0
37799143,4,1,3
37799306,4,3,1
37799349,16,5,11
37799407,3,0,3
37799639,2,0,2
37800071,12,2,10
37800474,8,1,7
37800542,13,5,8
37800553,6,4,2
37801621,3,1,2
3780205,24,6,18
37802304,1,2,-1
37802346,6,2,4
37803017,4,0,4
37803580,5,5,0
37804219,6,3,3
37804466,4,2,2
37805640,13,2,11
37806332,2,2,0
37806398,4,2,2
37806906,3,1,2
37807004,33,9,24
37807020,2,0,2
3780757,13,0,13
37808171,2,0,2
37808429,10,5,5
37808749,5,0,5
37808979,2,1,1
37809268,2,0,2
37809504,7,3,4
3781023,238,69,169
37810312,4,2,2
37812662,14,2,12
37814072,11,2,9
3781623,303,51,252
37816609,3,1,2
37817273,29,15,14
37818520,2,0,2
37818709,4,0,4
37819743,10,1,9
37819935,4,0,4
37820909,25,20,5
37821009,13,4,9
37821225,7,2,5
37821793,1,0,1
37821957,1,0,1
37821973,3,3,0
37822015,0,0,0
3782219,104,33,71
37823175,22,8,14
37823228,12,3,9
37824127,1,0,1
37824259,9,2,7
37824465,1,1,0
37824634,8,1,7
37824828,2,0,2
37824839,6,2,4
3782493,82,21,61
37824994,1,1,0
37825198,8,4,4
37825513,11,6,5
37825813,1,1,0
37826523,6,2,4
37826648,7,2,5
37826924,26,15,11
37827079,2,0,2
37827157,9,3,6
37827311,8,11,-3
37827955,7,4,3
37828066,17,5,12
37828100,23,2,21
37828128,5,0,5
37828755,17,2,15
37829970,3,0,3
37830259,2,1,1
37830752,13,1,12
37830791,15,8,7
37830796,25,7,18
37831106,16,15,1
37832584,5,1,4
37833128,6,2,4
37833279,17,0,17
37833524,6,0,6
37833677,7,2,5
37833849,1,1,0
37834075,2,1,1
37834164,7,2,5
37834548,4,2,2
37834696,6,0,6
37834758,4,0,4
37835254,5,0,5
37835843,6,0,6
37836001,0,0,0
37836172,7,1,6
37838225,1,1,0
37840525,10,3,7
37842601,5,2,3
37842879,5,3,2
37843451,3,1,2
37844141,0,0,0
37844994,2,0,2
37845036,3,1,2
37845482,8,4,4
37845871,9,1,8
37846104,19,9,10
37846306,9,2,7
37846605,8,3,5
37846827,2,0,2
37847029,5,1,4
37847165,7,6,1
37847235,23,4,19
37847996,7,1,6
37848172,1,1,0
37849398,1,0,1
37849797,1,0,1
37850837,1,0,1
37851076,10,5,5
37851215,0,2,-2
37851358,7,1,6
37852205,9,2,7
37852351,11,1,10
37852484,0,0,0
37853430,18,4,14
37853669,1,2,-1
37853714,7,0,7
37854000,12,2,10
37854224,8,4,4
378551,133,36,97
37855555,7,0,7
37855807,4,0,4
37856458,1,0,1
37856782,20,7,13
37857556,0,0,0
37857606,14,2,12
37857972,8,3,5
37858033,12,0,12
37858102,1,4,-3
37858508,21,5,16
37859137,7,3,4
37859218,8,3,5
3786283,212,60,152
3786409,102,19,83
37864812,4,5,-1
37867194,13,5,8
37867640,21,2,19
37868016,2,2,0
37868654,4,0,4
37868885,4,0,4
37869160,28,7,21
37869335,1,1,0
37869726,0,0,0
37869841,0,0,0
37869978,6,2,4
37870262,4,0,4
3787099,104,24,80
37871066,46,14,32
37871214,4,1,3
37871463,12,8,4
37871583,1,0,1
3787162,14,9,5
37872355,15,3,12
37872486,16,4,12
37873328,4,3,1
37873486,37,3,34
37873820,1,1,0
37874165,5,3,2
37874966,9,3,6
37875085,1,1,0
37875269,7,3,4
37875430,12,1,11
37875625,13,0,13
37875777,3,2,1
3787579,194,73,121
37875900,27,5,22
37875939,7,0,7
37875989,0,0,0
37876072,8,0,8
37876886,10,18,-8
37877160,2,2,0
37877331,3,0,3
37878119,4,0,4
37878797,6,1,5
37878891,28,11,17
3787924,181,71,110
37879450,2,1,1
37879705,11,1,10
37880117,32,7,25
37880197,5,0,5
37880703,7,1,6
37881678,2,0,2
37881893,7,5,2
37882644,9,0,9
37882731,41,16,25
37882923,0,0,0
37883425,2,1,1
378838,41,8,33
37883882,2,0,2
37883921,1,0,1
37884248,2,0,2
37884560,9,1,8
37884698,9,1,8
37885248,2,0,2
37885400,17,7,10
37886830,0,0,0
378886,20,5,15
37890762,16,4,12
37891183,1,2,-1
37891377,27,4,23
37891735,1,2,-1
3789213,30,10,20
37892397,10,1,9
37892829,5,3,2
37894121,3,1,2
37894124,3,3,0
37894436,5,2,3
37894666,10,4,6
37895142,18,8,10
37895545,3,0,3
37895643,6,0,6
37895729,14,2,12
37895872,8,1,7
37896034,18,1,17
37896460,0,0,0
37896532,7,3,4
37896971,13,2,11
37896979,8,8,0
37897091,3,0,3
37897303,14,0,14
37897564,11,3,8
37897667,4,0,4
37897958,12,7,5
37898010,14,0,14
37898171,21,7,14
37898426,12,4,8
37898464,0,0,0
37898502,9,1,8
37898643,5,1,4
37898781,17,9,8
37898887,17,4,13
37898922,10,1,9
37899070,8,3,5
37899157,14,6,8
37899209,7,1,6
37899395,35,5,30
37899660,12,2,10
37900035,4,3,1
37900230,2,0,2
37900596,10,5,5
37901201,30,7,23
37901226,5,0,5
37901277,7,2,5
37901398,1,0,1
3790167,20,7,13
37901934,28,3,25
37902056,5,1,4
37902823,30,11,19
37904107,9,1,8
37904481,6,2,4
37904534,21,0,21
37904551,11,2,9
37904655,8,1,7
37904737,12,0,12
37904869,2,0,2
37905014,6,3,3
379053,311,29,282
37905328,4,1,3
37905620,14,1,13
37905660,14,2,12
37905896,6,1,5
379060,819,367,452
37906475,0,0,0
37906728,4,0,4
37906742,0,0,0
37906977,6,1,5
37907001,33,6,27
37907245,10,6,4
37907563,41,6,35
37907728,8,1,7
37908058,19,7,12
37908780,1,0,1
37909187,4,0,4
37909220,40,24,16
37909416,17,4,13
37909512,14,8,6
37909901,2,0,2
37910283,0,0,0
37910340,0,0,0
37910494,0,0,0
37911069,3,0,3
37911100,3,0,3
37911280,1,0,1
37911710,19,5,14
37911894,12,8,4
37911915,0,0,0
37912100,4,3,1
37912335,12,0,12
37912501,28,3,25
37912628,12,6,6
37912880,1,0,1
37913535,11,8,3
3791358,305,98,207
379137,14,4,10
37914200,4,0,4
37914896,1,0,1
37914902,1,0,1
37915454,3,0,3
37915656,12,2,10
3791899,452,186,266
37920683,2,1,1
37921512,13,8,5
3792171,5,0,5
37922401,6,0,6
37922491,0,0,0
37922554,6,6,0
37923106,20,14,6
37923160,7,3,4
37923490,14,5,9
37923951,13,6,7
37924075,15,4,11
37924359,14,5,9
37924599,42,12,30
37924850,2,0,2
37925203,9,3,6
37925309,9,3,6
37925425,18,12,6
37925615,20,9,11
37925633,6,0,6
37925727,24,8,16
37925728,6,3,3
37925965,14,12,2
37926015,13,4,9
37926073,19,5,14
37926106,2,1,1
37926128,6,1,5
37926196,4,2,2
37926550,6,1,5
37926585,0,1,-1
37926996,11,0,11
37927510,0,0,0
37927903,16,1,15
37928090,15,3,12
37928175,4,0,4
37928349,17,11,6
37928858,0,0,0
37928868,1,0,1
37928983,2,2,0
37929044,6,1,5
37929301,5,4,1
37929425,1,0,1
37929666,6,1,5
37929854,16,5,11
37930061,0,1,-1
37930575,0,0,0
37931061,2,1,1
37931063,0,0,0
37931526,14,3,11
37933023,14,2,12
37933403,6,2,4
37933411,6,3,3
37933776,0,0,0
37933837,7,4,3
37933966,11,3,8
37933972,11,2,9
37934017,7,0,7
37934300,5,0,5
37934309,9,2,7
37934436,0,0,0
37934600,1,0,1
37935129,0,0,0
37935238,8,1,7
37935395,19,4,15
37935758,9,1,8
37936452,1,0,1
37936743,2,0,2
37937201,13,4,9
37938093,3,0,3
37938461,8,2,6
37938475,18,1,17
37939038,1,0,1
37939597,18,4,14
37940120,10,3,7
37940666,0,0,0
37940741,24,5,19
37941435,1,0,1
37941469,10,3,7
37941933,8,1,7
37942437,5,1,4
37943291,9,1,8
37944242,0,0,0
37945143,3,0,3
37945796,5,0,5
37946368,6,1,5
37946581,2,1,1
37947176,2,0,2
37947230,0,0,0
37948093,5,0,5
37949236,8,2,6
37949925,13,1,12
37951848,6,4,2
37952127,8,3,5
37953084,7,2,5
37953574,29,7,22
37953761,29,5,24
37953863,0,0,0
37953885,2,0,2
37954125,2,0,2
37954189,11,1,10
37954203,7,0,7
37954244,7,1,6
37954419,3,0,3
37955160,3,0,3
37955890,21,17,4
37956218,0,0,0
37956584,10,4,6
37956814,8,3,5
37956891,1,1,0
37956924,2,0,2
37957029,5,7,-2
37957089,13,2,11
37957562,4,1,3
37957715,8,3,5
37957976,17,4,13
37958358,12,2,10
37958431,13,6,7
37958681,3,0,3
37958745,12,5,7
37958893,1,0,1
37959019,14,3,11
37959192,11,1,10
37959586,7,1,6
37959633,16,1,15
37959823,1,0,1
37959887,4,2,2
37960486,1,1,0
37960737,19,2,17
37961566,6,2,4
37962169,3,2,1
37962356,1,0,1
37962669,2,1,1
37962923,1,1,0
37962968,13,4,9
37962992,3,0,3
37963608,2,0,2
37963614,2,0,2
37963899,9,0,9
37964424,5,0,5
37964509,12,3,9
3796469,27,18,9
37965947,11,6,5
37966052,9,2,7
37966512,0,0,0
37966686,21,3,18
37966821,5,1,4
3796709,43,18,25
37967146,9,2,7
37967154,7,0,7
37967594,3,2,1
37967691,2,1,1
37967932,7,2,5
37968578,7,1,6
37968613,17,1,16
37968680,20,1,19
3796878,2,1,1
3796907,96,43,53
37969263,22,7,15
37969587,30,4,26
37970172,3,0,3
37970230,5,0,5
37970427,41,17,24
37970631,13,2,11
37972236,1,3,-2
37972776,8,8,0
3797424,340,179,161
37975040,2,0,2
37975043,13,12,1
37976112,2,1,1
37976823,7,2,5
37978603,11,3,8
37979367,6,1,5
37979546,6,2,4
37979605,3,0,3
37979954,5,0,5
37980036,3,0,3
37980208,5,0,5
37980362,7,2,5
37980584,18,3,15
37980660,4,0,4
37981577,7,1,6
37981791,3,0,3
37981817,12,6,6
37982085,3,0,3
37982225,1,0,1
37982467,5,1,4
37982592,7,0,7
37982728,3,0,3
3798279,5,1,4
37983273,0,0,0
37983314,3,0,3
37983318,4,0,4
37983451,0,0,0
37983760,0,0,0
37983818,3,5,-2
37983865,1,1,0
37983927,2,2,0
37983967,1,0,1
37984151,3,1,2
37984199,2,4,-2
37984245,8,4,4
37984272,1,0,1
37984510,4,0,4
37984529,7,0,7
37984547,15,7,8
37984596,3,0,3
37984818,2,1,1
37984888,3,0,3
37985506,4,0,4
37985592,10,0,10
37985889,7,2,5
37986101,0,0,0
37986113,1,0,1
37986178,8,2,6
37987502,1,0,1
37987590,7,6,1
37987741,3,0,3
37987816,4,0,4
37988094,3,0,3
3798849,263,47,216
37988582,8,6,2
37988676,4,0,4
37988819,16,0,16
37989060,14,6,8
37989091,0,0,0
37989632,5,1,4
37990931,6,5,1
37990940,13,3,10
37991455,0,0,0
37991825,3,1,2
37992103,23,7,16
37992430,26,5,21
37992533,3,1,2
37992648,13,1,12
37993245,10,3,7
37993256,1,0,1
37993269,0,0,0
37993756,14,9,5
37993784,2,0,2
37993887,8,1,7
37994495,2,1,1
37995203,0,1,-1
37995329,8,3,5
37995769,3,0,3
37995813,3,3,0
37996183,4,7,-3
37996371,16,2,14
37996644,8,3,5
37997086,9,4,5
37997179,5,0,5
37997261,7,0,7
37997969,34,6,28
37999012,18,7,11
37999495,1,0,1
38000361,2,1,1
38002063,0,1,-1
38004895,3,0,3
38005413,12,4,8
38005948,3,0,3
38006504,7,1,6
38006830,2,1,1
3800726,4,1,3
38007349,49,19,30
38008146,7,1,6
38009079,6,1,5
38009227,6,0,6
38009259,17,6,11
38009891,11,2,9
38009907,4,1,3
38010055,4,0,4
38010102,11,1,10
38010355,2,1,1
38010562,1,0,1
38010739,6,3,3
38011195,8,0,8
38011223,2,0,2
38011411,19,10,9
38011565,0,0,0
38011617,8,5,3
38012001,24,10,14
3801204,8,2,6
38012253,6,3,3
38012282,0,0,0
38012333,3,1,2
38012838,1,0,1
38013254,14,3,11
38013362,14,9,5
38013464,7,3,4
38014123,10,1,9
38014300,5,4,1
38014336,1,0,1
38014714,2,0,2
38014845,3,0,3
38014862,1,1,0
38015099,13,3,10
38015369,0,0,0
38015602,0,0,0
38016071,15,5,10
38016325,10,1,9
38016867,19,7,12
38016913,0,0,0
38017062,5,5,0
38017259,23,11,12
38017617,0,0,0
38017630,16,2,14
38017671,4,1,3
38018286,13,3,10
38018302,6,1,5
38018396,10,6,4
38018605,4,1,3
38018776,3,1,2
380188,279,87,192
38020203,23,3,20
38020285,6,1,5
3802032,774,177,597
38021318,20,2,18
38021334,9,4,5
38021579,3,1,2
38022015,10,2,8
38022485,20,10,10
38023022,25,10,15
38023475,3,0,3
38023743,2,0,2
38024252,0,0,0
38024853,4,2,2
38025392,6,4,2
38025426,2,0,2
38025562,17,6,11
38027459,9,1,8
38030129,17,1,16
38030855,7,0,7
38031533,3,0,3
38032006,2,0,2
38032414,1,2,-1
38033072,3,2,1
38033356,2,0,2
38033521,23,9,14
38033932,1,1,0
38034198,7,0,7
38034906,11,0,11
38035034,0,0,0
38035311,1,1,0
38035705,13,4,9
38035807,22,17,5
38035864,3,0,3
38036647,11,4,7
38037371,14,2,12
38037783,2,1,1
38037800,40,6,34
38038715,3,1,2
38038731,8,1,7
38038767,2,0,2
38038870,6,4,2
38038978,6,4,2
38039112,1,0,1
38039193,14,1,13
38039579,3,1,2
38039668,4,1,3
38040899,7,6,1
38041482,7,0,7
3804150,5,3,2
38041532,1,0,1
38045087,0,0,0
38045101,11,7,4
38045200,11,9,2
38045464,31,3,28
3804573,2,0,2
38046198,25,1,24
38047155,1,1,0
3804895,129,15,114
38049082,11,3,8
38053920,1,0,1
38054820,13,0,13
38055010,10,4,6
38055373,1,0,1
38055523,7,4,3
38055890,16,2,14
38055979,38,8,30
38056130,1,2,-1
38056825,1,1,0
38057126,3,1,2
38057141,6,0,6
38057337,0,0,0
38057640,23,17,6
38058053,26,3,23
38058890,1,1,0
38059930,33,8,25
38061308,9,4,5
38062040,11,3,8
38062247,3,1,2
38062425,9,1,8
38062673,3,0,3
38063388,5,1,4
38063443,3,0,3
38063513,1,1,0
38064375,14,5,9
38064853,12,2,10
38064881,0,0,0
38064986,5,2,3
38065048,4,2,2
38065301,30,5,25
38065731,8,2,6
38066669,1,2,-1
3806681,290,58,232
38067161,12,1,11
38067264,7,0,7
38068726,8,2,6
38070136,14,3,11
38070185,3,0,3
38071151,20,4,16
38071219,15,5,10
38071325,12,3,9
38071374,5,0,5
380714,12,2,10
38071651,7,0,7
38071727,12,8,4
38072009,18,3,15
38072331,2,0,2
38072654,20,9,11
38074209,2,0,2
38080018,6,0,6
38080482,4,0,4
38080919,20,5,15
38081558,5,1,4
38082166,5,2,3
38082680,0,1,-1
38083707,15,4,11
38083809,7,1,6
38084149,15,2,13
38084377,5,0,5
38084410,2,1,1
3808481,2,0,2
38085220,10,3,7
38085786,16,3,13
38086397,0,1,-1
38086744,6,5,1
38086924,30,4,26
38087528,2,1,1
38089313,7,4,3
38089326,0,0,0
38089432,8,0,8
38089676,5,5,0
38089680,24,0,24
38090138,14,11,3
38090374,1,0,1
38090625,5,2,3
38090980,4,2,2
38091031,2,1,1
38091121,9,1,8
38091214,21,12,9
38092464,10,2,8
38092563,5,2,3
3809272,21,8,13
38093373,5,1,4
38093422,7,6,1
38093559,18,8,10
38094321,4,0,4
38094328,3,1,2
38095443,1,0,1
38095462,6,0,6
38095898,3,3,0
38095959,2,0,2
38096028,3,1,2
38096213,20,7,13
38097125,1,1,0
38097618,6,3,3
38097862,3,1,2
38097987,32,9,23
38098203,1,0,1
38098437,12,0,12
38099072,2,0,2
3809933,86,18,68
38099480,2,0,2
38100035,15,8,7
381005,267,58,209
38100560,1,0,1
38100727,4,0,4
38100941,4,11,-7
38101282,4,3,1
38101788,18,3,15
38101792,9,3,6
38102028,13,2,11
38102202,5,0,5
38103079,4,2,2
38104689,17,8,9
38104708,14,2,12
3810481,0,0,0
38106264,0,0,0
38108837,0,0,0
38109182,1,1,0
38110126,2,1,1
38112091,1,2,-1
38112323,2,0,2
38112521,6,0,6
38112910,3,2,1
38113013,4,0,4
38113596,1,0,1
38113719,5,9,-4
38114189,1,1,0
38114238,0,0,0
38114314,26,5,21
38114496,2,0,2
38114873,7,0,7
38114988,32,14,18
38115236,9,0,9
38115392,13,2,11
38115412,2,0,2
38115484,5,2,3
3811580,12,2,10
38115826,35,4,31
38115947,15,4,11
38116714,3,0,3
38116728,0,0,0
38117059,1,0,1
38117201,3,7,-4
38117514,5,0,5
38117652,3,2,1
38118083,3,2,1
38118358,13,1,12
38118536,2,2,0
38118626,5,1,4
38119240,8,2,6
38119971,2,0,2
38120056,1,0,1
38120086,4,2,2
38120267,23,9,14
38120422,11,1,10
38120472,18,12,6
38120752,18,4,14
38120770,0,0,0
38120832,3,7,-4
38121038,0,0,0
38121249,5,0,5
38121277,16,9,7
38121590,3,0,3
38121636,0,0,0
38121660,8,0,8
38121809,12,6,6
38122243,3,1,2
38122372,0,4,-4
38123127,18,6,12
38123440,35,5,30
38124015,5,2,3
38124048,0,0,0
38124060,0,0,0
38124465,4,0,4
38124921,14,0,14
38125005,11,0,11
38125265,0,0,0
38125536,8,1,7
38125673,2,1,1
38125850,1,0,1
38126462,2,0,2
38128370,1,2,-1
38128494,2,0,2
38129057,13,1,12
38129712,13,10,3
38129799,4,1,3
38130090,3,1,2
38130407,0,0,0
38130593,8,2,6
38130675,20,8,12
38130692,2,0,2
38130781,16,5,11
38131185,19,2,17
38131674,0,0,0
38133454,4,2,2
38134131,2,0,2
38137573,12,7,5
38138949,29,3,26
38140431,16,7,9
38140562,0,1,-1
3814102,12,7,5
38141279,12,1,11
38141349,3,0,3
38141641,11,0,11
38142057,17,9,8
38142150,8,0,8
38142346,6,1,5
38142549,10,4,6
38142773,2,3,-1
38142909,3,0,3
38143580,0,0,0
38144052,26,5,21
38144120,5,1,4
38144325,0,0,0
38144390,12,1,11
38144608,29,5,24
38144891,11,6,5
38144960,0,0,0
38145023,6,1,5
38145178,14,7,7
38145263,4,0,4
38145272,0,0,0
38145404,19,5,14
38145705,1,0,1
38145970,7,3,4
38146315,36,14,22
381467,720,269,451
38146742,2,1,1
38146786,8,3,5
38146937,1,2,-1
38147002,28,4,24
38147041,1,0,1
38147366,3,1,2
38148294,7,3,4
3814859,229,70,159
38149108,10,3,7
38149196,3,0,3
38149448,3,0,3
38149742,18,10,8
38149876,3,0,3
38150179,3,0,3
38150213,3,3,0
38150219,1,1,0
38150425,1,0,1
38150677,6,0,6
38150728,5,0,5
38150799,0,0,0
3815102,8,4,4
38151026,0,0,0
38151244,1,1,0
38151297,1,0,1
38151413,2,0,2
38151432,19,12,7
38151599,5,2,3
3815188,7,0,7
38152023,14,6,8
38152439,4,0,4
38152524,10,2,8
38152709,7,3,4
38152831,0,0,0
38152921,1,0,1
38153125,4,1,3
38153278,18,5,13
38153281,7,2,5
38153698,8,5,3
38153701,5,0,5
38154109,5,1,4
38154119,2,2,0
38154452,0,0,0
38154670,14,3,11
38155127,6,2,4
38155648,7,2,5
38155704,4,0,4
38156051,8,0,8
38156127,5,2,3
38156164,0,0,0
38156579,11,6,5
38156646,4,0,4
38156670,1,1,0
38157399,6,1,5
38157569,6,4,2
38157709,37,5,32
38158799,7,0,7
38159018,2,1,1
38159124,5,5,0
38159183,8,1,7
38159891,10,4,6
38160244,10,2,8
38160317,8,0,8
38160321,13,7,6
38161052,0,0,0
38162097,8,1,7
38163275,3,0,3
3816580,634,187,447
38165900,1,0,1
38167731,2,1,1
38169459,9,1,8
38169619,3,1,2
38170789,14,8,6
38171283,6,1,5
38171376,10,1,9
38171580,3,0,3
38171665,0,0,0
38171736,0,0,0
38171901,4,0,4
38172017,4,0,4
38172189,17,2,15
38172439,1,1,0
38172999,31,7,24
38173290,17,5,12
38173312,2,2,0
38173546,4,1,3
38173550,10,4,6
38173577,1,0,1
381741,33,10,23
38174145,4,0,4
38174492,10,5,5
38175032,2,3,-1
38175493,7,1,6
38175724,1,1,0
38175786,2,1,1
38175943,3,0,3
38176035,0,0,0
38176810,4,1,3
38176944,6,0,6
38177300,13,3,10
38177482,1,0,1
3817778,111,38,73
38177789,0,0,0
38178115,2,1,1
38178400,1,1,0
38178670,5,0,5
38178955,3,7,-4
38179142,12,1,11
38179351,29,2,27
38179735,0,1,-1
38179886,8,1,7
38180005,7,4,3
38180047,3,0,3
38180251,0,3,-3
38180720,37,12,25
38180776,2,2,0
38180779,13,0,13
38181171,4,4,0
38181312,2,4,-2
38181355,3,1,2
38181386,9,2,7
38181567,9,1,8
38182252,4,2,2
38183358,6,4,2
38183754,14,1,13
38183945,4,3,1
38183974,3,1,2
38184262,6,3,3
38184484,10,1,9
38184764,1,2,-1
38185314,38,2,36
38185751,3,0,3
38186106,7,6,1
38186473,2,0,2
38186567,13,3,10
38186873,12,3,9
38186902,1,0,1
38187056,8,5,3
38188268,1,0,1
38188271,12,0,12
38188801,1,0,1
38189177,5,1,4
38189183,0,0,0
38189619,3,2,1
38189655,4,1,3
3818981,59,17,42
38189853,11,5,6
38190031,4,1,3
38190081,0,3,-3
38190147,23,5,18
38190453,2,1,1
38190578,9,0,9
381916,203,31,172
38191620,1,1,0
38191697,2,2,0
381929,729,171,558
381930,502,91,411
38194365,10,0,10
38194593,5,0,5
38195354,12,2,10
38196403,2,0,2
38197167,16,0,16
38197794,11,0,11
38197931,5,0,5
38198422,0,0,0
38198955,3,0,3
38199417,7,2,5
38199471,2,0,2
38199601,12,4,8
38199687,24,8,16
38199911,8,9,-1
38199927,2,0,2
38200378,21,2,19
38200607,2,0,2
38200876,5,2,3
38201092,2,2,0
38201482,1,0,1
38201492,0,1,-1
38201889,3,1,2
38202034,0,0,0
38202500,5,2,3
38202591,7,1,6
38203498,11,1,10
38204268,11,1,10
38205569,5,5,0
38205858,24,14,10
38206601,3,2,1
38206810,0,0,0
38207032,16,2,14
38207273,12,3,9
38207439,3,1,2
38207496,3,1,2
38207570,3,1,2
38207778,7,3,4
38207821,1,1,0
38208142,13,4,9
38208501,1,0,1
38208526,2,1,1
38209141,11,7,4
38209154,2,1,1
38209290,0,0,0
38209645,0,0,0
38209886,10,3,7
38210614,4,0,4
38210862,4,0,4
38211160,4,5,-1
38211302,17,3,14
38211336,4,0,4
38211646,4,2,2
38211706,2,0,2
38211931,3,3,0
38212058,7,0,7
38212604,24,5,19
38212639,10,2,8
38213269,23,4,19
38213317,15,0,15
38213635,28,8,20
38214380,5,0,5
38214925,7,0,7
38215814,0,0,0
38216176,14,5,9
38216416,13,2,11
38216687,4,0,4
38218072,7,2,5
38219153,2,1,1
38219709,1,1,0
38219748,1,0,1
38220164,2,3,-1
38220180,8,1,7
38220589,12,5,7
38220724,7,6,1
38221082,24,18,6
38221469,2,0,2
3822187,29,6,23
38221973,7,2,5
38222036,0,0,0
38222264,18,8,10
38222587,0,0,0
38224336,0,0,0
38224423,8,0,8
38224425,5,1,4
38224538,7,0,7
38224846,0,0,0
38225078,4,1,3
38225311,10,1,9
38225680,7,0,7
38225687,5,5,0
38225934,24,7,17
38226191,28,5,23
38226362,6,5,1
38226406,21,2,19
38227838,0,0,0
38229236,7,1,6
38229877,3,0,3
38229916,2,0,2
38230160,17,9,8
38230224,2,2,0
38230888,1,0,1
38230890,10,5,5
38231111,4,0,4
38231179,2,0,2
38231256,14,3,11
38231614,2,0,2
38232001,3,0,3
38232239,4,0,4
38232329,4,1,3
38232394,2,2,0
38232403,4,2,2
38232621,3,1,2
38232694,13,8,5
38233825,10,2,8
3823408,356,190,166
38234095,7,4,3
38234285,2,0,2
38234401,17,1,16
38235087,3,1,2
38235097,2,0,2
38235990,14,5,9
3823637,42,15,27
38236483,12,1,11
38236494,0,0,0
38237386,13,1,12
38237641,0,0,0
38237692,6,0,6
38239933,1,0,1
38243311,8,0,8
3824444,4,2,2
38244616,0,0,0
3824476,41,19,22
38245616,6,0,6
38246027,1,0,1
38246941,6,1,5
38247052,4,0,4
38247203,11,2,9
38247413,5,0,5
38247433,3,2,1
38247732,2,0,2
38247985,0,0,0
38248362,15,3,12
38248473,23,6,17
38248641,27,10,17
38248752,1,1,0
38248775,4,4,0
38249349,16,1,15
38249356,5,1,4
38249433,3,0,3
38249624,4,0,4
38249663,7,2,5
38249730,13,0,13
38249736,6,2,4
38250183,1,0,1
38250579,22,6,16
38251298,2,1,1
38254123,6,5,1
38255839,3,2,1
38256168,5,0,5
38256384,0,0,0
38257329,21,8,13
38257393,4,0,4
38257450,25,4,21
38258227,0,0,0
3825829,27,15,12
38258502,0,3,-3
38259137,2,6,-4
38259308,1,0,1
38259704,1,1,0
38259937,12,3,9
38260212,6,1,5
38260692,19,1,18
38260805,14,5,9
38260919,0,0,0
38260971,15,8,7
38261811,0,0,0
38262074,10,2,8
38262249,6,6,0
38262265,1,0,1
38262293,0,0,0
38262378,5,1,4
38262566,5,0,5
38262587,14,3,11
38262665,9,0,9
382627,1143,487,656
38263150,17,6,11
38263816,4,0,4
38264508,4,0,4
38265774,4,2,2
38272017,5,1,4
38272207,11,5,6
38272953,2,1,1
38273464,0,0,0
38274767,4,0,4
38274780,2,0,2
38275159,15,0,15
38275290,18,4,14
38275368,8,1,7
38275494,4,0,4
38275645,23,2,21
38275682,2,2,0
38275946,4,5,-1
38276909,4,0,4
38277170,7,3,4
38278460,9,2,7
38278822,5,5,0
38279373,8,5,3
38279712,10,3,7
38279950,2,0,2
38280051,7,1,6
38280410,2,0,2
38280795,24,17,7
38280965,1,2,-1
38281423,22,8,14
38282106,20,5,15
38282290,1,0,1
38282391,0,3,-3
38282551,0,0,0
38282623,0,0,0
38282807,2,0,2
38282817,2,0,2
38282822,8,2,6
38282976,8,0,8
38282997,3,2,1
38283297,3,2,1
38283343,0,0,0
38283447,5,1,4
38283529,11,1,10
38283888,5,1,4
38283943,1,0,1
38284726,18,10,8
38284791,23,6,17
38285066,3,4,-1
38285194,1,0,1
38285338,7,4,3
38285404,2,1,1
38285531,10,2,8
38285654,0,0,0
38286106,1,0,1
38286291,22,10,12
38286393,21,1,20
38287562,30,11,19
38287628,0,0,0
38288057,3,1,2
38288117,6,1,5
38288466,8,0,8
38288723,6,6,0
38288906,25,1,24
38289394,5,1,4
38289670,6,4,2
38291103,4,0,4
38291164,3,0,3
38291837,4,1,3
38291950,0,0,0
38293084,3,0,3
38293593,15,6,9
38293680,4,0,4
38295108,16,2,14
38295365,5,3,2
3830158,265,60,205
38302436,17,3,14
38303080,7,6,1
38303749,9,3,6
38304772,4,1,3
38305416,5,0,5
38305462,5,2,3
38305476,24,10,14
38306452,10,4,6
38306454,6,1,5
38306459,9,5,4
38306981,13,1,12
38307036,4,1,3
38307148,8,7,1
38307264,0,0,0
38307275,3,0,3
38307559,2,0,2
38307733,20,3,17
38307850,2,1,1
38307905,1,0,1
38308122,4,1,3
38308143,0,0,0
38308151,20,18,2
38308225,4,1,3
38308604,12,6,6
38308711,0,0,0
38308883,2,1,1
38308922,7,1,6
38308933,10,1,9
38309330,1,1,0
38309355,0,0,0
38309400,1,0,1
38309444,14,8,6
38309601,1,0,1
38309777,8,2,6
38310060,17,4,13
38310263,6,0,6
38310308,5,7,-2
38310364,4,1,3
38310412,6,3,3
38310434,3,1,2
38310659,3,5,-2
38310848,15,1,14
38311075,19,7,12
38311597,5,1,4
38311643,12,2,10
38311779,6,0,6
3831289,14,21,-7
38313270,44,12,32
38313349,15,6,9
38313515,2,0,2
38313610,5,1,4
38313668,1,2,-1
38314157,1,1,0
38314200,14,3,11
38314246,3,0,3
38314463,28,16,12
38314733,1,1,0
38314743,0,0,0
38314817,1,1,0
38315157,0,0,0
38315209,9,5,4
38315489,13,7,6
3831561,30,18,12
38316212,6,7,-1
38316238,2,1,1
38316446,5,0,5
38316770,4,1,3
38317023,19,4,15
38317100,0,1,-1
38317112,0,0,0
38317189,10,3,7
38317464,2,0,2
38317571,6,1,5
38317744,5,2,3
38318188,6,2,4
38318222,17,11,6
38318229,6,3,3
38318760,5,0,5
38319108,0,0,0
38319279,7,1,6
38319679,4,1,3
38319762,13,0,13
38320657,2,0,2
38320911,10,0,10
38321233,6,7,-1
3832145,35,8,27
38321784,14,8,6
38322752,4,0,4
38323114,10,2,8
38323311,2,0,2
38323639,5,0,5
38324141,6,2,4
38324303,30,11,19
38325183,22,3,19
38325249,0,0,0
38325407,0,0,0
38325905,14,7,7
38326356,25,3,22
38327023,3,0,3
38329282,3,0,3
38334294,14,2,12
38334881,21,10,11
38335347,36,11,25
38337238,4,4,0
38337388,0,0,0
38337560,0,0,0
38337567,1,0,1
383382,307,63,244
38338214,3,2,1
38338552,4,0,4
38338604,2,2,0
38338614,2,0,2
38338849,19,2,17
38339108,0,0,0
38340096,7,1,6
38340293,5,2,3
38340381,0,4,-4
38340683,0,1,-1
38340704,0,0,0
38340949,3,1,2
38340993,1,0,1
38341020,6,3,3
38341171,8,0,8
383416,51,10,41
38342490,14,4,10
38342542,4,0,4
38342550,1,1,0
38342610,4,1,3
38342617,3,1,2
38342651,18,3,15
38342676,11,7,4
38342768,19,15,4
38342912,2,3,-1
38343089,6,0,6
38343698,3,2,1
38344062,2,0,2
38344612,15,6,9
38345328,7,0,7
38345525,1,0,1
3834603,29,8,21
38346031,11,7,4
38346268,11,3,8
38346361,9,1,8
38346590,8,12,-4
38346639,2,0,2
38347008,6,3,3
38347234,18,2,16
38347713,26,8,18
38347858,2,0,2
38348619,3,1,2
38348868,1,1,0
38349103,0,0,0
38349220,11,4,7
38349960,0,0,0
38350998,6,2,4
38351321,6,5,1
38354564,2,0,2
38354757,3,1,2
38356867,3,0,3
38356880,17,9,8
38357027,8,1,7
38357174,7,1,6
38358215,11,0,11
38358592,4,1,3
38362451,22,2,20
38363534,2,2,0
38364651,9,2,7
38365882,17,1,16
38366773,9,1,8
38366947,13,1,12
38366999,14,4,10
38367109,2,1,1
38367443,10,16,-6
38367453,0,1,-1
38367469,1,0,1
38367686,11,5,6
38367892,1,0,1
38367928,3,2,1
38368096,1,0,1
38368169,0,0,0
38368501,4,0,4
38368700,0,0,0
38368765,0,0,0
38368946,13,4,9
38368998,11,4,7
38369064,2,0,2
38369084,5,5,0
38369165,1,0,1
38369345,10,1,9
38369471,0,1,-1
38369618,10,4,6
38369720,11,1,10
38369944,4,0,4
38369967,0,0,0
38369991,4,3,1
38370004,10,4,6
38370082,3,1,2
38370268,7,3,4
38370516,7,0,7
38370695,2,0,2
38371049,2,1,1
38371176,17,1,16
38371564,1,0,1
38371759,2,3,-1
38371770,6,0,6
38371959,11,3,8
38372472,2,1,1
38372475,10,4,6
38372726,20,4,16
38373005,3,0,3
38373027,0,0,0
38373082,21,15,6
38373206,1,1,0
38373591,10,2,8
38374016,6,3,3
38374129,1,0,1
38374589,1,1,0
38375028,19,4,15
38375033,21,11,10
38375059,4,1,3
38375098,10,0,10
38375107,3,2,1
38375123,8,1,7
38375941,22,12,10
38376421,14,1,13
38377149,0,0,0
38377295,6,0,6
38377733,3,0,3
38378603,6,0,6
38378817,10,0,10
38379018,14,4,10
38379055,2,0,2
3837911,173,52,121
38379218,0,0,0
38379759,35,5,30
38380473,0,0,0
38381833,19,0,19
38382482,6,0,6
3838369,260,73,187
38384225,6,2,4
38385109,2,1,1
38385369,3,0,3
38385446,2,0,2
38385499,7,3,4
38386214,3,2,1
38386575,7,2,5
3838954,11,6,5
38392474,12,3,9
38393063,5,1,4
3839509,7,2,5
38395760,12,1,11
38395904,12,7,5
38396551,9,2,7
38396568,1,2,-1
38396645,4,2,2
38396743,3,1,2
38396879,1,0,1
38396977,2,0,2
38397210,2,1,1
38397296,5,2,3
38398091,1,0,1
38398365,1,2,-1
38398618,9,5,4
38398848,2,0,2
38398877,2,0,2
38399038,1,0,1
38399213,0,1,-1
38399866,5,0,5
38400057,11,2,9
38400457,4,0,4
38401328,2,0,2
38401536,3,1,2
3840204,247,139,108
38402096,0,0,0
38402817,4,2,2
38402982,4,2,2
3840336,156,28,128
38403515,15,2,13
38403659,20,7,13
38403800,0,0,0
38403894,5,5,0
38403929,7,5,2
38404026,13,1,12
38404214,2,1,1
38404977,5,1,4
38405449,2,1,1
38405573,3,1,2
38405665,6,4,2
38405786,7,1,6
38405847,9,1,8
38406649,1,0,1
38407,494,183,311
38408723,5,1,4
38408823,1,2,-1
38408849,0,0,0
38409405,9,3,6
38409797,9,0,9
38409871,2,1,1
38410443,3,4,-1
38410621,5,1,4
38410853,2,1,1
38411183,2,6,-4
38411333,0,0,0
38411671,13,7,6
3841205,59,11,48
38412513,4,4,0
38413022,10,3,7
38413356,8,1,7
3841801,39,16,23
38418308,6,0,6
38419087,0,0,0
3841945,369,123,246
38420402,6,1,5
3842091,54,45,9
38421031,4,1,3
38421320,14,6,8
38421877,5,0,5
38422202,7,1,6
38422638,5,8,-3
38423030,3,0,3
38423694,9,3,6
38423769,0,0,0
38423775,7,2,5
38423935,23,15,8
38424073,9,4,5
38424318,3,0,3
3842511,597,110,487
38425431,6,2,4
38425758,8,2,6
38425802,3,2,1
38425816,3,1,2
38426135,5,0,5
38426537,8,2,6
38427167,8,0,8
38427193,7,6,1
38427452,3,1,2
38428086,22,9,13
38430202,2,0,2
38430217,7,0,7
38430254,2,0,2
38430365,10,5,5
38430586,16,2,14
38430946,0,1,-1
38431389,0,0,0
384315,231,83,148
384317,14,4,10
38432425,1,0,1
38432544,9,2,7
38432946,5,3,2
38433138,3,0,3
38433311,22,5,17
38433345,0,0,0
38433827,2,3,-1
38434253,0,0,0
38435128,3,2,1
38435453,0,0,0
38435850,3,0,3
38435939,3,1,2
38436002,4,2,2
38436124,15,4,11
38436204,7,0,7
38437758,10,8,2
3844276,7,5,2
38444728,2,0,2
38444877,10,1,9
38445377,5,0,5
38445407,0,0,0
38446036,18,4,14
38446490,9,5,4
38446602,6,0,6
38446889,6,2,4
38447219,1,0,1
38447273,3,1,2
38447558,2,0,2
38448057,8,0,8
38448255,9,6,3
38448812,19,3,16
38450201,2,0,2
38450384,10,9,1
38450876,1,2,-1
3845116,32,15,17
38451743,17,2,15
38451828,5,4,1
38451926,9,2,7
38452018,5,2,3
38452677,1,0,1
38452810,8,3,5
38452863,5,3,2
38453032,1,0,1
38453159,11,2,9
38453271,2,1,1
38453373,12,0,12
3845399,6,3,3
38454835,4,1,3
38455880,4,0,4
38456728,3,0,3
38457325,9,0,9
38457397,20,15,5
38457498,13,0,13
38458005,0,0,0
38458187,2,0,2
3845849,3,1,2
38459153,5,1,4
38459197,24,10,14
38459623,10,2,8
38459669,1,0,1
38459702,0,0,0
38459766,3,1,2
38460661,3,1,2
38460762,7,0,7
38462465,4,1,3
38462692,1,0,1
3846508,48,7,41
38467671,11,7,4
38469040,2,0,2
38469767,0,0,0
38470031,0,0,0
38470893,0,2,-2
38471752,0,0,0
38471821,8,1,7
38472739,10,3,7
38473093,6,0,6
38473143,2,2,0
38473195,3,3,0
38473296,8,2,6
38473335,15,3,12
38473642,0,2,-2
38473788,17,11,6
38474062,20,2,18
38474400,3,0,3
38474534,0,1,-1
38474741,7,3,4
38474765,1,0,1
38475179,4,0,4
38475187,0,0,0
38475303,10,3,7
38475520,0,0,0
38476289,18,5,13
38476329,0,0,0
38476481,3,0,3
38476504,6,1,5
38476607,6,1,5
38477371,0,1,-1
38477564,9,6,3
38477612,12,0,12
38477635,0,0,0
38477918,4,4,0
38478197,11,2,9
38478250,0,0,0
38478276,7,0,7
38478428,0,0,0
38478512,3,1,2
38478572,11,0,11
38478681,17,3,14
38478944,5,4,1
38479093,28,7,21
38479813,2,0,2
38479905,13,3,10
38479976,3,0,3
38480451,15,2,13
38480527,7,3,4
38481481,6,1,5
38481806,5,5,0
38481850,0,0,0
38482880,3,0,3
38482931,4,0,4
38483250,11,7,4
38483324,4,1,3
38484042,9,7,2
38484280,9,17,-8
38485259,9,1,8
38485573,8,2,6
38485810,11,2,9
38485855,6,0,6
38486198,3,1,2
3848632,90,19,71
38486984,3,0,3
38487249,6,0,6
3848726,36,13,23
38487286,2,0,2
38487471,3,2,1
38489352,7,2,5
38490145,1,0,1
38490152,5,1,4
38490422,7,3,4
38491646,8,2,6
38498511,1,0,1
38499081,5,1,4
38499847,1,2,-1
38500742,0,0,0
38501306,4,0,4
38501704,3,0,3
38502100,11,4,7
3850224,33,9,24
38502579,10,7,3
38503002,7,1,6
38503546,0,0,0
38503889,7,3,4
38504175,14,11,3
38504284,24,7,17
3850471,23,8,15
38505066,3,1,2
38505113,0,0,0
3850515,0,0,0
38505227,5,0,5
38505533,5,0,5
38505550,6,2,4
38505676,0,0,0
38506068,2,0,2
38506111,15,2,13
38506124,2,1,1
38506207,8,2,6
38506283,6,3,3
38506292,1,0,1
38506439,0,0,0
38506575,10,1,9
38506987,12,3,9
38507102,3,1,2
38507129,5,5,0
38507253,3,0,3
38507353,0,0,0
3850799,35,15,20
38508006,6,1,5
38508490,10,1,9
38508742,2,2,0
38508831,32,10,22
38508856,7,1,6
38509176,17,10,7
38509662,0,0,0
38510287,12,1,11
38510855,5,0,5
38511072,2,0,2
38511128,2,0,2
38511277,16,1,15
38511349,7,3,4
38511496,4,0,4
3851180,41,10,31
38512641,5,0,5
38513083,6,2,4
38513368,9,4,5
38515002,5,1,4
38515228,4,0,4
38515713,10,2,8
38515896,13,3,10
38516392,0,0,0
38517170,1,0,1
38517185,0,0,0
38517562,6,2,4
38518438,23,4,19
38518476,9,1,8
38518590,8,0,8
38519022,4,1,3
38519277,17,11,6
38519324,29,7,22
38519384,1,0,1
38519400,4,0,4
38519436,11,2,9
38519592,4,1,3
38519630,0,0,0
38520464,5,1,4
38520806,3,0,3
38522222,8,2,6
38523429,4,0,4
38529663,0,0,0
38529666,8,4,4
38529878,3,1,2
38530180,13,4,9
38530707,4,1,3
38531433,4,0,4
38531583,20,5,15
38531655,3,1,2
38531841,9,1,8
38532525,1,1,0
38532579,8,1,7
38532662,0,0,0
38532726,2,0,2
38533093,6,0,6
38533798,13,3,10
38533859,24,4,20
38534015,18,1,17
38534185,0,0,0
38534341,1,0,1
38534673,8,3,5
38534674,2,1,1
38534767,8,0,8
38535107,8,2,6
38535173,5,0,5
38535193,7,4,3
38535297,7,0,7
38535796,5,0,5
38536157,1,0,1
38536689,3,1,2
38536691,11,0,11
38536870,2,0,2
38536922,7,1,6
38537021,7,1,6
38537068,7,0,7
38537563,7,0,7
3853766,75,19,56
38538435,2,1,1
38538698,0,0,0
3853897,61,31,30
38539385,1,0,1
38539470,3,0,3
38539899,2,0,2
38539961,5,1,4
38540178,13,0,13
38540867,0,2,-2
38541733,4,1,3
38542101,3,2,1
38542536,2,1,1
38542688,0,0,0
38542737,9,2,7
38542945,3,1,2
38543013,13,2,11
38543150,31,8,23
38543461,3,2,1
38544114,1,0,1
38544515,17,12,5
38544799,3,0,3
38545090,3,1,2
38545119,0,0,0
38545214,14,2,12
38545792,1,0,1
38545956,6,0,6
38546139,3,0,3
38546811,16,5,11
38547777,9,1,8
38548382,6,1,5
38548427,5,0,5
38548471,12,2,10
38548506,21,3,18
38548725,8,4,4
38549109,1,1,0
38549254,0,1,-1
38549272,8,2,6
38549381,20,0,20
38549403,28,17,11
38549741,7,2,5
38550090,8,8,0
38550371,0,0,0
38550580,3,2,1
38550636,3,0,3
38551187,6,2,4
3855375,1381,378,1003
3855426,247,76,171
38556872,5,0,5
38558564,21,8,13
38558770,14,4,10
38560382,23,5,18
38561345,3,0,3
38561469,8,1,7
38562315,1,0,1
38563180,3,0,3
38563479,4,2,2
38563612,0,0,0
38563615,2,0,2
38563922,4,0,4
38564367,9,0,9
38564525,2,0,2
38564853,6,5,1
38565219,1,0,1
38566331,4,0,4
38566500,3,1,2
38566522,3,0,3
38567016,4,1,3
38567801,5,2,3
38567843,0,0,0
38568089,1,0,1
38568175,2,0,2
38568999,2,0,2
38569009,2,2,0
38569069,5,2,3
38569116,13,14,-1
38569633,5,3,2
38570419,1,0,1
38570532,7,0,7
38570581,4,1,3
38570803,7,2,5
38570926,2,5,-3
38571732,0,0,0
38572235,8,3,5
38572754,10,1,9
38573140,18,7,11
38573824,12,3,9
38573978,5,1,4
38574265,11,2,9
38574613,0,0,0
38575173,2,0,2
38575413,3,0,3
38576220,9,6,3
38576919,0,0,0
38576960,12,0,12
38577139,0,0,0
38577209,18,1,17
38577448,21,8,13
38578201,8,3,5
38578790,7,2,5
38578898,7,7,0
38578945,7,1,6
38579077,13,7,6
38579394,33,8,25
38579884,2,1,1
38579912,5,3,2
38579921,2,0,2
38580105,14,8,6
38580162,2,1,1
38580243,12,2,10
38580436,3,0,3
38580510,7,1,6
38582150,11,2,9
38582944,4,1,3
38587642,5,0,5
3858819,75,31,44
38588335,5,1,4
38589524,8,0,8
38589909,1,0,1
38591510,10,5,5
38591757,4,1,3
38591830,27,3,24
38591939,12,3,9
38592036,2,0,2
38592094,18,1,17
38592214,4,1,3
38592520,6,6,0
38592843,10,0,10
38593041,6,2,4
3859305,34,7,27
38593108,14,4,10
38593500,9,4,5
38593667,4,0,4
38593985,3,1,2
38594016,0,0,0
38594101,4,0,4
38594384,6,2,4
38594590,1,2,-1
38594647,6,6,0
38594779,7,3,4
38594876,5,0,5
38594913,0,0,0
38595125,4,1,3
38595129,0,1,-1
38595363,3,1,2
38595651,3,0,3
38595766,12,3,9
38595817,0,0,0
38596188,3,0,3
38596503,10,1,9
38596611,1,1,0
38596749,2,0,2
38597151,37,31,6
38597272,4,1,3
38597442,0,0,0
38597469,2,1,1
38597497,19,3,16
38597782,6,0,6
38598917,6,0,6
38599054,2,2,0
38599179,0,0,0
38599398,1,0,1
38599579,8,3,5
38599597,5,0,5
38599607,51,19,32
38599660,8,0,8
38599951,15,9,6
38602236,5,1,4
38603102,2,0,2
38603403,2,1,1
38603416,12,5,7
38603674,12,0,12
38603763,2,1,1
38604178,3,1,2
38604498,11,2,9
38604502,3,1,2
38604997,7,7,0
38605,1069,178,891
38605003,17,7,10
38605633,11,2,9
38606024,2,0,2
3860604,670,117,553
38608627,0,0,0
38609144,3,0,3
38609384,4,1,3
38610,82,11,71
3861032,24,9,15
38610705,0,0,0
38611275,17,6,11
38611320,13,3,10
38612440,5,2,3
38613420,0,0,0
38614380,8,1,7
38614892,5,5,0
38615121,8,3,5
38615637,3,2,1
38616337,1,0,1
38616386,2,1,1
38617018,3,1,2
38617182,4,1,3
38618747,8,0,8
38619210,18,2,16
38620418,11,1,10
38621270,8,0,8
38621596,5,1,4
38622355,26,4,22
38622479,20,1,19
38622576,5,0,5
38622643,3,0,3
38622782,11,0,11
38623101,20,2,18
38623159,24,6,18
38623261,10,1,9
38623477,11,1,10
38623767,0,0,0
38623952,1,0,1
38623979,10,5,5
38624023,3,0,3
38624133,2,0,2
38624145,0,0,0
38624415,15,5,10
38624562,1,0,1
38625152,3,0,3
38629442,12,3,9
38631632,5,0,5
38631934,16,0,16
38632466,3,0,3
38633046,3,3,0
38633121,9,0,9
38633283,35,5,30
38633567,8,0,8
38633989,3,1,2
38634178,0,0,0
38634711,6,1,5
38634945,17,2,15
38635472,16,5,11
38635597,8,0,8
38635949,8,7,1
38636280,3,1,2
38637409,14,3,11
38637610,2,0,2
38638230,13,2,11
38638257,8,0,8
38638524,2,0,2
38638646,10,1,9
38638950,1,0,1
38639282,12,3,9
38639404,2,1,1
38639808,14,2,12
38641733,15,0,15
3864191,25,11,14
38642048,6,1,5
38642344,9,0,9
38643026,8,5,3
38643302,11,1,10
3864377,113,13,100
38644920,11,2,9
38645259,0,3,-3
38645270,4,3,1
38645421,4,1,3
38645771,3,0,3
38646270,1,0,1
38646434,2,1,1
3864695,120,51,69
38647330,0,0,0
3864776,222,133,89
38651961,3,1,2
38652524,0,0,0
38653943,6,1,5
38655461,2,0,2
38655527,19,4,15
38655654,11,2,9
3865581,106,23,83
38655889,0,0,0
38656894,5,0,5
38657470,0,0,0
38657622,1,2,-1
38657747,0,6,-6
38657797,6,2,4
38657946,5,0,5
38658037,0,0,0
38658251,6,2,4
38658454,1,1,0
38658591,2,2,0
38659229,2,0,2
38659271,5,0,5
38659512,4,4,0
38661105,24,3,21
38661117,2,0,2
38661249,11,4,7
38661264,5,2,3
38661802,0,0,0
38662204,12,2,10
38662228,17,2,15
38662502,9,7,2
3866274,354,86,268
38662900,13,1,12
38663061,5,1,4
38663080,1,2,-1
38663234,28,8,20
38663418,3,0,3
38663491,3,0,3
38663913,13,2,11
38664252,15,7,8
38664257,32,6,26
38664408,2,0,2
38664554,2,0,2
38664775,4,0,4
38664868,1,0,1
38665138,16,1,15
38665425,1,0,1
38665452,0,0,0
38665629,0,0,0
38666942,2,0,2
38666987,11,1,10
38668226,11,2,9
38668349,10,4,6
38668606,1,1,0
38668796,9,0,9
38669334,0,0,0
38670087,2,0,2
38670238,8,3,5
38670315,2,1,1
38670538,5,0,5
38671426,1,0,1
3867160,362,100,262
38671746,8,7,1
38672291,5,2,3
38672369,5,1,4
38672387,6,2,4
38672661,4,1,3
38672709,23,7,16
38672930,1,2,-1
38673296,33,21,12
38673378,6,1,5
38673586,5,4,1
3867360,192,49,143
38673797,8,2,6
38674211,33,22,11
38675351,0,0,0
38675566,3,0,3
38679827,1,0,1
38679840,5,8,-3
38679887,3,2,1
38681353,8,1,7
38681972,4,0,4
38682295,17,22,-5
38683810,18,3,15
38684293,5,2,3
38684377,9,3,6
3868458,170,61,109
38684605,1,0,1
38684611,3,0,3
38684788,2,0,2
38684844,9,3,6
38684978,2,1,1
38685020,5,0,5
38685256,4,0,4
38685877,1,0,1
38686047,2,0,2
38686720,7,5,2
38687022,14,3,11
38687539,5,0,5
38687717,5,0,5
38687944,4,1,3
38687986,2,0,2
38688245,0,0,0
38688408,3,1,2
38688427,1,0,1
38688782,2,0,2
38688821,9,4,5
38688867,0,0,0
38689047,9,0,9
38689132,0,0,0
38689451,1,0,1
38690113,9,3,6
38690197,2,0,2
38690417,6,2,4
38690953,2,0,2
38692207,3,2,1
38692211,4,2,2
38692232,7,1,6
38692269,2,1,1
38692308,3,0,3
38692402,2,3,-1
38692555,12,2,10
38693553,16,2,14
38693867,0,0,0
38695225,1,1,0
38695227,2,0,2
38695833,12,4,8
38695912,11,0,11
386965,41,3,38
38696802,0,0,0
386969,19,8,11
38697199,4,1,3
38698981,3,0,3
38699204,5,0,5
38699293,2,2,0
38699347,3,0,3
38699613,1,0,1
38699919,4,0,4
38700168,10,2,8
38700932,4,1,3
38701594,4,0,4
38701865,9,2,7
38702659,3,0,3
38702989,9,2,7
38703279,14,4,10
38707797,10,1,9
38707835,3,2,1
38708115,1,1,0
38710664,8,3,5
38710938,2,0,2
38710986,3,3,0
38710995,1,1,0
38711007,6,7,-1
38711011,2,0,2
38711550,7,1,6
38711569,1,0,1
38711589,0,0,0
38712047,10,2,8
38712102,3,1,2
38712319,3,2,1
38712848,17,8,9
38712960,3,1,2
38713009,6,1,5
38713308,2,1,1
38713378,0,1,-1
38713639,2,2,0
38713645,7,2,5
38713802,1,3,-2
38714374,6,1,5
38714419,3,2,1
38714912,2,5,-3
3871502,3,0,3
38715127,0,0,0
38715162,0,0,0
38715235,4,0,4
38715277,5,2,3
38715356,0,0,0
38715616,5,2,3
38715806,6,6,0
38715899,0,0,0
38716061,2,0,2
38716319,3,2,1
38716354,15,2,13
38716442,4,5,-1
38716794,0,1,-1
38716898,7,3,4
38717087,15,2,13
38717129,9,1,8
38717754,1,1,0
38718256,4,1,3
38718522,14,5,9
3871898,8,3,5
3871899,2,1,1
38719038,1,0,1
38719074,3,1,2
38719586,0,0,0
38719775,4,5,-1
38719930,1,0,1
38719942,5,0,5
38720058,0,0,0
38720124,5,1,4
38720205,3,1,2
38720579,1,3,-2
38720621,7,2,5
38721010,7,0,7
38721185,3,2,1
38721283,5,1,4
38722205,8,0,8
38722786,10,5,5
3872299,233,62,171
38723045,0,0,0
38723285,6,2,4
38723705,2,0,2
38724001,1,0,1
38724049,3,2,1
38725208,8,0,8
38725637,0,0,0
38726012,8,2,6
38726694,0,0,0
38726744,0,0,0
38726788,19,3,16
38727479,0,0,0
38727710,6,2,4
38728179,1,0,1
38728928,1,0,1
38730284,22,1,21
3873331,0,0,0
38735931,3,1,2
38737008,2,0,2
3873762,96,41,55
38738074,12,6,6
38738454,0,0,0
38738460,11,10,1
38738832,5,1,4
38738866,9,1,8
38738981,3,0,3
38739216,1,0,1
38739513,0,0,0
38739627,4,1,3
38740212,0,1,-1
38741030,6,2,4
38741453,1,0,1
38741495,0,0,0
38741544,1,2,-1
38741991,7,5,2
38743184,1,0,1
38743908,24,0,24
38744035,0,0,0
38744214,0,0,0
38744501,2,0,2
3874544,38,16,22
38745722,3,0,3
38746042,4,1,3
38746181,13,15,-2
38746460,2,0,2
38746518,32,7,25
38746553,2,0,2
38746797,1,2,-1
38746831,12,2,10
38746850,6,3,3
38747214,2,0,2
38747291,10,2,8
38747620,5,0,5
38748109,2,1,1
38748392,4,1,3
38748398,1,0,1
38748924,4,1,3
38749283,1,0,1
38749356,0,0,0
38749846,0,1,-1
38750021,0,0,0
38750328,3,0,3
38750501,1,0,1
38750609,8,2,6
38750698,2,0,2
38750966,3,3,0
38751098,2,0,2
38751101,5,1,4
38751181,3,2,1
38751304,6,1,5
38751428,2,0,2
38751453,3,4,-1
38751464,5,2,3
38751982,3,0,3
38752279,17,10,7
38752351,3,2,1
38752538,2,2,0
38753037,3,10,-7
38753050,16,2,14
38753118,6,0,6
38753718,3,0,3
38753954,4,7,-3
38754285,0,0,0
38754329,1,0,1
38755460,16,8,8
38756171,7,2,5
38756745,3,0,3
38756886,3,0,3
3875713,40,3,37
38758018,16,9,7
38760192,0,5,-5
38764217,1,0,1
38764733,10,0,10
38765343,18,3,15
38765744,0,0,0
38766814,4,6,-2
38766903,5,0,5
38766953,10,3,7
38767004,11,3,8
38767310,0,0,0
38768259,4,1,3
38768349,2,2,0
38768497,10,1,9
38768678,0,0,0
38768989,5,0,5
38769228,3,2,1
38770117,13,7,6
38770253,1,0,1
38770384,0,1,-1
38771220,1,0,1
38771517,15,2,13
38771661,4,2,2
38771866,3,4,-1
38771982,3,0,3
38772255,7,3,4
38772484,0,0,0
38772518,1,0,1
38772738,1,0,1
38772863,4,4,0
38772917,3,0,3
38773003,0,0,0
38773296,1,0,1
38773404,18,4,14
38773512,4,0,4
38773708,3,0,3
38773865,8,3,5
38774072,0,0,0
38774082,1,1,0
38774129,0,0,0
38774657,10,1,9
38775829,1,0,1
38775884,6,1,5
38776414,10,4,6
38776419,1,0,1
38776479,1,0,1
38777019,15,4,11
38777212,10,3,7
38777583,3,1,2
38777862,3,0,3
38778165,3,2,1
38778891,6,0,6
38778951,4,1,3
38781515,5,0,5
38781697,7,1,6
38781711,7,0,7
387835,376,48,328
38786149,11,1,10
38788081,3,0,3
38788217,11,6,5
38788369,4,0,4
38788375,7,1,6
38789252,2,0,2
38789840,4,3,1
38790735,2,0,2
38792313,5,2,3
38792332,3,0,3
3879286,5,2,3
38792919,7,0,7
38792977,10,4,6
387935,6,2,4
38793832,0,0,0
38793850,28,2,26
387939,255,93,162
38794965,0,0,0
38796510,0,0,0
38796787,2,0,2
38797255,4,0,4
38800006,10,3,7
38800048,5,1,4
38800786,3,2,1
388009,116,28,88
38801937,16,7,9
388030,106,19,87
388032,248,40,208
3880345,55,26,29
388037,5,0,5
38806634,13,7,6
38807505,2,1,1
38808324,4,0,4
38808703,0,1,-1
38808733,3,1,2
38808756,7,1,6
38809030,3,0,3
38809060,5,3,2
38809312,0,0,0
38809517,2,1,1
38809557,0,0,0
38809804,3,0,3
38810037,4,0,4
38810685,2,0,2
38810697,4,0,4
388115,5,0,5
38811615,2,0,2
38811813,6,5,1
38812254,1,0,1
38812285,4,0,4
38812990,1,2,-1
38813057,1,0,1
38814353,0,0,0
38814467,7,3,4
38815688,29,3,26
3881570,20,3,17
38816508,1,1,0
38817007,1,0,1
38817300,15,4,11
38817612,1,0,1
38818028,8,2,6
38818534,3,0,3
38818806,29,5,24
38819188,0,0,0
38820066,1,0,1
38820128,5,1,4
38820144,15,4,11
38820574,2,3,-1
38820646,13,5,8
38820654,0,0,0
38820852,5,3,2
38821018,1,0,1
38821131,16,0,16
38821134,19,5,14
38821164,4,1,3
38821583,23,8,15
38822096,0,0,0
38822184,1,1,0
38822808,2,0,2
38823290,2,1,1
38823806,3,4,-1
38824295,1,0,1
3882483,424,112,312
38825243,14,2,12
38826419,1,2,-1
38827185,2,0,2
38830283,1,0,1
38830598,2,0,2
388306,1,0,1
3883065,202,36,166
388315,476,171,305
38831578,9,1,8
38831622,7,1,6
38831880,4,1,3
38832450,0,0,0
38833266,6,0,6
38833941,0,0,0
38834288,3,3,0
38834913,7,1,6
38835103,3,1,2
38835346,0,0,0
38836472,11,3,8
38836580,2,0,2
38836743,3,1,2
38836791,1,0,1
388369,329,40,289
38837116,0,0,0
38837354,2,2,0
38837507,6,1,5
388377,104,22,82
38837878,5,2,3
388379,786,167,619
38838094,10,2,8
38839580,4,0,4
38839611,0,0,0
38839615,4,2,2
38840713,27,12,15
388411,45,5,40
38841786,2,0,2
388422,635,123,512
38842381,0,0,0
38842919,26,3,23
38844019,7,0,7
38844321,4,0,4
38845094,2,2,0
38845319,12,3,9
38846720,5,1,4
38846872,37,4,33
38846898,5,0,5
38846901,11,1,10
38846904,6,0,6
38847094,1,0,1
38848270,2,0,2
38848492,5,1,4
38849560,11,1,10
38849974,0,1,-1
38850080,6,0,6
38850134,5,0,5
3885413,6,0,6
38855839,0,0,0
38857336,7,4,3
38859211,4,3,1
38860670,1,1,0
38860765,0,0,0
38861681,5,3,2
38861760,7,2,5
38861782,3,0,3
38861959,2,0,2
38862400,4,2,2
38862666,0,1,-1
38863375,9,13,-4
38863942,5,1,4
38864153,1,0,1
388644,10,0,10
38865474,3,0,3
38866112,10,3,7
38866579,3,0,3
38866612,2,0,2
38866809,0,0,0
38866875,0,0,0
38866889,6,0,6
38866958,11,0,11
38867016,0,0,0
38867049,20,4,16
38867369,11,0,11
388674,172,36,136
38868347,2,3,-1
38868619,3,0,3
38869610,4,0,4
38869834,8,1,7
388700,81,19,62
38870113,2,0,2
38870556,0,1,-1
38870623,6,1,5
38871096,4,1,3
38871154,2,0,2
38871255,6,1,5
38871267,2,0,2
38871324,7,3,4
38871569,0,0,0
38871963,4,1,3
38872020,16,1,15
38872522,4,0,4
38873102,4,0,4
38873732,4,0,4
38873812,7,2,5
38874130,10,9,1
38874173,11,3,8
38874216,2,0,2
38874263,2,0,2
38874286,1,0,1
38874478,9,1,8
38874631,0,0,0
38874676,1,1,0
38875228,12,4,8
38875669,4,0,4
38876082,8,4,4
38876603,14,1,13
388767,1374,309,1065
388768,58,20,38
38877717,8,2,6
388817,91,8,83
3888460,180,51,129
38885205,0,0,0
38886474,11,3,8
38887118,0,0,0
38887604,5,3,2
3888890,96,38,58
38888938,7,4,3
38889171,0,0,0
38889187,5,1,4
38889451,1,0,1
38890374,3,2,1
38890427,8,2,6
38890568,4,4,0
38890867,4,0,4
38891070,9,2,7
38891556,4,1,3
38892333,4,3,1
38893052,2,0,2
38894090,1,0,1
38894565,8,0,8
38895145,3,1,2
38895448,4,1,3
38895469,6,1,5
38895691,1,0,1
38895958,1,0,1
3889597,0,0,0
38896249,0,0,0
38896381,0,1,-1
38897139,6,1,5
38897155,7,3,4
38897184,0,0,0
38897563,4,0,4
3889767,250,29,221
38897758,4,0,4
38897869,6,0,6
38897966,17,6,11
38898199,1,0,1
38898213,0,0,0
38898656,6,3,3
38899011,0,0,0
38899457,3,0,3
38899553,3,1,2
38899897,0,0,0
38900046,15,1,14
3890015,33,5,28
38900169,0,0,0
38900237,14,3,11
38900693,1,0,1
38900817,7,0,7
38902136,5,0,5
38902412,3,0,3
38903535,17,8,9
38903559,2,1,1
38904128,3,0,3
38904256,2,0,2
38904389,0,1,-1
38904964,0,0,0
38905323,4,1,3
38905751,5,0,5
38905899,3,0,3
389079,226,40,186
389125,248,24,224
38913252,5,7,-2
38914677,2,1,1
38914952,1,1,0
38915046,4,2,2
38915872,1,0,1
38915878,0,1,-1
38915937,2,0,2
38916014,4,2,2
38916145,2,2,0
38916220,6,3,3
38916382,7,1,6
38916386,8,5,3
38916502,8,3,5
38916531,1,0,1
38917243,2,2,0
38917274,0,0,0
38917315,4,3,1
38917371,4,1,3
38917577,1,0,1
389176,165,43,122
38917628,3,2,1
38918007,1,3,-2
38918163,7,10,-3
38918166,5,1,4
38918260,2,0,2
38919107,1,0,1
38919267,2,0,2
38919268,0,0,0
38919342,8,3,5
38920646,2,0,2
38920691,11,4,7
38920713,6,1,5
38920863,3,0,3
38920959,1,0,1
38921305,2,0,2
38921377,0,0,0
38921399,9,4,5
3892183,133,46,87
38922033,4,0,4
38922356,6,3,3
38922678,7,0,7
38922824,0,0,0
38922870,3,2,1
38923243,1,0,1
38923533,2,0,2
38924447,3,4,-1
38924603,10,5,5
38924882,5,0,5
38925114,1,2,-1
38925470,3,0,3
38925818,8,1,7
38925980,3,2,1
38926032,10,3,7
38926541,0,0,0
38927219,0,0,0
38927322,8,0,8
38928067,2,0,2
38928601,5,1,4
38928633,1,0,1
38929089,0,0,0
38929712,0,0,0
38930272,17,4,13
38930805,2,0,2
38930814,8,1,7
38930990,0,0,0
38931357,5,1,4
38931437,2,0,2
38931996,3,2,1
3893304,70,17,53
3893713,115,37,78
38938505,1,0,1
38939743,7,1,6
38942079,5,2,3
3894307,13,10,3
38944001,5,0,5
38944758,17,3,14
38944969,7,3,4
38944973,3,1,2
38945093,9,4,5
38945299,2,1,1
38945404,3,0,3
38945617,9,2,7
38945689,4,1,3
38945879,5,0,5
38946183,4,1,3
38946394,2,2,0
38946594,4,1,3
38947015,2,0,2
38947974,4,1,3
38948447,2,1,1
38948463,4,0,4
38948656,0,0,0
38948721,4,1,3
38949232,2,1,1
38949276,12,3,9
38949395,0,0,0
38949517,0,0,0
38949685,8,1,7
38949695,0,0,0
38949975,1,0,1
38950173,0,0,0
38950281,2,4,-2
38951260,14,3,11
38951275,2,0,2
38951387,1,0,1
38951645,0,1,-1
38951707,9,1,8
38952422,13,0,13
38952797,1,0,1
38953006,4,0,4
38953950,7,0,7
38954110,13,2,11
38954224,0,0,0
38954500,5,0,5
38954535,20,6,14
38955046,21,1,20
3895544,11,1,10
38955727,2,1,1
38955775,2,0,2
38955908,3,0,3
38956120,4,3,1
389570,55,15,40
38957169,9,5,4
38957366,4,0,4
38957379,7,0,7
38958232,7,4,3
38958262,7,7,0
38958802,29,2,27
38959226,4,0,4
38959439,15,6,9
38962385,0,2,-2
38963568,17,5,12
38964454,3,1,2
38966804,10,2,8
38966994,4,0,4
38967731,2,0,2
38968017,0,0,0
3896814,102,37,65
38969019,11,2,9
38969807,2,3,-1
38969916,9,5,4
38970103,4,4,0
38970333,0,0,0
38970713,2,0,2
38970998,2,1,1
38971858,8,7,1
38971994,9,1,8
38972160,3,2,1
38972689,6,2,4
38973440,6,1,5
38973546,5,0,5
38973842,1,0,1
38973913,11,1,10
38974420,0,4,-4
38974636,2,0,2
38974821,11,1,10
3897521,15,6,9
38975615,6,1,5
38975890,23,6,17
38976042,8,0,8
38976070,17,1,16
38977068,0,0,0
38977100,5,2,3
38977433,6,0,6
38977772,1,2,-1
38977803,4,1,3
38978668,0,1,-1
38978677,2,0,2
389793,223,47,176
38979614,3,7,-4
389862,187,44,143
38986744,16,4,12
38988156,12,5,7
38988506,1,0,1
38988515,2,0,2
38988600,1,0,1
38989288,8,2,6
38989411,2,0,2
38990355,1,0,1
38990468,1,0,1
38990915,5,3,2
38991153,0,0,0
38991237,2,0,2
38991326,2,0,2
38991826,2,0,2
38992050,6,3,3
38992144,2,0,2
38992823,9,2,7
38992854,5,2,3
38993457,7,2,5
38993597,10,2,8
38993699,2,1,1
38993789,1,0,1
38993820,5,9,-4
38994243,2,0,2
38994646,3,0,3
38994867,6,1,5
38995211,3,1,2
389956,109,28,81
38996006,22,3,19
38996066,1,0,1
38996224,6,0,6
389967,78,16,62
38997375,4,2,2
38997753,0,0,0
38998302,18,4,14
38998818,6,0,6
38999012,0,3,-3
38999399,3,0,3
38999615,11,2,9
38999707,12,5,7
38999825,3,1,2
39000020,11,6,5
39001199,1,0,1
39001340,1,5,-4
39001718,14,7,7
39002298,3,1,2
39003176,2,0,2
39003409,0,0,0
390041,50,10,40
39004490,0,0,0
39004854,3,0,3
390053,437,92,345
39008042,4,0,4
39008569,12,4,8
3900987,111,12,99
39011864,0,0,0
39012140,4,0,4
39012720,2,0,2
39013234,0,0,0
39013569,0,0,0
39014022,4,0,4
39014761,3,0,3
39014775,2,1,1
39014895,3,1,2
39015329,19,8,11
390156,147,49,98
39015638,1,2,-1
39015839,4,2,2
39015989,0,0,0
39016057,9,1,8
39016059,2,1,1
39016837,3,0,3
39017017,5,0,5
39017238,7,1,6
39017323,5,1,4
39019099,5,0,5
39019200,2,1,1
39020428,4,7,-3
39020870,3,0,3
39021271,15,9,6
39022660,1,2,-1
39023235,26,8,18
39023385,6,3,3
39023663,3,2,1
39023778,1,0,1
39023964,0,4,-4
39024010,19,9,10
39024466,0,0,0
39024637,0,0,0
39024873,4,2,2
39025458,0,0,0
39025589,0,0,0
39025690,2,0,2
39026094,0,0,0
39026365,4,0,4
39026581,0,0,0
39026673,11,1,10
39028652,20,5,15
39028706,16,1,15
39028953,0,0,0
39029216,7,1,6
39029602,7,1,6
39029881,13,1,12
39030437,16,5,11
39030585,23,2,21
39030996,4,0,4
390316,372,68,304
39031601,3,2,1
39031674,0,1,-1
39031777,22,6,16
390319,547,119,428
390320,681,124,557
39032309,1,1,0
39032351,5,0,5
3903325,29,22,7
3903411,18,10,8
390356,800,149,651
39039334,1,0,1
39039393,13,3,10
39040455,0,0,0
39041029,0,0,0
39041102,13,3,10
39041140,5,1,4
39041444,4,1,3
39041564,7,0,7
39041675,2,0,2
39042231,2,1,1
39042248,5,1,4
39042267,3,2,1
39042578,0,1,-1
39042891,7,4,3
39043011,4,1,3
39043130,10,2,8
39043307,0,0,0
39043446,0,0,0
39043638,1,2,-1
39043711,0,0,0
39043714,2,3,-1
39043863,1,2,-1
39044142,3,2,1
39044177,6,2,4
39044214,0,0,0
39044334,12,6,6
39044477,3,2,1
39044733,2,2,0
39044744,4,0,4
39045265,3,2,1
39045555,0,2,-2
3904568,20,3,17
39045711,2,0,2
39045876,7,0,7
39045929,4,0,4
39046296,1,1,0
39046688,6,0,6
39046721,0,0,0
39046769,15,1,14
39047141,2,0,2
39047169,3,0,3
39047264,4,1,3
39048336,1,0,1
39048980,14,2,12
39049306,1,0,1
39049762,0,2,-2
39049967,2,0,2
39050082,1,1,0
39050204,3,1,2
39050377,9,1,8
39050852,9,2,7
39050930,4,1,3
39051749,4,1,3
39053866,3,0,3
3905401,0,0,0
39054150,6,0,6
39054758,4,1,3
39056804,2,0,2
39056822,2,2,0
39056886,3,0,3
39057470,0,0,0
39057602,9,2,7
39058405,8,2,6
39058508,4,2,2
39059883,3,0,3
39060080,3,1,2
39060345,4,1,3
3906067,17,3,14
390618,637,417,220
39064329,3,1,2
39064608,4,0,4
39065051,6,2,4
39065754,2,0,2
39066273,0,1,-1
39066514,0,1,-1
39067910,4,3,1
39068236,1,1,0
39068480,8,4,4
39068503,0,0,0
39068638,14,7,7
39068820,2,0,2
3906890,37,21,16
39068935,3,0,3
39068985,0,0,0
39069416,5,1,4
3906945,19,0,19
3906948,131,22,109
39069825,1,0,1
39070024,0,0,0
39070572,5,5,0
39070826,0,0,0
3907084,188,62,126
39071049,0,1,-1
39071167,3,0,3
390718,24,4,20
39071891,1,1,0
39071932,0,0,0
39072023,6,0,6
39072594,3,1,2
39073188,4,0,4
39073529,0,0,0
39073927,2,0,2
39074583,8,0,8
390750,784,267,517
390752,91,22,69
39075430,3,3,0
39075750,3,1,2
39076238,4,1,3
39076352,3,0,3
39076390,1,2,-1
39076780,26,7,19
39077259,0,0,0
39077677,10,2,8
39077785,2,2,0
39077893,1,2,-1
39078248,2,1,1
39078775,13,3,10
39079525,11,1,10
39079577,2,1,1
39079714,0,2,-2
39079769,0,0,0
39079945,1,0,1
39079970,6,0,6
39080075,11,1,10
39080401,14,6,8
39082576,4,0,4
39082650,0,0,0
39083311,10,0,10
39084429,0,0,0
39085420,0,0,0
39085969,13,4,9
39086307,3,1,2
39086560,3,0,3
39086929,2,0,2
39087089,0,0,0
39087252,14,5,9
39087490,11,2,9
390876,9,2,7
39090934,0,1,-1
390910,235,36,199
39092661,4,1,3
39092896,6,1,5
39094058,3,1,2
39094740,0,0,0
39094991,6,2,4
39095657,0,1,-1
3909603,40,16,24
39096356,3,2,1
3909683,99,79,20
39097124,6,3,3
39097360,0,0,0
39097362,1,0,1
39097464,1,2,-1
39097513,2,0,2
39097818,6,2,4
39098210,1,0,1
39098475,6,1,5
39098493,2,2,0
39098598,2,0,2
39098719,3,1,2
390988,85,17,68
39098962,0,0,0
39100040,2,2,0
39100704,1,0,1
39101046,2,1,1
39101264,1,0,1
39101392,5,0,5
39101415,7,1,6
39101590,5,0,5
39102231,2,0,2
3910227,99,42,57
39102320,2,0,2
39102396,6,0,6
39102500,0,1,-1
39102628,1,0,1
39103029,9,2,7
39103279,8,1,7
391035,362,59,303
39103867,5,3,2
39103999,30,3,27
39104417,8,0,8
39104975,0,0,0
39105021,11,2,9
39105196,0,0,0
39105655,1,0,1
39105800,7,2,5
39106232,10,1,9
39106516,12,1,11
39108037,1,0,1
39108850,4,2,2
39109292,0,0,0
39110270,3,3,0
39110617,2,0,2
39110686,0,0,0
39110693,10,1,9
39111059,1,1,0
39111091,0,0,0
39111225,2,1,1
39111701,8,2,6
3911210,491,127,364
39112364,2,1,1
39112522,6,0,6
39112577,8,6,2
39113166,10,0,10
39113431,2,0,2
39113713,4,0,4
39113829,8,3,5
3911545,22,7,15
39119224,5,1,4
39119335,1,0,1
39119546,2,0,2
39120573,29,17,12
39120680,0,0,0
39120842,4,2,2
39121320,5,1,4
39121594,0,0,0
39121724,2,2,0
39122068,5,0,5
39122117,11,13,-2
39122177,1,0,1
39122560,6,2,4
39122693,0,0,0
39123656,8,0,8
39124095,3,4,-1
39124417,2,0,2
39125505,9,2,7
39125645,5,1,4
39125964,9,2,7
39126279,6,1,5
39126393,6,2,4
39127039,0,0,0
39127074,1,1,0
39127201,1,0,1
39127256,11,1,10
391273,385,114,271
39127555,16,6,10
39128062,7,0,7
39128075,6,0,6
39128125,1,0,1
39128174,4,0,4
39128587,4,1,3
39128599,1,0,1
39129379,6,2,4
39129399,23,0,23
39129520,0,0,0
39129590,1,1,0
39129681,6,0,6
39130300,8,0,8
39131029,8,2,6
39131237,1,1,0
39131696,15,3,12
39131995,6,2,4
39133015,9,0,9
39133331,8,4,4
39134043,8,1,7
39134115,8,5,3
39134186,1,0,1
39134243,4,0,4
39134297,2,0,2
39134405,5,1,4
39134667,14,6,8
39134826,0,0,0
39134918,7,3,4
39135650,26,7,19
39136117,10,2,8
391392,683,123,560
39142207,26,9,17
39142970,28,2,26
39143862,6,4,2
39144030,2,1,1
39144037,0,1,-1
39144292,0,0,0
39144509,1,0,1
39144662,4,0,4
39144722,3,0,3
39145003,3,0,3
39145821,1,0,1
39146422,0,0,0
39146454,9,2,7
39147353,4,7,-3
39148173,4,1,3
39148364,12,1,11
39148373,0,0,0
39148396,1,1,0
39148583,1,0,1
39148893,6,1,5
39149228,17,2,15
3914973,50,8,42
39150106,10,1,9
39150591,2,0,2
39150677,2,0,2
39150818,11,5,6
39150886,0,0,0
39151100,4,0,4
39151128,11,4,7
39151344,0,0,0
39151983,3,0,3
39152975,5,1,4
39153061,2,5,-3
39153399,0,0,0
39154329,0,0,0
39154739,0,0,0
39155686,13,7,6
39156069,6,3,3
39156288,2,1,1
39156463,3,1,2
39160373,5,0,5
3916076,68,32,36
39161991,7,0,7
39162228,1,0,1
39163220,1,0,1
39163346,1,0,1
39164479,1,0,1
39164928,3,1,2
39165472,7,5,2
39166362,2,0,2
39166378,7,6,1
39166593,12,2,10
39167096,2,2,0
391672,109,14,95
39167688,2,0,2
39168024,7,1,6
39168141,2,0,2
39168336,1,0,1
39168423,4,0,4
39168823,7,9,-2
39168836,0,0,0
39169233,12,3,9
39169275,13,0,13
39169313,3,4,-1
39169464,10,0,10
39169596,11,1,10
39169719,8,1,7
39169870,13,8,5
39169929,1,0,1
39169941,9,1,8
39170421,1,2,-1
39170572,7,0,7
39170970,11,3,8
39171108,3,0,3
39171124,7,5,2
39171928,3,1,2
39172340,13,3,10
39172436,5,1,4
39173165,0,0,0
39173185,18,5,13
39173328,1,0,1
39173550,5,0,5
39173848,3,0,3
39173911,1,0,1
39174348,3,1,2
39174532,4,2,2
39174787,1,0,1
39175560,15,13,2
39175750,2,0,2
39175883,10,7,3
391767,415,129,286
3917692,2,0,2
39176963,7,2,5
39177086,0,0,0
39177573,4,0,4
39178365,1,0,1
39178385,0,0,0
391808,336,73,263
3918090,241,60,181
39182465,4,0,4
39182842,1,0,1
39182857,9,1,8
39183157,2,0,2
39183312,0,1,-1
39184857,4,0,4
391850,200,36,164
391851,457,73,384
39185250,8,2,6
39185950,7,1,6
39186875,0,0,0
3918695,163,27,136
39187030,1,0,1
39187272,2,2,0
39188279,3,1,2
39188299,1,1,0
39188372,2,1,1
39188489,3,0,3
39188996,4,0,4
39189697,7,2,5
39189706,2,1,1
391898,317,110,207
39190457,0,2,-2
39191965,3,0,3
39192131,3,1,2
39192282,0,0,0
39192445,17,6,11
39192508,9,4,5
39192650,6,0,6
39192790,4,0,4
39193319,13,4,9
39193477,1,0,1
39193614,0,0,0
39193923,3,2,1
39195741,4,1,3
39196306,0,0,0
39196526,7,1,6
39196579,4,2,2
39197172,1,0,1
39197173,2,0,2
39198149,2,5,-3
39198194,13,12,1
39198433,1,0,1
39199749,3,0,3
39200441,3,5,-2
39200632,2,0,2
39200969,0,0,0
39201195,3,3,0
39201253,7,2,5
39201325,3,2,1
39201655,3,1,2
39201707,9,1,8
39202491,12,1,11
39204309,0,1,-1
392045,845,180,665
39205078,0,0,0
3920559,11,1,10
392088,410,125,285
39211042,16,2,14
39211197,5,0,5
39211257,2,0,2
3921256,3,2,1
39212647,1,0,1
39213213,10,8,2
39213498,5,0,5
39213892,2,0,2
392141,74,30,44
39214186,0,0,0
39214293,7,0,7
392145,84,23,61
39214510,13,3,10
39214520,3,3,0
39214967,9,1,8
39215244,0,0,0
392153,0,0,0
39215367,6,2,4
39215828,1,0,1
39215875,7,0,7
39215941,3,0,3
39216305,0,0,0
39216449,0,0,0
39216486,1,0,1
39216710,2,1,1
39217046,0,1,-1
39217379,6,3,3
39218025,2,0,2
39218203,3,0,3
39218545,0,0,0
39220169,3,0,3
39221226,1,1,0
39221409,0,0,0
392220,1345,298,1047
39222086,0,1,-1
39222183,0,0,0
39222268,5,1,4
39222752,4,0,4
39223442,0,0,0
39223744,11,3,8
39223887,5,1,4
39224126,2,1,1
392246,30,4,26
39224688,6,2,4
39224896,5,2,3
39225102,13,2,11
39225258,8,3,5
39225443,7,1,6
39225515,1,0,1
39225657,1,0,1
39225699,0,1,-1
39225943,1,0,1
39226208,5,2,3
392263,37,8,29
39226394,0,0,0
3922662,17,10,7
39227928,2,0,2
3922829,21,8,13
39229240,17,5,12
3923027,5,5,0
39233730,0,0,0
39235362,2,0,2
39236696,8,1,7
39236890,0,1,-1
39237808,3,0,3
39238307,14,6,8
39238418,4,1,3
39239028,1,1,0
39239199,1,0,1
39239533,0,0,0
39239714,3,3,0
39240194,5,0,5
39240353,0,1,-1
39240483,1,1,0
39241156,10,0,10
39241979,8,6,2
39243315,3,1,2
39243886,0,1,-1
39244056,2,1,1
39245248,1,0,1
39245326,5,0,5
39245420,1,0,1
39245811,2,1,1
39246023,0,0,0
39246284,2,0,2
39246333,4,0,4
39246418,0,0,0
39246667,5,2,3
39247957,1,1,0
39247984,3,3,0
39248289,2,0,2
39248370,7,0,7
39248904,8,3,5
39249376,13,2,11
39251398,13,4,9
39251553,4,1,3
39253372,2,2,0
39254137,1,0,1
39260648,0,0,0
39260863,6,0,6
39261163,3,1,2
39261376,1,0,1
39261946,0,0,0
39262042,9,1,8
39262823,2,1,1
39263214,1,0,1
39263340,1,0,1
39263937,4,2,2
39265470,2,0,2
39265583,4,1,3
39266257,6,2,4
39267372,7,0,7
39267677,12,4,8
39268381,2,0,2
39268549,1,0,1
39269448,9,3,6
39269482,2,0,2
39269509,3,1,2
39269890,3,0,3
39271547,8,2,6
39272039,2,0,2
39272390,15,10,5
39272996,0,0,0
39273194,2,0,2
39275045,0,0,0
39275133,3,1,2
39275445,4,0,4
39275463,0,1,-1
3927563,54,13,41
39275723,3,1,2
39276514,6,0,6
39276813,0,0,0
39277285,1,0,1
39278160,15,1,14
392785,97,47,50
39279449,0,0,0
3928321,13,5,8
39283712,12,6,6
39284619,5,0,5
39284695,5,2,3
39284990,6,1,5
39285683,0,0,0
3928592,2,2,0
39286865,3,1,2
39287177,3,2,1
39287448,2,0,2
39287938,3,1,2
3928831,311,53,258
39289528,1,0,1
39289603,1,0,1
39290423,3,4,-1
39290652,3,1,2
39290811,5,2,3
39290964,6,5,1
39292747,1,2,-1
39293154,2,2,0
39293231,4,3,1
39293242,8,1,7
39293275,4,0,4
39293754,9,5,4
39293761,9,0,9
39294000,2,0,2
39295259,4,0,4
39295545,1,0,1
39296701,1,0,1
39297136,2,0,2
39297664,0,0,0
39297765,1,0,1
39297779,2,0,2
39298244,0,0,0
39298247,5,0,5
39298909,2,0,2
39299181,2,0,2
39299545,3,2,1
39299905,0,0,0
39300018,3,0,3
39301218,8,3,5
39301610,0,0,0
39302860,0,0,0
39307208,0,0,0
39307845,3,2,1
39309586,2,1,1
39309861,0,2,-2
39310037,2,0,2
39310365,6,1,5
39310460,2,1,1
39310991,5,4,1
39311539,8,4,4
39314457,1,0,1
39314836,0,0,0
39315713,0,2,-2
39315881,3,1,2
39316735,2,2,0
39316776,0,0,0
39317076,6,5,1
39317150,1,1,0
39317415,1,0,1
39317425,4,1,3
39317599,1,0,1
39318041,3,1,2
39318693,1,0,1
39319001,2,0,2
39319305,0,0,0
39320531,3,2,1
39324694,2,0,2
39326347,14,7,7
39326838,0,1,-1
39326907,1,1,0
39328323,1,0,1
39329242,3,1,2
39330576,0,0,0
39330828,1,0,1
39331341,5,1,4
39333310,1,0,1
39333573,3,0,3
39333623,0,0,0
39333746,0,0,0
39334886,2,0,2
39335373,2,1,1
39335392,5,2,3
39335493,2,0,2
39336139,0,1,-1
39336703,2,1,1
393371,32,11,21
39337208,2,1,1
39337692,0,0,0
39338069,7,0,7
39338288,0,0,0
39338580,2,0,2
39338710,1,0,1
39338987,0,0,0
39339112,6,1,5
39339168,3,0,3
3934548,128,53,75
39347562,2,0,2
39347992,0,0,0
39349949,1,0,1
39350030,0,0,0
39351251,5,0,5
39351496,2,0,2
39351938,2,1,1
39352113,11,4,7
39352417,16,3,13
39353005,0,0,0
39353226,5,1,4
39353445,10,1,9
39354034,1,0,1
39354543,2,0,2
39354546,1,0,1
39354933,0,0,0
39355091,2,0,2
39355153,24,4,20
39355780,3,0,3
39356080,3,2,1
39357781,0,0,0
39359480,2,0,2
39359511,2,1,1
39360519,1,1,0
39361365,6,1,5
39361962,2,4,-2
39361974,3,0,3
39362503,2,0,2
39363294,1,0,1
39363446,0,0,0
39363515,5,0,5
39366108,24,1,23
39366481,2,0,2
39368185,0,0,0
3937112,60,25,35
39374496,0,0,0
39375344,0,0,0
39375388,0,0,0
39377413,2,0,2
39377815,0,0,0
39378585,4,0,4
39378772,1,1,0
39380536,1,3,-2
39380961,6,1,5
39381016,0,0,0
39381218,0,0,0
39381897,0,0,0
39382463,11,2,9
39382539,3,0,3
39383869,4,0,4
39384136,10,1,9
39384507,0,0,0
39384552,1,1,0
39384848,2,0,2
39385120,14,0,14
39386042,2,0,2
39387,28,10,18
39389601,6,0,6
39390095,1,1,0
39390817,1,0,1
39391123,4,0,4
39393881,0,0,0
39394000,4,0,4
39396216,10,5,5
39404579,8,3,5
39405663,1,0,1
39406424,0,0,0
39406553,8,5,3
39407175,4,0,4
39407571,4,1,3
39408576,4,2,2
39408824,0,0,0
39409585,0,0,0
39409603,13,3,10
3941028,24,5,19
39411211,1,0,1
3941287,261,74,187
39413468,2,1,1
39414103,1,0,1
39414672,4,1,3
39414978,2,4,-2
39415636,1,1,0
39415694,0,0,0
39415993,2,0,2
39417289,5,0,5
39417624,1,0,1
39417701,17,12,5
39419717,2,0,2
39419989,1,0,1
3942022,8,2,6
3942528,11,3,8
39425326,0,0,0
39426988,0,0,0
39427049,0,1,-1
39430654,0,0,0
3943204,35,6,29
39432333,0,0,0
39432567,1,0,1
39432597,0,0,0
39432624,2,0,2
39432773,9,2,7
39433170,0,0,0
39433550,6,3,3
39433678,1,0,1
39433721,2,1,1
39434331,0,0,0
3943758,124,26,98
39437723,5,2,3
39437778,0,0,0
39441210,1,0,1
39441251,0,0,0
39443179,0,0,0
39443367,3,0,3
39443499,11,4,7
39443583,1,0,1
39443852,0,0,0
39444942,0,0,0
39445578,1,0,1
39446263,4,0,4
39446265,0,0,0
39451075,0,0,0
39452896,1,1,0
39453188,8,6,2
39454550,1,0,1
39454600,2,1,1
39454830,0,0,0
39455059,0,1,-1
3945508,236,55,181
39455532,1,0,1
39455708,2,0,2
39455833,2,2,0
39456165,5,7,-2
39456207,2,3,-1
39456527,0,0,0
39456872,1,0,1
39457266,1,0,1
39457301,1,1,0
39458226,1,0,1
39458472,2,0,2
39458723,2,1,1
39460276,1,0,1
39460721,4,1,3
39462449,1,0,1
39463554,1,0,1
39465080,0,1,-1
39466854,4,0,4
39466980,0,1,-1
39472261,1,1,0
39473297,9,1,8
39473460,4,0,4
3947413,13,3,10
39474979,1,0,1
394755,3,0,3
39475690,3,1,2
39476906,0,0,0
3947704,72,14,58
39477246,1,1,0
39477341,16,3,13
39478114,2,1,1
39478287,0,1,-1
39479055,1,0,1
39479296,1,0,1
39479700,3,0,3
3948042,15,4,11
39480502,1,2,-1
39481221,2,0,2
39482013,2,1,1
3948239,2,3,-1
39483005,4,0,4
39483008,5,0,5
39484297,5,0,5
39484412,0,0,0
39484849,4,0,4
39485423,2,1,1
39485849,3,0,3
39486626,5,0,5
39487062,1,0,1
39493410,0,0,0
39495057,1,0,1
3949798,32,14,18
39498400,6,0,6
39499003,0,0,0
39499680,2,0,2
39500723,3,0,3
39501764,5,1,4
39502632,0,0,0
39503751,0,0,0
39504515,4,0,4
39504897,6,1,5
39506176,2,0,2
395062,254,108,146
39506272,1,0,1
39506592,0,0,0
39506829,2,1,1
39507229,2,0,2
39507596,4,0,4
39508210,4,2,2
39516346,3,1,2
39517576,3,1,2
39519397,2,0,2
39519418,0,0,0
39519695,0,0,0
39522774,3,1,2
39524417,2,0,2
39526998,3,1,2
39527380,3,0,3
39529753,18,5,13
39531129,4,0,4
39531187,0,1,-1
39532745,1,0,1
39533094,4,3,1
39534526,0,0,0
3954014,122,29,93
39540187,5,3,2
39540887,5,1,4
39543192,1,0,1
39543861,2,0,2
39544871,8,3,5
39545147,2,0,2
39545288,2,0,2
39548806,0,0,0
39549256,1,0,1
39550041,1,0,1
3955007,2,0,2
39550721,0,0,0
39551425,0,0,0
39551506,0,0,0
39552624,0,0,0
39555575,0,0,0
39556033,0,0,0
39556739,2,0,2
39556854,2,0,2
39557375,6,4,2
39559729,8,0,8
39560215,7,0,7
39560231,5,0,5
39560275,3,1,2
39561510,2,0,2
39561743,1,0,1
3956599,443,178,265
39568805,3,0,3
3956970,89,11,78
39569910,3,0,3
39570106,0,0,0
39570457,1,0,1
39570689,14,1,13
39570736,2,0,2
39571510,0,0,0
3957179,105,32,73
39572147,4,3,1
39573045,0,0,0
39573586,0,0,0
39574450,3,2,1
39575013,0,0,0
39575627,0,0,0
39576698,0,0,0
39577111,1,0,1
39577113,2,0,2
3957718,333,105,228
39577644,4,1,3
39577738,8,4,4
39579733,6,0,6
39580894,0,0,0
39582831,3,1,2
39584811,1,2,-1
39593608,0,0,0
39595747,2,0,2
39596139,2,0,2
39596649,5,0,5
39596668,6,1,5
39597312,2,2,0
3959823,248,56,192
39598691,3,1,2
39599073,0,0,0
39599230,1,0,1
39599416,2,6,-4
3959959,447,65,382
39599631,0,0,0
39600375,3,0,3
39600953,0,0,0
39601267,4,1,3
39601784,3,0,3
3960209,84,24,60
3960261,41,18,23
39602886,5,1,4
39603189,3,0,3
39604124,5,1,4
39604577,4,1,3
39605012,2,3,-1
39605449,2,3,-1
39605644,0,0,0
39607522,2,1,1
39607695,4,1,3
39607800,2,0,2
39608599,3,0,3
39609277,2,0,2
39609454,4,0,4
39609739,7,0,7
396100,36,13,23
39610018,0,0,0
39611831,3,1,2
3961634,61,24,37
39618701,2,1,1
39621933,6,0,6
39622009,3,0,3
39622341,0,0,0
39622457,3,0,3
396235,106,28,78
39623833,0,0,0
39625574,11,0,11
39625679,0,0,0
39626617,6,0,6
39627381,4,3,1
39629688,0,0,0
39630091,2,0,2
39630438,0,0,0
3963852,342,66,276
39638548,0,0,0
39639426,4,1,3
3964004,12,4,8
39640903,2,1,1
39641374,0,0,0
39643117,7,4,3
3964397,156,84,72
3964500,43,17,26
39647135,1,0,1
39649158,3,0,3
39649574,0,0,0
39649908,0,0,0
39652299,0,0,0
396523,670,121,549
3965299,65,11,54
39661929,0,0,0
39662157,3,0,3
39666874,2,0,2
39667102,1,0,1
39667387,1,0,1
39667540,0,0,0
39667650,0,0,0
39668702,3,1,2
39670770,2,1,1
39672182,0,1,-1
39672538,2,1,1
39672851,0,0,0
39683275,15,6,9
39685890,0,0,0
39687094,2,0,2
39687409,2,0,2
39688084,6,2,4
39689483,0,0,0
39689891,0,0,0
39690029,1,0,1
39693365,0,0,0
39699133,0,0,0
39703961,0,0,0
39708337,2,0,2
39710719,0,0,0
39710770,1,0,1
39713299,0,0,0
39715675,3,0,3
39716189,0,0,0
39718686,0,0,0
39719874,0,1,-1
39722201,5,1,4
39724817,0,0,0
397262,5,3,2
39728517,4,0,4
3973779,141,35,106
39740287,3,0,3
3974384,94,33,61
3974425,14,7,7
39744950,0,0,0
39745370,3,3,0
3974685,10,6,4
397504,1371,1151,220
397507,213,45,168
39750877,2,1,1
39752047,1,0,1
39752215,0,0,0
39761763,2,0,2
39761976,1,4,-3
39763245,2,0,2
39772272,0,0,0
3977481,216,35,181
39778814,2,1,1
3978128,30,15,15
39784225,0,0,0
39784948,0,0,0
39785335,0,0,0
39789577,3,0,3
39789805,0,0,0
3979073,45,15,30
39790926,0,0,0
39800169,0,0,0
39812628,0,0,0
398147,89,52,37
3981639,2,0,2
3981658,18,3,15
39817142,1,0,1
3981799,74,19,55
3982570,236,66,170
3982582,207,78,129
398272,165,36,129
3982815,16,21,-5
39829235,0,0,0
3983033,38,5,33
3983143,31,4,27
3983248,3,0,3
39836317,2,0,2
39839281,3,0,3
39845560,0,0,0
3984926,37,13,24
39850039,0,0,0
3985664,14,7,7
39858722,3,0,3
3986296,667,178,489
39870364,0,0,0
3987038,204,77,127
3989001,310,101,209
3989217,56,16,40
3989269,0,0,0
3990128,8,0,8
3990249,260,48,212
3991649,39,8,31
3992227,4,3,1
3992408,32,14,18
3992557,212,80,132
3993967,2,1,1
3994973,68,24,44
3997029,13,3,10
3997629,2,1,1
3997640,319,93,226
3998482,86,34,52
4001046,13,0,13
4002243,27,14,13
400267,6,1,5
4002976,224,58,166
4003257,4,0,4
4003884,26,10,16
4004588,317,108,209
4004998,54,8,46
4005108,104,40,64
4005962,125,45,80
4006629,35,10,25
4006632,0,0,0
4007037,47,9,38
4009682,35,11,24
4011256,60,11,49
4011297,47,19,28
4011513,427,140,287
401177,452,96,356
4012089,66,16,50
4012401,166,52,114
4012884,120,27,93
401323,11,5,6
401330,428,86,342
4015163,16,1,15
4015244,81,32,49
4017122,241,104,137
4017530,107,22,85
4018268,64,15,49
4018456,52,18,34
401972,51,23,28
4020666,104,23,81
4020834,64,22,42
4020913,19,3,16
4021027,0,0,0
4022582,300,51,249
4023781,40,15,25
402739,289,105,184
4027558,148,70,78
4027623,0,0,0
4027954,32,11,21
4028611,3,2,1
4028715,49,6,43
4029095,29,6,23
4029251,198,45,153
4029703,703,84,619
403038,31,12,19
4031053,0,0,0
4032544,33,21,12
4032980,9,1,8
403390,14,4,10
4037955,532,176,356
4039731,9,0,9
4040422,39,29,10
4041065,40,5,35
4042696,2,3,-1
4042912,34,16,18
4043964,122,38,84
4044749,2,1,1
4047214,5,1,4
4048755,25,3,22
4049211,17,8,9
4050025,185,49,136
4050186,217,82,135
405099,42,14,28
4051593,486,177,309
4051894,12,2,10
4052377,3,1,2
4055211,212,34,178
4055513,22,2,20
4056105,56,7,49
4056174,44,8,36
4057994,317,66,251
4058241,9,5,4
4059133,6,1,5
4059898,103,52,51
4059945,93,38,55
406235,332,110,222
4062569,224,81,143
4063841,5,0,5
406411,151,33,118
4064384,42,3,39
4064636,120,18,102
4066185,98,18,80
4066288,5,0,5
406752,175,67,108
406753,121,66,55
4067583,13,0,13
406777,492,70,422
4068019,30,10,20
406832,130,52,78
4068417,34,11,23
4068937,40,3,37
406898,71,42,29
4070924,365,95,270
4071248,78,32,46
4071755,33,4,29
407303,75,8,67
4073645,80,33,47
4073669,493,79,414
4073827,11,5,6
407475,43,20,23
407529,544,111,433
4078797,37,10,27
4078989,17,6,11
4080689,162,51,111
4084825,95,38,57
4087470,63,10,53
4088041,183,29,154
4088410,7,2,5
4088703,248,49,199
4088741,170,45,125
4090117,310,81,229
4090206,586,163,423
409043,193,49,144
4092595,476,92,384
409270,20,8,12
4092840,139,49,90
409444,7,6,1
4094541,274,83,191
4095642,8,1,7
4096314,63,21,42
4096337,127,21,106
4096359,19,2,17
4097671,3,2,1
4097767,13,5,8
4098634,33,6,27
409883,78,17,61
4099654,129,12,117
4100098,79,26,53
4101642,4,1,3
410168,307,60,247
410201,2,5,-3
4104872,299,48,251
410539,182,24,158
4105713,4,2,2
4106594,0,1,-1
4107609,100,80,20
4107860,322,74,248
4109997,472,97,375
4110922,1,0,1
4111860,9,2,7
4112200,405,129,276
4115619,11,9,2
4116136,20,10,10
4116260,96,21,75
411637,279,57,222
4116649,298,62,236
4117341,15,2,13
4117478,231,91,140
4117981,9,2,7
4118900,435,162,273
4119591,25,5,20
411961,8,3,5
4120181,448,174,274
4120325,447,90,357
4120348,428,158,270
412058,305,91,214
412059,184,55,129
4122552,34,15,19
4122753,251,54,197
4123560,347,213,134
4123742,120,41,79
4123871,54,21,33
4124148,4,3,1
4124644,3,0,3
4124700,28,7,21
4128802,383,82,301
4128829,713,171,542
4128842,542,117,425
41311,239,64,175
4131961,392,51,341
4132107,3,3,0
4132252,63,28,35
4134796,221,34,187
4135106,125,85,40
4135538,65,48,17
4135968,315,107,208
4137009,227,51,176
4137844,37,10,27
4138900,8,0,8
414115,395,158,237
4144208,81,42,39
41445,70,44,26
4144521,52,18,34
4145063,20,8,12
414862,257,25,232
4149578,66,18,48
4150560,98,11,87
41509,178,56,122
4155006,230,63,167
4155031,65,14,51
4156223,20,3,17
415825,459,182,277
4158984,117,60,57
415926,542,301,241
416047,13,1,12
4161637,7,2,5
4161704,100,63,37
4162156,0,0,0
4162299,30,12,18
416238,242,135,107
4162870,44,12,32
4166936,581,131,450
4167105,41,5,36
4167836,31,24,7
4168322,16,2,14
4168596,39,10,29
4168785,1172,223,949
4169081,313,85,228
41712,300,76,224
417204,61,22,39
4172289,218,38,180
417297,53,11,42
417549,251,70,181
417550,313,64,249
4176371,18,4,14
4176422,142,40,102
4176912,7,9,-2
4177071,62,14,48
4179808,48,9,39
418043,161,60,101
4180472,22,3,19
4181031,9,1,8
4181411,609,169,440
4181722,16,4,12
4181818,89,14,75
4181990,19,6,13
4182286,23,4,19
4184780,182,41,141
4185449,23,2,21
418561,159,28,131
4186231,127,26,101
41870,2,2,0
418750,103,50,53
4187647,84,22,62
4188285,174,56,118
4188461,40,13,27
4190038,67,22,45
4190192,1,1,0
4190717,3,1,2
4191049,147,72,75
4192385,50,7,43
4193625,341,97,244
4194400,41,6,35
4194614,74,12,62
4195397,469,99,370
419578,273,115,158
4196137,32,13,19
419664,92,17,75
4196996,453,233,220
4198401,83,25,58
4198560,21,7,14
4198582,498,198,300
42001,482,87,395
4200817,82,16,66
420083,19,2,17
42010,1315,251,1064
4202162,132,47,85
4203141,29,16,13
4203269,131,68,63
4203858,2,1,1
4204058,11,2,9
4205011,313,72,241
4206679,344,62,282
420699,91,12,79
420759,40,13,27
4207847,295,118,177
4208072,17,7,10
4209053,1,1,0
4210429,14,6,8
421142,85,60,25
4212701,85,24,61
4216094,42,7,35
4217132,21,7,14
4217430,157,39,118
421760,1,2,-1
4220503,18,7,11
4221631,103,19,84
422274,261,168,93
422308,121,50,71
4223266,62,16,46
4223888,130,24,106
4224683,34,6,28
4225332,72,13,59
422554,62,37,25
4226097,147,22,125
4226213,1,0,1
422748,128,27,101
4228774,1,2,-1
4229713,17,2,15
4231008,129,40,89
4231713,20,11,9
4232292,57,15,42
4232465,221,33,188
4232507,293,101,192
423771,111,52,59
4238077,207,59,148
4238386,29,7,22
4238412,275,65,210
4238686,37,20,17
4238813,131,42,89
4239242,74,20,54
4240612,125,77,48
4242569,34,4,30
4243476,11,5,6
4243777,174,43,131
424491,13,0,13
424492,1,0,1
4245405,345,104,241
4246361,28,20,8
4246637,25,12,13
4246774,117,29,88
4246807,37,9,28
4246984,22,5,17
4249067,150,21,129
4249782,166,39,127
4250274,144,44,100
4251103,33,17,16
425143,117,32,85
4254505,61,23,38
4254699,133,59,74
4255516,941,138,803
4255583,90,37,53
425630,2,0,2
4260119,27,8,19
4261560,68,12,56
4261633,2,2,0
426351,9,2,7
4264580,8,1,7
4265327,99,30,69
4265363,157,27,130
4265483,92,29,63
4266353,325,98,227
4266422,48,23,25
4268755,28,15,13
4269585,235,57,178
4269939,25,7,18
427080,1175,308,867
4272878,12,5,7
427325,457,229,228
427348,59,34,25
4274501,13,1,12
4274774,201,23,178
4274778,302,98,204
4274784,244,50,194
427584,315,88,227
4276298,154,33,121
4277774,507,110,397
427936,433,84,349
4280762,408,102,306
4281310,221,50,171
4283521,980,239,741
4284756,262,95,167
4284972,551,184,367
428590,939,231,708
4286878,210,34,176
428716,168,30,138
4290097,104,50,54
4290315,44,20,24
4292116,115,27,88
4294225,377,77,300
429444,296,148,148
4294920,60,23,37
429752,51,15,36
4297865,25,7,18
4298578,13,7,6
4298601,7,1,6
4299597,0,0,0
4299637,40,4,36
4299675,17,5,12
4299866,330,81,249
4299878,31,4,27
430006,453,82,371
430007,383,123,260
4300467,36,11,25
430114,273,49,224
430227,428,164,264
4302490,61,25,36
4302720,18,9,9
4303393,73,32,41
4305051,27,7,20
4305787,197,46,151
430587,6,0,6
4306630,83,36,47
4306769,24,6,18
4308503,4,2,2
4308636,73,25,48
4309179,383,63,320
4310521,46,19,27
4310745,81,16,65
4312420,44,18,26
43129,428,70,358
4313898,23,4,19
4313975,96,19,77
4314594,15,9,6
431585,6,3,3
4315980,356,124,232
4316335,38,13,25
4316890,104,26,78
4319536,101,38,63
43202,261,90,171
4321339,10,4,6
4321756,38,3,35
432244,136,49,87
4322797,1,1,0
432314,152,60,92
4323553,53,21,32
4323709,9,2,7
4324062,4,1,3
432440,42,25,17
4324588,4,0,4
432567,269,60,209
4326511,703,332,371
432841,32,5,27
4328506,32,8,24
4329361,59,14,45
432986,36,14,22
4329946,103,28,75
433191,2,0,2
4332039,798,308,490
433221,137,24,113
4333071,5,0,5
4333611,3,1,2
4334164,7,1,6
4336185,0,2,-2
4337409,2,0,2
4337775,599,93,506
4337958,807,132,675
4338015,1,1,0
4338334,115,23,92
4338431,275,90,185
4338933,21,8,13
4339000,0,0,0
4339716,89,20,69
4342312,775,212,563
4342824,2,0,2
4345098,98,11,87
4345515,8,0,8
4345745,164,19,145
4345758,24,6,18
4347496,13,3,10
4347610,2,1,1
4348266,22,6,16
4348780,20,7,13
4349549,89,24,65
434962,430,155,275
4352903,36,10,26
4354759,9,6,3
4355505,103,26,77
4355940,1,1,0
4355944,191,79,112
435600,446,97,349
4356007,162,16,146
4358161,34,15,19
4359155,58,27,31
4360132,2,0,2
4361131,56,19,37
436257,321,57,264
4363537,74,7,67
436446,216,32,184
436458,440,348,92
4367144,21,9,12
4368532,163,89,74
4368716,53,16,37
4369078,158,21,137
4370034,22,9,13
4370975,231,35,196
4373190,20,15,5
4374935,24,10,14
4375467,79,33,46
437574,127,25,102
4376312,85,11,74
437722,131,45,86
4377418,0,0,0
4377758,24,16,8
4378349,94,34,60
4380461,86,47,39
4382612,3,0,3
438421,506,149,357
438531,9,2,7
438577,8,2,6
4386827,31,8,23
4388645,130,16,114
4389139,94,23,71
4390181,20,5,15
439047,475,182,293
4391056,375,70,305
4391345,50,14,36
4391488,1138,267,871
4391890,99,53,46
4392811,38,15,23
4393376,20,9,11
439358,50,3,47
439360,15,1,14
439489,851,278,573
4395570,15,6,9
4397259,244,70,174
4397772,442,106,336
4399587,14,2,12
4399657,7,1,6
4400007,71,16,55
4400113,85,14,71
4407523,54,19,35
4407781,245,91,154
4408750,199,27,172
4408926,568,239,329
4410918,514,170,344
4412945,37,15,22
4413398,614,74,540
44144,100,30,70
441459,177,79,98
441525,240,106,134
441859,5,0,5
4419728,57,22,35
4419885,27,8,19
4420247,32,19,13
4420274,31,10,21
4420280,23,14,9
4420585,4,0,4
4420915,328,52,276
4421631,10,6,4
4421730,504,182,322
4421740,129,48,81
442178,209,46,163
4421886,3,1,2
4423265,33,9,24
44237,19,3,16
4424060,8,0,8
442424,394,173,221
442457,40,18,22
4425451,0,2,-2
4426217,14,1,13
4427215,35,22,13
4427222,115,22,93
4427238,229,51,178
4427659,23,8,15
4428392,147,21,126
4428745,3,2,1
4429033,6,2,4
4429508,2,1,1
4429525,38,8,30
442992,114,27,87
4429966,2,0,2
4431342,296,61,235
443263,46,11,35
4433310,37,13,24
4435322,36,10,26
4436802,14,0,14
4437005,199,59,140
443735,2,1,1
4437553,147,44,103
4439155,143,49,94
4439308,12,2,10
4439440,23,5,18
4439980,5,2,3
4440079,43,11,32
4442655,45,29,16
4442679,14,6,8
4442953,64,18,46
4445634,81,34,47
4448069,23,2,21
444886,40,7,33
4449020,75,21,54
444924,54,23,31
4451913,325,191,134
4452319,26,14,12
4452391,130,56,74
445346,79,25,54
4453486,81,12,69
4453880,6,2,4
4454636,33,10,23
4456570,31,13,18
445772,80,17,63
4458068,172,27,145
4458987,399,103,296
4459916,29,6,23
4460065,22,5,17
4460729,121,24,97
4461052,881,178,703
4461560,44,18,26
4461618,18,7,11
4462141,51,15,36
4462173,35,22,13
4462228,135,41,94
446634,0,0,0
4466921,71,13,58
446815,125,37,88
4468244,164,67,97
4468737,78,17,61
4469419,26,4,22
4469988,9,3,6
4470533,102,39,63
4471850,74,13,61
447223,24,6,18
4473571,7,0,7
4475274,27,20,7
4475686,306,48,258
4476459,27,9,18
4478603,202,32,170
4478623,220,40,180
447891,667,131,536
4479732,198,52,146
4479779,214,76,138
4480071,360,160,200
4480490,16,6,10
4480674,1,0,1
4480978,50,27,23
4481378,22,7,15
4481828,143,16,127
4482189,323,87,236
4483101,25,10,15
448320,197,47,150
4484180,89,12,77
448589,25,7,18
4487063,6,1,5
4487191,6,2,4
4488483,6,0,6
448867,39,25,14
4488724,102,75,27
4488886,28,4,24
449199,2,0,2
449399,39,3,36
4496510,5,3,2
4496512,36,9,27
4496556,46,20,26
4496766,57,19,38
4496781,76,19,57
4497559,4,6,-2
4498349,14,8,6
4498509,201,69,132
4499054,59,19,40
4501112,42,5,37
450314,36,7,29
450460,177,64,113
4505695,83,28,55
4506257,80,16,64
450631,126,47,79
4507010,237,104,133
4507770,292,165,127
4509420,25,4,21
4510668,45,9,36
4510794,3,0,3
4510850,104,55,49
4510957,404,79,325
4511410,199,44,155
4512702,113,33,80
4512788,398,177,221
4514851,91,27,64
45163,0,0,0
4516304,185,65,120
451654,154,61,93
45168,364,160,204
451789,461,84,377
4519172,14,4,10
4519547,310,73,237
4522266,21,7,14
4522325,156,19,137
4522785,17,2,15
4523203,152,61,91
452322,282,151,131
452350,75,43,32
4523691,36,23,13
4523998,68,23,45
4524618,366,138,228
4525034,338,71,267
452538,104,16,88
4525405,29,12,17
4526289,41,14,27
4526738,5,1,4
452781,73,31,42
4529169,4,1,3
4529652,46,16,30
453132,170,76,94
4534604,126,36,90
4535527,378,167,211
4535538,299,60,239
4537130,194,59,135
4537709,0,3,-3
453797,97,32,65
4539106,34,6,28
4539685,35,25,10
454047,82,20,62
4542137,1,0,1
4542209,133,49,84
4543533,34,18,16
454496,34,16,18
4546067,16,5,11
4546281,9,5,4
4546849,22,4,18
4547110,11,1,10
4547946,61,15,46
4549328,16,5,11
4552600,148,82,66
455277,5,0,5
4552772,62,19,43
4553443,140,28,112
455422,30,11,19
455450,85,31,54
4554604,24,2,22
4555295,79,20,59
4556381,633,170,463
4556798,132,38,94
4557685,19,2,17
4558254,4,2,2
455873,69,26,43
455899,919,246,673
4561697,92,30,62
456200,976,253,723
4563023,123,16,107
456315,240,76,164
4563354,212,66,146
4563685,196,57,139
4564716,2,0,2
4566260,83,19,64
4566474,148,43,105
4566887,292,62,230
4567026,100,22,78
4570347,336,91,245
4571447,64,14,50
4571485,89,43,46
4571649,70,21,49
4571682,120,81,39
4572400,83,15,68
4572846,105,25,80
4573491,95,13,82
4573499,171,70,101
457392,114,56,58
4574057,7,1,6
4575135,23,2,21
4576854,41,11,30
4578845,56,16,40
4579048,207,94,113
4579502,0,1,-1
4579858,1,2,-1
4579999,45,18,27
4580127,10,1,9
458015,164,92,72
4580359,26,9,17
4580549,350,170,180
4582039,42,14,28
4582644,145,31,114
4585778,16,9,7
4585918,19,3,16
458605,259,139,120
458614,39,13,26
458630,222,88,134
4587065,7,2,5
4587865,387,117,270
458818,13,2,11
4588782,67,28,39
458939,7,1,6
459004,11,2,9
4591620,2,0,2
459237,208,29,179
4592622,73,25,48
4592688,257,89,168
459400,85,47,38
4594331,50,19,31
4595028,33,4,29
4595175,20,6,14
459877,56,17,39
4598964,374,75,299
4600070,52,14,38
4600162,15,1,14
460396,104,33,71
4604015,4,1,3
4605522,33,6,27
4605590,122,61,61
4605913,141,44,97
4606241,422,129,293
4607554,66,25,41
460934,39,7,32
460935,29,2,27
460936,28,6,22
460938,27,4,23
461039,28,23,5
4610458,130,61,69
4610589,57,7,50
4611302,1,1,0
461248,74,38,36
4612667,268,59,209
4613997,220,58,162
4614916,73,35,38
4617169,11,3,8
461923,286,89,197
4619284,7,7,0
4619428,138,25,113
4619677,34,8,26
4619846,10,9,1
461987,136,46,90
4619960,244,31,213
4620507,96,32,64
462214,36,5,31
4623142,7,2,5
4623309,72,6,66
4623409,43,11,32
4625874,10,1,9
4626258,74,30,44
4627239,31,14,17
4627282,135,84,51
4628675,100,34,66
4629161,247,105,142
4631216,15,3,12
4634092,217,78,139
463447,224,56,168
4634930,254,111,143
463556,0,0,0
4635879,79,43,36
463667,135,21,114
4638414,7,0,7
4638994,59,21,38
4640036,8,0,8
4641001,345,34,311
4641199,57,33,24
4642196,40,18,22
4642961,14,10,4
4642974,8,0,8
4643063,9,9,0
4643476,15,3,12
4643634,49,23,26
464370,72,27,45
4643864,5,0,5
4644121,2,2,0
4644403,294,116,178
4644465,225,53,172
4646871,22,10,12
4647466,10,0,10
464789,18,8,10
4648007,30,11,19
4648426,62,11,51
464870,161,57,104
464922,225,32,193
4649233,20,6,14
4650739,196,42,154
4651829,17,5,12
4652199,24,7,17
465361,581,82,499
465435,611,163,448
465498,185,70,115
4655009,18,17,1
465515,188,62,126
4656250,365,132,233
4656657,137,50,87
4656696,43,14,29
4657332,26,13,13
4657804,23,16,7
465781,44,5,39
4658706,22,3,19
466017,122,15,107
4660265,49,15,34
4660853,35,14,21
4660855,0,0,0
4660940,8,4,4
4661063,59,9,50
4661309,35,12,23
4662316,8,2,6
4662824,57,19,38
4664279,224,75,149
4665919,7,1,6
4666123,65,31,34
4666277,62,42,20
4666396,130,34,96
4666453,715,89,626
4666557,1,0,1
4666567,7,1,6
4668086,65,31,34
466829,102,39,63
4669375,23,8,15
4669647,146,50,96
4670636,93,36,57
4670845,54,19,35
4670964,20,7,13
4671031,8,5,3
4671220,164,41,123
4671441,772,170,602
4673341,210,85,125
4674224,18,9,9
467555,79,12,67
4675654,1,1,0
4675679,50,11,39
4676213,0,0,0
4676364,17,4,13
4676926,520,261,259
4676944,169,21,148
4677249,1163,597,566
4679291,126,55,71
4679555,465,197,268
468221,44,13,31
4682245,218,63,155
4682623,29,24,5
468283,286,57,229
4683424,121,24,97
4684022,176,70,106
468438,545,94,451
468472,137,39,98
4685153,80,27,53
4685656,60,9,51
4686917,173,73,100
468992,4,0,4
4690653,180,56,124
4691147,21,9,12
4691194,3,1,2
469125,16,4,12
4691409,261,69,192
4691623,7,1,6
469187,860,145,715
469198,22,6,16
469199,16,8,8
4692081,22,4,18
4692102,118,44,74
469219,60,21,39
4692685,16,10,6
469630,61,19,42
469676,315,91,224
469775,6,0,6
4698470,48,11,37
46992,636,190,446
4699424,47,20,27
4699431,61,23,38
4699736,73,93,-20
4699759,11,2,9
4699895,3,4,-1
4700362,167,51,116
4701305,32,26,6
470153,10,2,8
4702396,88,23,65
4702670,7,4,3
4703548,104,26,78
4704163,145,59,86
4704462,271,99,172
470503,320,103,217
4705056,100,26,74
4706562,169,45,124
4706935,81,17,64
4707248,92,32,60
4708093,2,1,1
4711236,186,202,-16
4711985,67,11,56
4712206,146,38,108
4713130,0,1,-1
471410,1019,350,669
4715116,120,39,81
4715767,84,36,48
4715798,152,70,82
4715887,488,140,348
4715987,86,39,47
4717053,3,2,1
4717594,13,5,8
4718041,7,6,1
4718435,3,1,2
4718914,11,2,9
47192,1398,349,1049
472083,32,12,20
4721499,25,5,20
4721789,152,46,106
472185,72,5,67
472203,77,16,61
4722674,166,73,93
4723036,74,25,49
4723195,188,65,123
4723241,538,144,394
4723292,64,11,53
4724561,439,249,190
4726335,59,6,53
4726426,380,70,310
4727740,4,1,3
4728502,51,4,47
472861,109,35,74
472961,87,10,77
4730257,135,39,96
473032,76,10,66
473073,271,66,205
4730908,170,30,140
4731343,466,98,368
473145,176,52,124
4731581,62,33,29
4731647,43,25,18
4732472,1,0,1
4732555,21,3,18
4732591,277,62,215
4732915,14,4,10
4733666,17,3,14
4733726,13,1,12
473396,35,6,29
4734333,15,8,7
47369,250,85,165
4740652,20,8,12
4741262,210,103,107
4741699,145,59,86
4742020,189,73,116
4742500,109,20,89
4742592,109,24,85
4743124,3,1,2
4743509,0,0,0
4743954,109,18,91
4744241,2,1,1
4744827,106,32,74
4748665,839,351,488
4748982,2,1,1
4749292,16,20,-4
4749800,540,151,389
475087,37,3,34
4751468,13,4,9
4752006,4,0,4
4752131,5,2,3
4752791,34,8,26
4754607,388,121,267
4755523,747,194,553
4755950,79,12,67
4756309,48,14,34
4756813,32,15,17
4756916,228,87,141
475700,36,8,28
4758959,5,5,0
4759463,0,0,0
4761334,4,1,3
4761709,284,72,212
4761737,860,177,683
4761742,45,28,17
4761806,12,0,12
4762343,24,2,22
4762391,29,10,19
4763141,1004,229,775
476318,74,37,37
4763515,9,5,4
4764259,8,1,7
4764763,174,73,101
4764905,9,6,3
476659,108,46,62
4766899,16,8,8
476808,8,4,4
476824,900,299,601
4770680,33,12,21
4770859,32,14,18
4771256,178,55,123
4771284,4,3,1
4771478,2,2,0
4772502,2,1,1
477286,145,46,99
4773227,206,55,151
4773792,17,12,5
4773975,0,1,-1
4775374,75,14,61
4775963,61,22,39
4776273,170,25,145
4778551,184,62,122
4779498,30,11,19
4779607,201,40,161
4780127,390,150,240
478034,289,103,186
478135,590,126,464
4781639,217,66,151
4782130,12,6,6
478270,323,85,238
4782878,2,0,2
4783399,43,11,32
478351,420,101,319
478506,671,169,502
4785406,7,0,7
4785610,150,61,89
4786079,15,5,10
4786372,10,1,9
4787496,582,194,388
4788969,164,61,103
4789443,247,71,176
478975,599,246,353
4789774,2,0,2
4789847,197,54,143
4790043,92,22,70
4790269,4,2,2
4790550,354,94,260
4790864,364,106,258
4790905,424,113,311
4790940,480,156,324
4791001,661,183,478
4792857,722,361,361
4794305,38,9,29
479546,233,101,132
4797498,595,177,418
4798442,150,37,113
4798499,0,0,0
4798836,21,3,18
4799154,29,2,27
4800438,105,51,54
4801194,58,18,40
4801487,2,2,0
480157,40,3,37
4802010,172,48,124
4803274,25,11,14
4804732,191,131,60
4805691,23,1,22
4805715,5,1,4
480580,45,3,42
480629,297,41,256
480646,427,48,379
4806781,110,18,92
4808055,54,22,32
4808451,1,0,1
4810124,338,73,265
4810473,508,107,401
481099,301,46,255
4812390,95,26,69
4813461,3,2,1
4815346,34,9,25
4815561,96,20,76
4815852,3,0,3
4816049,8,3,5
4818571,26,7,19
4818908,148,36,112
4819233,488,249,239
4819625,7,2,5
4819825,27,13,14
481999,37,2,35
4820885,130,16,114
4821023,37,5,32
4821083,1,0,1
482178,326,103,223
4822583,25,7,18
4823725,5,1,4
4824027,8,0,8
4824161,42,19,23
4825530,15,13,2
4826500,41,5,36
4826690,68,33,35
4827519,194,63,131
4828241,2,1,1
4828854,755,137,618
4829570,40,32,8
4829770,21,3,18
4830336,102,26,76
483400,18,1,17
4835127,67,24,43
4835783,64,9,55
4836566,209,97,112
4836638,0,0,0
4838087,4,1,3
4838370,5,1,4
4838603,28,3,25
4838685,2,1,1
4839715,3,0,3
4840011,12,3,9
4840254,49,15,34
4840353,126,39,87
4840769,90,36,54
4841077,128,34,94
4841204,97,32,65
4841466,7,0,7
4844487,2,1,1
4845134,71,16,55
4848162,159,25,134
4848725,0,0,0
4848927,105,22,83
4849108,39,9,30
4849736,13,3,10
484978,243,60,183
4851141,5,3,2
4853451,2,0,2
4854301,145,67,78
4856209,0,0,0
4857835,14,4,10
4858469,14,3,11
4859131,14,2,12
4859734,198,193,5
4859988,146,62,84
4861630,10,2,8
4861994,36,11,25
4862632,337,175,162
4863546,79,15,64
486501,5,1,4
486627,281,114,167
4866804,348,53,295
4868245,7,4,3
4870469,46,22,24
4870484,11,4,7
4872285,202,108,94
4872436,7,0,7
487430,177,44,133
4876062,119,57,62
4876274,154,49,105
4876828,121,65,56
4877173,56,7,49
487783,295,38,257
487934,103,35,68
4879814,15,3,12
4880742,0,2,-2
4880948,29,6,23
4881210,75,18,57
4882662,176,32,144
4883864,14,9,5
4883927,3,0,3
4884752,27,5,22
4886845,582,146,436
4887286,165,67,98
4889183,128,46,82
4889255,9,1,8
4889406,783,129,654
4890092,77,28,49
4892143,46,32,14
489295,42,19,23
489405,772,144,628
4894136,0,0,0
4898871,457,161,296
4901983,207,78,129
4902079,140,48,92
4902123,160,58,102
4902188,67,20,47
4902560,266,104,162
4902637,101,31,70
4904329,23,3,20
4904941,247,69,178
4905669,17,15,2
4906532,2,0,2
4908716,463,157,306
4913643,241,66,175
4913940,67,4,63
491583,98,34,64
4916478,520,98,422
4919790,197,43,154
4920619,1062,209,853
4920792,16,3,13
4920844,160,86,74
492331,325,127,198
4924455,19,6,13
4924518,187,47,140
4927814,4,1,3
4927937,119,30,89
492883,14,4,10
492946,397,119,278
4929637,279,74,205
4930665,13,8,5
4931146,2,0,2
4931553,2,0,2
4934264,263,54,209
4934366,1,1,0
4934381,558,111,447
4934683,133,51,82
4934912,100,36,64
4935535,531,90,441
493679,5,2,3
4936806,35,5,30
4938273,52,9,43
4939887,3,0,3
4939927,72,21,51
4941044,50,7,43
4941195,122,34,88
4941841,87,50,37
494343,590,216,374
4944910,58,5,53
4945110,33,5,28
4948736,23,17,6
4949282,3,0,3
495153,8,7,1
4951684,135,43,92
4952117,103,27,76
4952742,31,6,25
4952754,92,41,51
4953462,71,19,52
4953551,40,12,28
4953609,274,123,151
4955714,38,21,17
4955965,7,1,6
4956035,0,0,0
495607,101,14,87
4956249,3,1,2
4957305,113,36,77
4957718,260,81,179
4958112,58,19,39
495964,107,49,58
4960400,35,9,26
4961663,90,45,45
4963327,41,22,19
4963378,29,10,19
4963751,5,2,3
4964165,74,22,52
4964220,19,19,0
4966809,170,37,133
496875,56,10,46
4970913,114,19,95
4971550,47,34,13
4971616,171,26,145
4971823,138,13,125
497196,293,50,243
4972039,755,262,493
4972367,8,0,8
4973002,38,15,23
497373,152,79,73
4973820,1,0,1
4974221,4,0,4
4976582,81,42,39
4976793,11,1,10
4977661,2,1,1
4979519,118,30,88
4979752,375,90,285
4981318,28,7,21
4981786,231,70,161
4981875,0,0,0
4982166,247,55,192
4983300,25,5,20
4983750,40,20,20
4984164,14,1,13
4985468,250,49,201
4985649,369,115,254
498610,59,27,32
4986497,4,2,2
498888,68,34,34
4988882,57,11,46
499145,143,80,63
499163,99,39,60
4993622,233,78,155
4993705,15,0,15
499555,59,27,32
4995944,23,18,5
4996967,60,12,48
49970,270,60,210
5000001,261,70,191
5000458,220,39,181
5001080,235,31,204
5001556,4,1,3
5001588,38,8,30
5001727,30,5,25
5001817,2,1,1
5002476,17,6,11
5005154,40,13,27
500548,5,3,2
5005699,328,89,239
5005887,11,1,10
5006883,199,25,174
5009594,37,15,22
5009751,4,1,3
5009812,41,22,19
5010158,1052,148,904
5010335,1186,137,1049
5011101,65,21,44
5011276,104,16,88
5011526,104,13,91
5011685,53,33,20
5013525,168,37,131
501458,13,7,6
501544,36,13,23
5017224,37,20,17
501837,292,73,219
501851,34,7,27
5018515,11,4,7
5018715,10,2,8
5019088,64,13,51
5019851,33,6,27
5020430,60,31,29
502093,216,105,111
502190,1140,226,914
5022961,416,112,304
5025283,51,36,15
502566,143,29,114
502576,9,2,7
5026463,25,8,17
5028891,32,11,21
503151,587,142,445
5031728,120,33,87
5032298,5,5,0
5032327,17,4,13
503274,214,53,161
503331,103,18,85
5033349,0,1,-1
5033644,30,19,11
5034202,5,0,5
5035959,433,201,232
5036984,6,1,5
5037979,225,42,183
5039949,27,5,22
5039974,10,10,0
5041618,403,77,326
504310,0,0,0
5043110,103,39,64
5043388,11,1,10
5044189,320,119,201
5044763,149,30,119
5046211,160,55,105
5046910,146,41,105
5047528,127,17,110
504867,235,66,169
5049699,236,83,153
5053222,107,17,90
5059250,15,3,12
505926,14,0,14
5059970,36,13,23
5062577,255,71,184
5062642,7,0,7
5062805,39,9,30
5063996,44,13,31
5065212,13,7,6
5068357,214,37,177
5069041,40,4,36
5069164,62,27,35
5069231,85,38,47
506997,40,6,34
5072468,24,10,14
5072749,43,9,34
5073708,296,80,216
5074545,27,14,13
5074710,50,16,34
5074784,224,91,133
507480,194,43,151
5075266,107,30,77
507677,342,148,194
507907,3,0,3
507962,9,3,6
5080296,10,7,3
5080370,231,32,199
5081461,605,133,472
508343,158,42,116
5083827,69,17,52
5083966,94,34,60
5085077,109,39,70
5085453,3,2,1
5087388,66,14,52
5087754,351,123,228
5088104,259,123,136
5088744,4,5,-1
5088999,66,8,58
5089028,12,3,9
5089596,13,3,10
5089909,116,44,72
5090371,107,8,99
5090579,4,0,4
5090721,297,101,196
509099,53,31,22
5092217,14,1,13
5092307,9,6,3
509467,619,120,499
509493,33,4,29
5098380,585,231,354
5098744,65,31,34
509914,18,1,17
5099166,147,71,76
5100201,81,24,57
510116,33,19,14
5101881,528,131,397
5102102,221,164,57
5102369,16,3,13
5103290,10,2,8
5103621,87,37,50
510386,104,32,72
5104301,48,14,34
5107051,775,207,568
5107610,3,1,2
5108781,134,29,105
510940,92,35,57
5109623,4,0,4
5110129,252,62,190
5111496,56,6,50
511210,27,7,20
511429,239,65,174
5114979,93,18,75
5115270,39,19,20
511768,28,8,20
5118546,50,7,43
5118705,32,8,24
5119248,17,27,-10
5122865,232,44,188
5124210,139,20,119
512573,3,1,2
5125845,27,3,24
512822,15,10,5
512853,61,7,54
512882,300,41,259
512992,90,16,74
513198,81,39,42
5132321,178,68,110
5132596,437,124,313
5132744,462,163,299
5133396,111,41,70
5134118,47,8,39
5134224,5,1,4
5137567,0,1,-1
5138252,33,11,22
5139805,203,26,177
5140188,35,6,29
5140519,8,0,8
5140996,11,1,10
5141273,20,15,5
5141415,43,11,32
5142509,206,24,182
5142955,5,0,5
514476,12,3,9
5145157,179,38,141
5145244,24,5,19
514583,38,12,26
514584,63,19,44
514637,223,32,191
5148057,112,44,68
5148211,245,42,203
5149220,68,17,51
5150811,122,21,101
5151270,15,8,7
515149,92,50,42
5152043,158,27,131
5153081,17,1,16
515327,21,5,16
5155874,15,7,8
5156157,22,8,14
5156803,132,42,90
5157222,280,57,223
5157654,474,135,339
51578,51,28,23
5157886,66,53,13
515884,102,20,82
5159276,30,22,8
5160344,40,18,22
5160589,113,41,72
5161205,303,68,235
5161634,324,108,216
5161743,101,38,63
5162014,243,28,215
5162223,50,5,45
5165627,117,40,77
5166373,120,43,77
5167039,207,84,123
5167232,7,0,7
5167506,65,11,54
5168088,347,119,228
5168353,238,42,196
516849,5,6,-1
5168987,70,21,49
5169507,192,68,124
5170302,170,59,111
5171925,1,1,0
5172363,23,4,19
517283,333,90,243
5176832,16,1,15
5177813,15,4,11
5178272,88,27,61
517941,102,29,73
5180440,264,53,211
5182037,29,11,18
5182832,47,5,42
5182852,339,45,294
518298,1,0,1
51830,366,178,188
5183779,37,11,26
5187349,298,36,262
5187506,6,3,3
5188928,248,216,32
5190757,39,13,26
519190,55,12,43
519296,30,9,21
5193044,22,10,12
5193382,261,78,183
5193510,99,71,28
519598,134,16,118
519660,193,63,130
5198314,16,8,8
5198507,200,51,149
5198870,171,71,100
5199456,15,1,14
5199650,291,111,180
5203410,445,123,322
520350,18,6,12
520388,70,33,37
5206665,320,69,251
520817,24,10,14
5209535,411,93,318
520959,24,9,15
520962,75,22,53
5210278,98,39,59
5210834,27,6,21
5211045,69,36,33
521274,107,17,90
521359,1249,606,643
52151,32,15,17
521547,510,111,399
5217585,4,1,3
521771,296,50,246
5218353,88,11,77
5218609,0,1,-1
521982,534,214,320
522017,293,49,244
522032,181,36,145
5222900,59,5,54
5223640,461,91,370
5223674,56,24,32
5224436,7,3,4
522467,160,80,80
5225585,449,90,359
522729,176,29,147
5227972,446,176,270
522901,376,94,282
522946,66,17,49
5229719,94,23,71
5230030,156,60,96
5230075,283,44,239
523160,42,9,33
5231716,4,0,4
5233939,50,21,29
5235397,88,23,65
5236486,1004,181,823
5236533,64,23,41
523749,474,76,398
523811,63,22,41
5238152,12,5,7
5239959,25,14,11
5243886,293,114,179
5244395,29,10,19
5244543,29,5,24
5245010,143,63,80
5246096,13,3,10
5246876,109,18,91
524701,215,69,146
5248837,21,5,16
5248956,1,1,0
524969,38,8,30
5249773,84,17,67
525005,124,13,111
5250241,4,1,3
5250804,9,5,4
5251138,340,133,207
525339,14,0,14
5254313,137,60,77
5254758,234,72,162
5255349,29,6,23
5256471,2,1,1
5257115,9,0,9
5259034,18,7,11
5260716,22,8,14
5262733,84,9,75
526388,189,22,167
5263934,231,89,142
526627,0,0,0
5266466,1054,184,870
526682,623,103,520
5266895,1,0,1
5267844,8,0,8
526878,8,0,8
5270412,97,36,61
527070,128,22,106
5273724,60,15,45
5274595,35,20,15
5274750,50,24,26
5274986,18,16,2
5275713,16,8,8
5276381,390,99,291
5277060,29,7,22
5278042,372,70,302
527808,98,38,60
527829,34,22,12
5278769,337,73,264
528001,23,14,9
528045,33,8,25
528124,51,16,35
5283160,103,44,59
5283258,467,76,391
5284390,3,2,1
5284496,417,159,258
5285289,5,7,-2
5290104,282,60,222
529070,247,77,170
5290742,6,0,6
5291182,89,25,64
5292769,36,4,32
5292812,10,1,9
5293527,149,29,120
5293821,9,2,7
52940,871,174,697
529427,13,9,4
5294753,56,28,28
529558,156,93,63
5296695,125,14,111
5297976,164,62,102
529947,89,14,75
5300141,156,22,134
5300840,95,36,59
5300979,43,14,29
530120,47,4,43
5302838,10,2,8
530395,766,206,560
5304163,53,17,36
5304167,191,65,126
530432,46,9,37
530448,146,30,116
5305359,4,0,4
530767,128,33,95
5308416,46,30,16
5308638,60,11,49
531050,382,115,267
5311415,208,55,153
5312523,143,41,102
5314415,23,4,19
5314541,103,10,93
5315269,15,3,12
5315472,858,187,671
5315590,22,3,19
5317281,7,0,7
5317902,102,25,77
5318343,38,1,37
5319640,102,42,60
5321868,17,2,15
5323290,2,1,1
5323299,8,2,6
532358,51,12,39
532361,4,1,3
532379,163,46,117
5324067,162,24,138
53242,38,11,27
532426,21,5,16
53245,15,5,10
5326736,9,3,6
5327267,11,8,3
5327719,12,5,7
5328141,150,40,110
5328558,27,6,21
532859,820,233,587
5332147,3,2,1
5332228,48,14,34
533351,137,30,107
5333550,37,3,34
5334064,377,74,303
5335328,341,151,190
5335503,278,135,143
5335597,322,149,173
5335720,368,184,184
5336867,305,100,205
5336881,136,54,82
533943,3,1,2
5340023,11,0,11
5341347,20,3,17
5341561,8,1,7
5343104,247,66,181
5343483,288,125,163
534433,800,255,545
5344655,135,16,119
534506,39,13,26
5345276,211,47,164
5345295,22,1,21
5345329,4,0,4
534665,27,7,20
5346708,286,75,211
5346799,21,9,12
5347241,10,8,2
534876,38,8,30
5349443,3,0,3
5350927,117,41,76
5352302,37,19,18
535323,16,5,11
5355817,66,11,55
5357466,603,100,503
5358304,2,0,2
5359445,64,26,38
536033,18,3,15
536121,80,21,59
5361302,186,42,144
5365977,127,35,92
5366295,131,41,90
5367217,45,27,18
5367754,415,103,312
5367761,3,3,0
536794,53,8,45
5369264,6,7,-1
5369375,65,24,41
5369412,46,21,25
536996,44,20,24
5370621,19,3,16
5370860,46,19,27
5372976,99,21,78
537305,166,46,120
5373772,7,3,4
5374824,8,1,7
5377013,5,2,3
5378343,24,6,18
5378481,7,3,4
5378783,11,8,3
5379743,159,40,119
5381065,100,7,93
538156,18,6,12
5381896,27,8,19
5383617,55,13,42
5383649,84,19,65
5385110,23,5,18
538558,497,311,186
5385601,4,0,4
5388341,8,2,6
5389605,2,1,1
5390145,44,17,27
539042,645,112,533
5390716,86,30,56
5392701,224,55,169
5397205,8,1,7
5398733,63,7,56
5399411,18,4,14
5400231,3,0,3
5400718,14,4,10
5400938,5,1,4
5401442,136,24,112
5401877,51,20,31
5402013,300,111,189
5402419,181,71,110
5403843,22,5,17
540849,36,13,23
5408868,355,110,245
5409226,51,26,25
541081,601,279,322
5411299,0,0,0
5411608,115,12,103
5412911,33,4,29
5413493,55,14,41
541363,35,7,28
5413880,44,10,34
5414531,22,10,12
5418282,230,64,166
5418653,122,34,88
5421141,3,0,3
5422028,668,175,493
5422049,40,19,21
5422270,774,225,549
5422417,17,7,10
5425401,3,0,3
542646,421,133,288
5427322,4,0,4
5427665,105,30,75
542797,221,59,162
5428764,24,8,16
5429009,20,5,15
5430009,4,2,2
5430263,59,17,42
5431009,4,9,-5
543108,70,62,8
5431679,195,47,148
5432146,147,60,87
5432529,97,29,68
5432546,15,7,8
5432644,212,24,188
5432936,0,2,-2
5433141,124,39,85
5433293,266,87,179
543650,615,248,367
5436667,27,10,17
5436699,193,71,122
5436898,6,2,4
5439208,29,14,15
5440213,1241,231,1010
5440531,97,22,75
5441224,20,2,18
5442034,5,0,5
5442063,13,0,13
5442289,7,1,6
544258,58,19,39
5443071,1,1,0
5443112,101,39,62
5443494,14,3,11
5445438,6,3,3
544613,6,4,2
5446403,5,3,2
544685,4,1,3
544824,684,246,438
5449485,73,27,46
5451926,2,1,1
5452679,177,67,110
5452706,2,0,2
5452737,32,12,20
545404,1,0,1
5454432,183,54,129
5455326,122,39,83
5455356,5,0,5
545563,7,4,3
5456364,118,30,88
5456530,71,18,53
5457340,12,7,5
5459184,24,10,14
546039,290,112,178
5461087,17,13,4
5461626,0,0,0
5461909,3,7,-4
5462756,332,115,217
5463224,2,0,2
5463327,6,7,-1
5464683,240,79,161
5473388,59,18,41
547357,7,0,7
547367,196,68,128
5474905,193,53,140
5474987,23,10,13
5475039,1,1,0
5476930,425,146,279
547803,81,37,44
5479514,63,7,56
548106,24,9,15
5481081,0,2,-2
5483803,19,3,16
5484446,217,75,142
5484690,219,77,142
5485706,25,17,8
5485806,57,20,37
5488515,1,2,-1
5488622,5,0,5
5489380,147,49,98
5489381,127,39,88
549033,116,45,71
5490557,12,0,12
549281,5,2,3
549299,70,19,51
5493701,12,6,6
5494642,197,83,114
5494689,247,87,160
5495099,24,8,16
5495589,2,2,0
5496392,536,229,307
5496697,330,37,293
5497190,67,30,37
5497222,144,12,132
5498473,97,49,48
5498579,115,34,81
5498948,29,3,26
549959,218,40,178
550146,246,85,161
5501655,90,5,85
5502996,289,98,191
550486,140,26,114
550492,19,16,3
550570,12,4,8
5505754,333,91,242
5507921,9,4,5
550805,91,43,48
5509694,358,131,227
5509817,92,17,75
5510145,0,1,-1
5510238,58,19,39
5510855,493,114,379
5511934,14,12,2
55133,657,94,563
5514144,231,37,194
5514890,445,63,382
5515626,3,3,0
5515710,12,2,10
551871,4,0,4
5519383,364,112,252
5522045,60,30,30
5522190,14,4,10
5522283,3,0,3
5523435,20,14,6
5526886,1,0,1
5527469,16,6,10
5528136,17,8,9
5530317,449,125,324
5531383,131,62,69
553233,22,12,10
5532891,0,0,0
5532975,41,13,28
553337,21,4,17
553501,270,48,222
5535206,210,42,168
5535422,204,56,148
553543,3,1,2
5535903,40,23,17
5536078,188,45,143
5536091,32,10,22
5537839,291,99,192
55402,7,2,5
5540421,394,87,307
5541465,9,1,8
5541645,19,4,15
5545179,92,42,50
5545526,2,0,2
554694,613,114,499
5549012,40,15,25
555159,39,15,24
5553350,8,4,4
555419,74,6,68
5554207,252,84,168
5554439,210,51,159
5555679,579,294,285
5556387,3,2,1
5557002,86,40,46
5557342,20,4,16
5558068,127,35,92
5558238,64,10,54
556065,13,2,11
5560883,253,82,171
5561197,250,54,196
5561322,200,60,140
5563780,306,100,206
5564486,44,21,23
5565341,368,103,265
556542,100,14,86
5565743,194,77,117
5566490,23,4,19
556665,23,8,15
5566752,139,36,103
5567790,31,6,25
5568159,154,46,108
5568222,10,1,9
5568684,33,10,23
5568991,7,1,6
5569438,165,55,110
55706,241,103,138
5570655,119,51,68
557123,425,234,191
5571820,11,7,4
5573509,107,30,77
5575313,113,32,81
5577124,65,20,45
5578039,3,0,3
5578043,5,1,4
5578987,23,3,20
5580124,111,39,72
5581391,51,14,37
5583607,0,0,0
5584120,269,50,219
5584178,1,1,0
5585674,91,45,46
5585756,741,238,503
558664,181,43,138
5586678,82,42,40
5586747,43,31,12
5586906,127,26,101
558694,242,189,53
5587308,4,2,2
5587732,68,53,15
5587949,59,30,29
558798,31,5,26
5588060,265,220,45
5589592,297,38,259
5590473,49,8,41
5591223,96,36,60
5591560,197,21,176
5591735,271,88,183
559231,38,5,33
559415,182,30,152
559579,76,25,51
559643,244,87,157
5596545,51,7,44
5597649,146,11,135
559776,305,155,150
5598260,38,17,21
5599120,31,15,16
5599967,135,70,65
5600143,101,32,69
560068,505,141,364
5601229,130,48,82
5601698,65,23,42
5605005,5,0,5
5605082,14,6,8
5605394,35,23,12
5606204,1,1,0
5609288,39,4,35
5609553,192,33,159
5609593,115,16,99
5611338,89,46,43
5611662,54,25,29
5612309,0,0,0
5612394,10,2,8
561379,214,73,141
5613907,97,20,77
561471,85,27,58
5614727,152,31,121
5615619,110,21,89
5616712,15,12,3
562148,45,8,37
562236,196,30,166
5624745,56,12,44
5624967,63,23,40
5624987,96,36,60
5625607,84,16,68
5626293,0,0,0
562636,5,3,2
5626843,29,23,6
5627134,17,3,14
5630906,14,0,14
5630968,32,21,11
563124,270,150,120
563229,124,45,79
563243,184,59,125
5634221,1,0,1
563693,35,3,32
563705,155,41,114
5638175,11,5,6
5638426,541,102,439
5638548,24,3,21
5638567,15,0,15
5638772,81,23,58
5639226,12,1,11
5639579,237,97,140
5640854,40,12,28
5645341,1,2,-1
5646237,61,15,46
5646789,226,79,147
5647808,64,21,43
5647935,212,47,165
5648449,10,7,3
564861,52,10,42
5650545,10,0,10
565135,27,24,3
5651357,394,114,280
565168,48,18,30
565214,51,18,33
565442,61,35,26
565477,413,115,298
5656531,317,143,174
5656570,25,5,20
5657123,12,1,11
5657519,405,98,307
565770,635,112,523
5658000,55,9,46
5658034,18,8,10
5658470,1194,196,998
5658829,91,45,46
5658876,122,34,88
5660033,17,7,10
5662662,189,67,122
5662950,2,0,2
566338,134,78,56
5664265,262,79,183
5664701,75,19,56
566538,27,8,19
5666370,26,11,15
5666578,1,0,1
5667708,67,14,53
5669647,106,19,87
567040,6,2,4
5674072,1,1,0
567519,4,1,3
567521,44,12,32
567534,57,32,25
5675639,0,0,0
5676366,51,11,40
5676805,56,49,7
5676893,506,118,388
567910,190,49,141
5681298,62,21,41
5681329,211,92,119
5682287,45,14,31
5683423,92,50,42
5684042,35,15,20
5684501,102,44,58
5687832,8,0,8
5689940,59,21,38
5690096,170,87,83
5690782,5,2,3
5690943,45,4,41
5692000,0,0,0
5692729,2,1,1
569300,79,33,46
5693435,67,28,39
569402,30,14,16
569410,11,1,10
5694740,52,6,46
5696259,21,2,19
5696373,40,18,22
5696435,0,0,0
569709,403,146,257
569870,258,62,196
5699443,40,3,37
569963,31,6,25
5699825,69,15,54
569989,370,55,315
5700172,86,29,57
5700208,295,56,239
5700705,3,1,2
5701378,126,14,112
5702667,239,109,130
5703142,15,2,13
5703538,262,104,158
5703961,21,6,15
570490,44,9,35
5705518,852,139,713
5705931,299,78,221
5706784,94,9,85
570736,54,5,49
570762,13,2,11
5710250,57,10,47
5712231,26,8,18
5712639,180,56,124
571265,740,114,626
5713074,27,20,7
5714501,13,10,3
5715163,13,16,-3
5716394,1,0,1
5718232,46,16,30
571843,51,12,39
5718490,113,31,82
5719053,34,3,31
571906,60,13,47
5719154,13,1,12
5719329,262,120,142
571984,1,1,0
572007,115,34,81
5722435,135,20,115
5722930,271,86,185
5723059,421,75,346
5723230,312,142,170
5723442,67,12,55
5723722,84,29,55
5723878,62,20,42
5725042,1155,185,970
5725544,67,15,52
5725919,189,53,136
572632,128,24,104
572805,155,84,71
5728087,6,0,6
5728497,1,1,0
572996,18,12,6
5731499,26,11,15
573155,550,230,320
5732228,3,3,0
5732913,1,0,1
5734094,8,8,0
5734285,158,23,135
5734447,229,56,173
5736974,17,4,13
5737954,38,11,27
5738373,0,0,0
5741189,68,17,51
5742008,27,8,19
5742187,9,4,5
5742960,49,11,38
5744084,83,33,50
574436,295,101,194
574475,110,22,88
574478,438,223,215
5745146,25,6,19
5745424,75,11,64
5745580,251,71,180
574599,33,4,29
5746537,59,8,51
5747625,26,4,22
5751270,529,108,421
5751578,13,4,9
5752805,52,9,43
5753626,5,3,2
5754371,85,15,70
5754643,33,11,22
5754908,5,0,5
5755949,12,0,12
5756157,3,2,1
5756547,1,0,1
5756664,374,100,274
5757452,118,45,73
5757493,145,57,88
5757617,398,193,205
5758642,12,1,11
5759389,51,25,26
5759732,2,1,1
5759888,41,44,-3
5760182,4,0,4
5761537,59,13,46
5764716,118,18,100
5765612,203,57,146
5766585,133,54,79
5766996,50,17,33
5767949,4,1,3
577113,232,93,139
577254,2,0,2
5772650,12,3,9
577269,29,1,28
5772843,158,38,120
577319,500,94,406
5773671,48,30,18
5777220,71,27,44
5777698,241,85,156
5777840,183,89,94
5778636,6,1,5
5779469,53,10,43
5779789,62,29,33
5782862,138,22,116
5783332,98,13,85
5784573,120,26,94
5789276,105,31,74
5789563,45,16,29
5789638,56,12,44
5789703,26,3,23
5789814,21,1,20
5790042,9,1,8
5791159,94,40,54
5793102,54,6,48
5793696,55,12,43
5794238,7,1,6
579427,203,27,176
5795765,101,34,67
5795944,15,4,11
5796403,157,26,131
5799736,38,25,13
5799836,43,11,32
5803928,42,7,35
5804539,379,69,310
5804677,7,1,6
5804727,317,67,250
580488,114,16,98
5804904,150,48,102
5805210,8,0,8
580532,251,62,189
580534,333,143,190
5808345,3,1,2
5808604,55,31,24
5808607,112,54,58
5809253,224,42,182
580939,184,63,121
5810308,6,1,5
5811366,11,4,7
5812016,60,16,44
5812261,22,1,21
5812754,20,4,16
5813562,78,26,52
5817152,127,28,99
5817887,52,15,37
5818097,23,6,17
581928,34,4,30
5819415,33,4,29
5819662,134,54,80
5820464,383,67,316
5820545,18,8,10
5821441,3,1,2
5825874,148,31,117
5827057,274,62,212
5827987,41,12,29
5828773,38,10,28
582899,54,27,27
5829142,0,0,0
5830958,3,0,3
5832248,9,6,3
583333,297,105,192
583403,14,9,5
5835156,5,4,1
583577,653,158,495
5837012,280,84,196
583705,860,139,721
5837368,29,5,24
5837629,342,68,274
583803,4,2,2
583840,50,15,35
5841085,27,7,20
5841120,49,13,36
5841177,18,6,12
5841205,15,3,12
584222,182,30,152
5842492,103,40,63
5843315,38,26,12
5843374,30,12,18
5843437,21,6,15
5844582,178,46,132
5844891,165,52,113
5845056,77,5,72
5845184,46,12,34
5845773,49,13,36
5846399,28,8,20
5846903,216,39,177
5847239,8,2,6
584928,20,10,10
584971,223,46,177
5850271,120,31,89
585168,86,18,68
5853834,263,89,174
5854136,138,38,100
5854340,30,14,16
5855597,40,8,32
5856653,50,11,39
5859473,67,13,54
5860755,214,32,182
5861116,100,25,75
5862056,73,13,60
586437,45,11,34
5865746,2,1,1
5865869,2,0,2
5866164,4,3,1
5866239,15,8,7
5867484,15,12,3
5868847,42,12,30
5869110,23,1,22
5869526,1129,153,976
5872533,8,2,6
5873080,4,1,3
587369,82,13,69
587412,16,6,10
5875544,26,14,12
5877448,11,1,10
5878160,326,125,201
5878866,2,1,1
5878880,943,194,749
588044,811,153,658
588238,77,17,60
588305,7,2,5
588321,137,66,71
5883667,120,21,99
588566,380,94,286
588959,209,61,148
589041,141,60,81
589059,343,95,248
5892538,6,1,5
5892658,639,149,490
5894213,147,68,79
5896031,17,4,13
5896883,8,4,4
5897410,167,44,123
5897577,4,1,3
5897619,1,0,1
5897723,304,52,252
5898268,41,10,31
5901272,11,2,9
5902247,247,148,99
5902374,8,2,6
590443,15,0,15
590575,496,132,364
5907623,20,9,11
590823,510,260,250
590836,158,47,111
5908520,92,12,80
5908796,1061,260,801
5909215,439,65,374
590971,135,61,74
5911105,52,13,39
5911412,74,10,64
5912372,38,15,23
5914331,1146,256,890
5914520,78,14,64
5914578,12,0,12
591549,95,24,71
5917069,74,10,64
591837,21,11,10
5921026,132,50,82
5923161,9,1,8
5923234,107,14,93
5924386,128,30,98
5924465,110,17,93
5924554,249,76,173
5925367,74,46,28
5927181,47,9,38
5928159,9,4,5
5928712,157,85,72
5929238,0,1,-1
5930549,197,58,139
5931261,4,0,4
5931418,31,7,24
5936312,16,3,13
5936694,31,11,20
593718,22,3,19
5937629,184,87,97
5938179,66,15,51
5938341,272,43,229
5938869,66,16,50
5939518,167,71,96
593965,53,6,47
5940895,3,2,1
594107,52,8,44
594141,119,38,81
5941523,228,52,176
5943333,4,2,2
594350,729,169,560
5944211,92,21,71
594553,162,60,102
594569,90,15,75
5946037,139,67,72
5946100,153,82,71
594724,226,30,196
594744,80,15,65
594831,100,30,70
5949369,3,2,1
5949650,4,3,1
5949679,62,14,48
5949990,6,3,3
595036,143,37,106
595059,29,6,23
595071,5,3,2
595103,27,6,21
5951563,271,96,175
5953690,210,57,153
595539,6,2,4
5955710,80,41,39
595611,221,26,195
5956472,44,9,35
5958324,34,5,29
5958401,184,57,127
596013,1413,272,1141
5962180,44,8,36
596256,36,18,18
5962727,52,13,39
5963953,42,6,36
59656,700,169,531
5965901,1,4,-3
5966158,38,8,30
596823,81,18,63
5968779,8,3,5
597030,181,69,112
5972009,109,27,82
5973124,15,5,10
5973368,14,4,10
5974086,36,3,33
5975144,292,57,235
5975375,25,9,16
5975492,340,122,218
5975991,78,25,53
5976865,192,41,151
597726,582,197,385
5977396,21,9,12
5977660,3,3,0
5977971,0,0,0
5978781,118,24,94
5982978,19,10,9
5984630,1,1,0
5984914,12,3,9
5985970,145,25,120
5986255,211,39,172
5986347,69,36,33
5987662,68,21,47
5988788,383,115,268
5989171,132,30,102
598939,570,96,474
5989615,25,4,21
599008,8,4,4
599058,1345,438,907
599344,92,26,66
5995216,108,73,35
5995648,277,54,223
5995741,130,14,116
5996055,163,46,117
5996097,686,92,594
5996469,190,62,128
5998260,13,7,6
5999456,117,34,83
5999886,116,26,90
600013,0,1,-1
6000786,157,25,132
6001314,3,1,2
6003107,33,5,28
6003380,117,32,85
600357,45,31,14
6004166,15,3,12
6004371,1,0,1
6004673,109,24,85
600500,46,18,28
6005142,48,4,44
6009520,29,10,19
6010309,152,16,136
6010752,237,99,138
6010976,26,7,19
6011099,54,9,45
6011304,2,4,-2
6011502,5,1,4
6013057,34,15,19
601330,80,39,41
6014069,140,28,112
6014212,739,91,648
601432,104,57,47
601550,5,1,4
601584,148,42,106
6016399,76,21,55
6017812,114,39,75
6018687,270,93,177
602007,0,0,0
6022079,138,40,98
6022274,3,2,1
6022576,208,38,170
602302,40,14,26
6023233,2,2,0
6024253,130,52,78
602461,738,296,442
602475,80,17,63
602570,121,57,64
6027695,33,10,23
6027768,69,38,31
6028421,102,55,47
6028622,47,15,32
6029392,6,3,3
6029627,5,2,3
6030103,153,72,81
6030134,37,2,35
6032770,105,37,68
6034819,53,15,38
6036044,14,2,12
603959,631,123,508
6040128,472,109,363
6040426,20,10,10
604090,218,55,163
6041681,131,31,100
604185,1810,470,1340
6042584,165,52,113
6043979,165,33,132
604687,123,34,89
6047280,114,35,79
6047416,261,121,140
6047443,2,0,2
6048126,30,17,13
6048708,17,5,12
6049352,0,0,0
6050814,21,3,18
6050854,173,25,148
605086,12,5,7
6051313,151,12,139
6051418,128,10,118
6051752,185,38,147
6051753,127,28,99
6051807,108,46,62
6052172,26,17,9
6052556,61,14,47
6052949,262,122,140
6053504,167,67,100
6053933,109,63,46
605400,252,72,180
6054098,5,3,2
6054241,14,4,10
605497,230,64,166
6055413,37,14,23
605710,372,126,246
605812,257,105,152
6058342,1,0,1
6059881,25,11,14
6061517,17,9,8
606382,376,191,185
6064470,57,12,45
6064708,329,63,266
6064824,37,23,14
6065117,42,9,33
606556,46,8,38
6066828,268,95,173
606861,32,7,25
6068739,2,1,1
6069107,194,45,149
6069871,50,13,37
6070056,93,36,57
6070192,101,47,54
607129,427,144,283
6072127,140,37,103
6072252,1,1,0
607258,22,2,20
6073087,19,3,16
6073396,137,30,107
6074541,9,4,5
6075529,14,1,13
6076211,140,54,86
607676,340,136,204
6076852,20,8,12
6076915,69,6,63
607796,366,102,264
6078175,19,6,13
607885,101,20,81
6080020,16,4,12
6080709,82,36,46
6082448,69,27,42
608431,305,56,249
608438,93,35,58
6084476,200,52,148
6084484,215,53,162
6084523,21,4,17
6084934,211,57,154
608532,57,9,48
6085336,17,9,8
6087109,426,39,387
6087810,522,121,401
6087949,481,182,299
608897,35,13,22
6089234,2,1,1
608929,6,2,4
6090373,33,6,27
6090840,1,0,1
6090973,30,8,22
6091847,153,35,118
6091956,23,2,21
6092108,18,4,14
609218,299,42,257
609319,73,9,64
609407,129,43,86
6095161,11,5,6
6096819,401,85,316
6096950,253,80,173
6096984,22,3,19
6097264,90,30,60
6097361,55,5,50
6097559,3,1,2
6098149,13,5,8
6098303,7,0,7
6098401,27,5,22
6098794,7,1,6
6099522,25,6,19
609973,168,63,105
6100701,141,35,106
6101282,3,1,2
6102707,67,14,53
6102835,102,35,67
6105748,50,10,40
6105891,393,61,332
610862,97,16,81
6110207,460,86,374
6110980,2,5,-3
6111236,11,6,5
6111578,128,46,82
6111888,168,72,96
6111898,168,71,97
6113841,161,70,91
6114272,9,1,8
6114488,0,0,0
6114588,144,44,100
611485,162,38,124
6115112,78,14,64
611518,83,19,64
6116453,2,0,2
611709,119,63,56
611893,613,224,389
6119083,47,14,33
6119184,72,22,50
6123522,237,80,157
6124021,53,12,41
6124398,108,36,72
6125043,35,14,21
6126047,13,2,11
6126148,111,42,69
6127335,118,43,75
6128134,258,57,201
6128660,21,10,11
6129122,97,15,82
6130102,107,41,66
6130149,8,9,-1
6130572,3,0,3
6130708,115,41,74
6130866,12,14,-2
613103,295,47,248
6131981,52,8,44
6132507,44,23,21
613404,18,13,5
6136762,49,8,41
6137157,91,12,79
6137910,2,2,0
6138396,106,50,56
6138582,178,63,115
6139260,333,47,286
6140408,67,15,52
6141860,121,29,92
6142151,9,1,8
6147254,509,112,397
615147,206,36,170
6151521,31,5,26
6151542,5,0,5
6151547,16,4,12
615191,495,127,368
6151998,21,5,16
615216,595,294,301
6152340,103,32,71
6153268,592,291,301
615347,194,58,136
6153550,79,21,58
6154110,13,3,10
6154466,86,15,71
615456,872,357,515
6155036,10,2,8
615800,34,8,26
6158814,188,29,159
6160293,12,0,12
6160414,13,7,6
6160648,31,2,29
6161504,584,96,488
6161586,68,39,29
616278,276,67,209
6162804,150,32,118
6163325,99,41,58
6164192,26,6,20
6164945,9,10,-1
616525,32,14,18
6165704,16,5,11
6166982,49,12,37
6169269,5,0,5
6173485,4,4,0
6173495,46,11,35
6174166,49,3,46
617678,184,138,46
6178801,10,1,9
6179299,18,2,16
6179409,347,50,297
618082,3,1,2
6182360,4,3,1
6182573,202,83,119
6183220,118,26,92
6188037,191,37,154
6189778,44,17,27
619010,299,51,248
6191520,24,8,16
6191744,3,1,2
6192663,200,85,115
6192859,99,24,75
6193526,364,62,302
6193872,15,9,6
6194112,206,75,131
6194146,6,0,6
6194266,85,26,59
6195548,142,22,120
6197340,117,61,56
619890,1,1,0
6200065,25,9,16
6200400,12,3,9
620164,519,182,337
620282,12,4,8
620471,11,5,6
620526,29,20,9
6205397,2,1,1
6205465,92,31,61
6205548,30,8,22
6206419,36,17,19
620684,31,14,17
6207166,152,96,56
6208060,143,29,114
6208906,28,7,21
6209063,33,7,26
6210033,28,9,19
6210410,22,4,18
6210592,89,31,58
6212308,191,42,149
6212554,2,0,2
6212710,55,23,32
6213487,5,2,3
6214192,12,2,10
6215465,7,7,0
621777,252,106,146
6217977,114,52,62
6218581,71,30,41
6219661,72,23,49
622068,191,112,79
6221038,132,25,107
6221397,1,1,0
6221552,8,3,5
6221761,72,40,32
62218,217,113,104
6222085,15,2,13
6222799,335,46,289
6222939,118,91,27
6223729,82,34,48
6224074,345,91,254
6224560,389,108,281
6225765,50,9,41
6227326,22,14,8
6228511,561,72,489
6229036,5,1,4
6229040,6,0,6
6229132,205,64,141
6230326,0,0,0
6230348,18,11,7
623107,63,14,49
6231174,101,21,80
6231335,113,47,66
6231845,13,4,9
6232454,19,1,18
623385,87,8,79
6235126,121,60,61
623977,357,105,252
6240939,212,62,150
6241025,85,26,59
6242216,491,179,312
6242467,9,3,6
6245027,21,16,5
6245066,3,2,1
624532,481,95,386
624550,2,1,1
6245673,15,4,11
6245963,4,1,3
6248464,155,81,74
6250323,9,2,7
6251176,5,0,5
625167,305,51,254
625296,512,89,423
6254332,122,30,92
6254542,161,65,96
6255273,21,10,11
6255603,35,9,26
6256761,87,32,55
6258083,24,8,16
6258259,16,5,11
6258884,21,3,18
6259349,7,0,7
6260659,82,32,50
6261198,10,0,10
6263662,50,10,40
6265407,10,1,9
626642,333,119,214
6266940,13,3,10
626710,58,24,34
6268399,9,8,1
626866,33,6,27
6269494,296,90,206
6270054,253,170,83
6270224,108,49,59
6270385,31,6,25
627123,491,156,335
6272736,75,18,57
6272848,10,2,8
6272920,205,24,181
6273480,53,18,35
6274007,41,9,32
6274089,13,1,12
62747,188,38,150
6274939,18,5,13
6275466,428,73,355
6278809,8,0,8
627920,132,24,108
6281091,6,3,3
6282240,9,1,8
6282770,4,0,4
6282987,36,8,28
6283046,8,2,6
6285497,1,0,1
6285750,37,2,35
6286004,10,4,6
6286675,227,82,145
6286745,120,43,77
628677,217,99,118
6286953,15,9,6
6288430,0,0,0
6289036,34,20,14
628939,60,20,40
6290866,5,1,4
6291172,44,3,41
6291625,4,4,0
629409,206,78,128
6294287,105,49,56
6294961,122,20,102
6295690,0,0,0
6296061,103,35,68
6296090,7,5,2
6296649,30,13,17
6296763,114,74,40
62970,458,144,314
6297727,10,1,9
6298461,314,50,264
6298838,16,2,14
6299047,111,62,49
6300066,5,3,2
6301311,0,0,0
6304686,36,12,24
6304811,23,6,17
6306593,63,23,40
6307668,20,7,13
6308224,25,7,18
6308472,38,4,34
6308825,36,6,30
630933,308,158,150
6309910,26,2,24
6310277,53,8,45
6310708,142,40,102
6311069,3,0,3
6311971,228,60,168
6313066,73,14,59
6313232,199,83,116
6314161,3,0,3
6314627,33,12,21
6314757,23,6,17
6314767,379,133,246
6315173,4,0,4
6315378,6,1,5
6315862,48,10,38
6316209,36,5,31
631630,11,1,10
631631,17,4,13
6316365,374,87,287
6319621,35,23,12
6319833,86,15,71
6322112,51,14,37
6322313,0,0,0
632377,160,83,77
6325468,73,25,48
6326308,19,5,14
632672,926,188,738
6326881,122,19,103
6327125,1,2,-1
632717,418,70,348
6327481,10,0,10
6329280,49,6,43
6329508,33,7,26
6330658,149,22,127
6330749,2,0,2
6333930,119,45,74
6333986,19,6,13
6333987,33,12,21
6334403,366,80,286
633470,73,19,54
6334721,196,84,112
6334813,142,53,89
633504,45,10,35
6335677,106,9,97
6336855,1,1,0
633856,33,11,22
6340040,181,36,145
6340607,120,44,76
6341805,127,23,104
6342717,59,26,33
6342948,0,1,-1
6343140,4,1,3
6343203,6,10,-4
6343708,3,1,2
6343869,48,15,33
6344492,151,26,125
6344530,217,86,131
6345514,13,2,11
6347195,71,22,49
6347470,9,4,5
6347682,83,41,42
6347811,5,6,-1
6347826,14,12,2
6347890,7,2,5
634906,120,15,105
6350766,26,12,14
6350888,122,20,102
635138,172,46,126
6351674,42,10,32
6351860,8,1,7
6351964,171,94,77
6352071,35,11,24
635233,79,10,69
6352356,7,3,4
6352486,15,2,13
635386,28,6,22
6354114,289,75,214
6355408,47,16,31
6356307,7,0,7
6359036,12,7,5
635947,49,20,29
6360206,68,20,48
6360368,7,2,5
6360635,20,2,18
636232,855,257,598
6362556,22,11,11
6362692,87,13,74
6363608,69,7,62
6365338,64,31,33
6366029,6,2,4
6366445,124,60,64
6366489,74,26,48
6366595,1,0,1
6367262,55,10,45
6368206,207,67,140
6370312,7,2,5
6372596,94,29,65
6372673,94,46,48
6372688,23,13,10
6372773,198,44,154
6372793,8,3,5
6373940,21,4,17
637414,81,8,73
6374333,6,1,5
6380854,107,76,31
6380971,163,30,133
6381429,18,3,15
6381940,290,90,200
6382434,234,112,122
6382519,14,7,7
6382961,20,6,14
6383042,67,6,61
6384528,2,1,1
6385873,186,43,143
63864,13,3,10
6386506,10,3,7
6386579,0,4,-4
6387227,106,25,81
6388055,0,0,0
6389080,0,3,-3
6389570,23,7,16
6389611,135,33,102
6390161,13,10,3
6391074,111,21,90
6391447,39,11,28
6393669,0,0,0
6393790,14,4,10
6394851,1,1,0
6395129,318,139,179
6395656,16,4,12
6396184,72,40,32
6396500,7,3,4
6397134,99,26,73
6397277,2,0,2
6397887,79,37,42
6398470,2,0,2
6398931,138,32,106
6399937,102,17,85
6401872,0,0,0
6402476,17,3,14
6402681,3,1,2
6403143,28,9,19
6403266,171,65,106
6406412,58,12,46
6406504,80,16,64
6406646,16,4,12
6407509,126,36,90
6407626,1,2,-1
6407907,1,2,-1
6407960,367,77,290
6408647,67,19,48
6408947,29,2,27
6409131,1,0,1
6409512,336,92,244
6409823,25,8,17
6409963,99,40,59
6410291,38,18,20
6412724,1,2,-1
6413247,6,1,5
641376,11,7,4
6414036,20,13,7
6414960,2,1,1
6418044,7,0,7
6418507,27,2,25
6419658,10,1,9
6419723,34,8,26
6420704,91,10,81
6420881,16,4,12
6421382,61,18,43
6421900,3,2,1
6422809,168,93,75
6422849,41,7,34
6423394,59,18,41
6424179,39,11,28
6425472,276,69,207
6425475,295,95,200
6428465,38,6,32
6428642,7,1,6
6428939,38,16,22
6429266,4,1,3
6430017,91,44,47
643045,295,135,160
6430495,28,28,0
6431501,151,65,86
6431521,409,119,290
6432372,265,39,226
6432848,2,0,2
643336,1060,233,827
6434283,10,4,6
6434313,26,11,15
643448,188,72,116
6434550,18,5,13
643526,28,6,22
6435928,125,24,101
6436056,50,2,48
6436288,72,14,58
6436309,216,88,128
6439469,79,25,54
6439555,153,36,117
6440311,234,52,182
6440856,6,1,5
6441113,47,28,19
6441442,140,69,71
64429,1053,240,813
6443791,3,2,1
6444036,10,4,6
6444552,6,1,5
6445903,2,2,0
6445907,366,81,285
6446541,10,3,7
6447487,20,3,17
6449073,57,33,24
6449241,6,2,4
6449437,112,22,90
6450192,124,52,72
6450878,769,234,535
6451501,824,226,598
6451689,52,41,11
6454057,248,34,214
6454113,8,3,5
6454939,132,30,102
6455122,102,60,42
6456004,47,31,16
6456598,4,2,2
6457331,40,9,31
6457406,3,2,1
6457519,40,13,27
6458481,6,0,6
6460653,56,7,49
6460959,0,0,0
6461489,106,49,57
6462353,47,25,22
6462469,139,46,93
6462805,363,98,265
6464196,17,9,8
6470478,18,6,12
6471099,195,58,137
6471382,6,1,5
6471437,97,46,51
6471658,158,72,86
6472144,92,37,55
647243,488,185,303
6472581,4,1,3
6472625,161,79,82
6472785,86,39,47
6473367,3,1,2
6473547,140,50,90
6473651,147,44,103
6473735,150,42,108
647386,92,9,83
6473953,210,37,173
6473957,164,80,84
6474299,2,1,1
6474578,23,2,21
6474667,80,9,71
6475256,147,33,114
6475859,5,0,5
647738,187,90,97
6478118,28,15,13
6479011,448,61,387
6479212,105,30,75
6479246,17,6,11
6479935,19,1,18
6480236,60,11,49
6480309,194,72,122
6483536,166,21,145
6483795,65,11,54
6484328,33,21,12
6485525,14,2,12
6485860,80,28,52
6486912,91,40,51
6488606,279,151,128
648921,140,69,71
6489450,20,3,17
6491347,14,4,10
6491691,346,121,225
6492167,159,31,128
6493229,0,0,0
64942,9,5,4
6495522,163,20,143
6496989,2,2,0
6497344,8,2,6
6497782,44,11,33
6498157,387,47,340
6499621,40,19,21
6499625,167,55,112
6499982,69,24,45
6500021,6,0,6
6500283,72,12,60
650111,60,14,46
6501894,4,2,2
6502006,87,40,47
6502403,482,191,291
6503029,69,11,58
6503803,2,1,1
6506409,2,0,2
6506872,92,23,69
6507217,77,22,55
6508165,65,32,33
6508593,8,2,6
6508761,25,4,21
6508771,175,50,125
6509448,182,37,145
6509509,0,0,0
6509601,21,2,19
6511152,29,9,20
6511216,33,13,20
6511591,1,1,0
6512176,257,97,160
651312,22,8,14
6517880,202,75,127
6518611,67,3,64
6519332,574,87,487
6519512,215,53,162
652015,477,82,395
6520804,14,4,10
6521539,218,77,141
6521818,2,0,2
6524579,136,27,109
6524837,8,0,8
6526534,63,28,35
6529850,10,3,7
6530879,59,29,30
653127,12,11,1
6532121,38,11,27
6532498,572,141,431
6532555,0,2,-2
6533418,19,20,-1
6534239,172,56,116
6534770,28,5,23
6534881,15,6,9
6534927,4,6,-2
6535321,174,50,124
6535513,24,11,13
6535706,23,5,18
6537843,180,74,106
6538160,4,0,4
6539825,10,3,7
6540774,3,1,2
6540815,125,47,78
6541175,3,0,3
6541247,116,47,69
6541429,9,17,-8
6541814,14,4,10
6542682,14,2,12
6542683,0,3,-3
6543716,2,1,1
6547208,279,58,221
654893,79,70,9
6549520,126,34,92
6550431,62,22,40
6550626,7,1,6
6550647,31,12,19
6550729,0,0,0
6551365,249,128,121
6551620,121,19,102
6552071,2,2,0
6552663,90,28,62
6552713,64,5,59
6552973,8,1,7
6553480,197,84,113
6553947,4,1,3
6555348,115,25,90
6556811,96,22,74
6558462,108,20,88
6559364,184,112,72
6562691,0,0,0
6563687,5,1,4
65638,720,190,530
6564294,7,2,5
656509,22,7,15
6565117,21,8,13
6565776,31,2,29
656590,554,311,243
6566781,27,4,23
6567412,115,53,62
6568487,167,19,148
6569902,17,10,7
6570274,118,56,62
6570287,1,0,1
6570310,349,69,280
6571674,19,12,7
6572179,5,2,3
6572320,381,116,265
6574075,26,7,19
6574256,15,6,9
6574368,129,37,92
657479,0,0,0
6574892,10,1,9
6575530,312,47,265
6579761,33,20,13
6580320,159,53,106
6584346,0,0,0
6585041,77,19,58
6585164,49,9,40
6585696,3,0,3
6586112,14,15,-1
6587183,347,108,239
6587462,180,26,154
6588400,17,0,17
6590670,79,46,33
6592498,0,1,-1
6593437,7,1,6
6593987,122,37,85
6594477,16,2,14
6595088,14,3,11
6595594,2,0,2
659628,50,24,26
6596346,19,6,13
6596709,426,181,245
6597102,23,6,17
6598365,17,11,6
6599061,12,2,10
6600286,476,75,401
660064,99,32,67
6600767,103,18,85
6601026,0,0,0
6602028,3,0,3
6602088,11,4,7
6602490,79,5,74
6603139,59,10,49
6604256,19,5,14
6604644,151,24,127
6605230,37,24,13
6605627,3,0,3
6605880,190,63,127
6606399,64,12,52
6606418,407,113,294
6606624,55,18,37
6606649,3,2,1
6607008,2,0,2
6607803,170,31,139
6608629,163,93,70
6609496,6,1,5
6609607,47,30,17
6611391,217,46,171
6611516,149,39,110
6611647,37,3,34
6611663,28,13,15
661179,8,4,4
661253,18,9,9
6613370,7,0,7
6615213,23,10,13
6616593,489,119,370
6616842,169,55,114
6616909,8,0,8
6617156,2,0,2
6617423,79,11,68
6617446,6,2,4
6618185,111,28,83
6618263,6,2,4
6618512,0,1,-1
661917,129,19,110
6619402,13,3,10
6619558,0,0,0
6620546,358,102,256
6620917,174,63,111
6622235,21,8,13
6622730,50,9,41
6622873,2,1,1
6622891,6,4,2
6622972,30,10,20
6623050,129,25,104
6623147,31,6,25
6623667,45,12,33
6623759,26,9,17
6624103,0,0,0
6624217,6,1,5
6624708,43,10,33
6624833,10,2,8
6624911,60,11,49
6626092,0,0,0
6626182,26,9,17
6626185,20,11,9
6626304,94,31,63
6626434,64,13,51
6626486,12,2,10
6627205,283,75,208
6631147,32,5,27
6631727,349,56,293
6632570,400,308,92
6632588,20,6,14
6634566,93,23,70
6634610,43,20,23
6635423,13,2,11
6636028,62,8,54
6637242,69,21,48
6638394,33,13,20
6638999,159,91,68
6639958,19,5,14
6642002,52,28,24
6643705,72,20,52
6645203,314,86,228
664712,5,4,1
664757,15,3,12
6649828,28,8,20
6650328,6,0,6
6650370,126,48,78
6651216,7,2,5
6651313,4,0,4
6651481,99,71,28
6651981,0,2,-2
6652062,19,5,14
6652103,48,18,30
6652208,8,0,8
6653185,2,2,0
6653233,0,0,0
6653445,115,34,81
6653588,6,7,-1
6654374,134,25,109
6654488,43,10,33
6654739,167,65,102
6655854,25,6,19
6656704,0,0,0
6657059,10,5,5
6660428,231,53,178
666172,245,95,150
6663354,0,0,0
6664692,58,8,50
6665603,239,92,147
6665935,16,1,15
6665983,155,52,103
6668145,25,8,17
6668287,15,4,11
6669204,39,9,30
6669426,24,12,12
6671228,3,0,3
6672273,16,3,13
667252,3,0,3
6673267,9,7,2
6673283,16,7,9
6673477,6,0,6
6674937,19,7,12
6675947,93,24,69
6676812,5,1,4
6676916,481,111,370
6676963,116,57,59
66772,104,14,90
6681157,77,9,68
6681314,42,20,22
668172,368,62,306
6681786,206,88,118
6682385,36,19,17
6683135,12,4,8
6683264,21,7,14
6683496,94,5,89
6683526,75,28,47
6683605,34,8,26
6683977,12,2,10
6684343,34,11,23
6686113,245,83,162
6686420,215,38,177
6688068,0,2,-2
668819,305,32,273
6689949,13,3,10
6690884,9,3,6
6692216,627,207,420
6693174,10,4,6
6694899,6,0,6
6695460,63,7,56
6695602,5,3,2
6696307,9,5,4
6696477,37,5,32
6696610,89,14,75
6696995,195,65,130
6697153,167,51,116
6698370,1,0,1
6698767,236,43,193
6698769,161,15,146
6699212,8,1,7
6699666,3,0,3
6700188,3,1,2
6701276,1,0,1
67025,304,150,154
6704265,78,8,70
6704311,18,8,10
6704485,124,34,90
6704534,62,23,39
6706265,141,35,106
670667,275,76,199
6707146,26,11,15
6707299,96,40,56
6707309,5,3,2
6708046,133,15,118
6708890,33,14,19
6709124,3,0,3
6709965,281,122,159
6710905,91,15,76
6711323,76,26,50
6712284,169,59,110
6712472,464,78,386
6712988,29,6,23
6714727,8,4,4
6715556,147,70,77
6717546,296,96,200
6718047,61,8,53
6718566,13,1,12
6720556,144,31,113
672080,180,57,123
672081,64,33,31
6720954,158,50,108
6721584,376,127,249
6722087,87,16,71
6724527,30,8,22
6724998,21,5,16
6725390,39,16,23
6725409,28,8,20
6725933,7,2,5
6726373,50,26,24
6726679,30,8,22
6728043,17,8,9
6728198,246,28,218
6728256,26,8,18
6728373,62,22,40
672927,114,23,91
6729389,67,12,55
6729877,7,5,2
673067,770,269,501
6734141,53,15,38
673501,265,119,146
6735394,132,64,68
6737167,3,3,0
673863,27,12,15
6738678,1,0,1
6739062,199,36,163
6740524,148,25,123
6741370,9,6,3
6742646,35,12,23
6742681,34,8,26
674270,14,3,11
6743977,13,1,12
6744372,55,23,32
6745039,231,55,176
6745743,746,96,650
674675,28,5,23
6746883,4,2,2
6747072,26,9,17
675078,114,32,82
6751316,8,6,2
6751381,24,4,20
6752188,6,2,4
6752610,50,27,23
6752633,155,66,89
6753014,81,16,65
6753479,110,34,76
6754126,268,62,206
6754179,25,9,16
675451,61,24,37
6755585,11,2,9
6755778,2,0,2
675591,34,12,22
6755926,11,1,10
6756226,183,71,112
6756634,18,5,13
675687,11,0,11
6758044,2,0,2
6758757,3,0,3
6758889,9,1,8
6759342,0,0,0
6760084,3,0,3
6760838,3,2,1
6761407,1,0,1
6762350,5,2,3
6762939,4,2,2
6763012,4,0,4
6763299,106,22,84
6764013,5,1,4
676476,168,107,61
6765134,395,82,313
6766330,29,9,20
6766422,75,27,48
676839,97,50,47
6769942,17,1,16
6771177,15,4,11
6773887,0,0,0
6773905,152,30,122
6774168,0,0,0
6775688,69,6,63
6776959,30,7,23
6776985,89,28,61
6779331,82,32,50
6780311,26,4,22
6780943,63,18,45
6781059,1,1,0
6781436,8,5,3
6781576,20,2,18
6782126,366,115,251
6782305,2,0,2
6782475,19,2,17
6782789,3,0,3
6782995,16,3,13
6783049,11,5,6
67851,88,25,63
6785679,221,114,107
6786844,60,4,56
6787252,4,0,4
6788125,14,11,3
6788921,4,2,2
6789150,42,10,32
6789549,6,0,6
6789858,17,6,11
6789991,5,2,3
679006,209,48,161
6790092,0,1,-1
6791176,7,3,4
6791276,261,65,196
6791502,2,3,-1
6793283,9,2,7
67934,66,6,60
6794104,116,14,102
679471,508,266,242
6795733,84,21,63
6796805,18,0,18
679683,9,2,7
679709,44,2,42
6797315,93,37,56
6797406,34,18,16
679790,276,179,97
6799780,10,5,5
6800919,30,18,12
6801156,3,4,-1
6801173,183,72,111
680305,287,57,230
6804194,159,48,111
6805186,529,111,418
6805860,33,7,26
6806459,35,15,20
680656,150,27,123
6806841,123,63,60
680739,803,174,629
6808249,86,31,55
6808690,49,12,37
6808975,65,24,41
6811604,41,1,40
6811617,101,12,89
6813803,114,34,80
6815767,10,2,8
681613,40,19,21
681690,101,38,63
6818761,62,15,47
6819233,5,0,5
6819464,20,6,14
6819565,8,3,5
6821240,6,1,5
6821288,22,6,16
6824257,80,83,-3
6824264,7,3,4
6824649,2,1,1
6825684,60,24,36
6825875,17,3,14
6825946,25,4,21
682609,1042,257,785
6826328,80,20,60
6826650,3,1,2
6827113,1,0,1
6827413,31,5,26
6827581,9,0,9
6827582,29,9,20
6827659,2,1,1
6827685,39,4,35
6828316,3,5,-2
6829010,205,48,157
6829436,0,0,0
6829498,84,13,71
6830389,7,1,6
6831486,28,3,25
6831621,291,174,117
6832571,104,25,79
6832610,10,3,7
6832672,76,21,55
6832695,19,1,18
6832938,37,6,31
6833287,19,10,9
683850,141,52,89
683883,96,26,70
6839058,5,0,5
683952,450,274,176
6839919,45,14,31
6840321,4,3,1
6841601,10,4,6
6841755,266,101,165
6841892,48,26,22
6842167,18,3,15
6842736,69,10,59
6843477,284,100,184
6843564,131,48,83
6843786,604,154,450
6843994,0,0,0
684409,181,47,134
6844348,9,1,8
684620,31,2,29
684635,25,5,20
6848682,115,30,85
6849067,9,5,4
6849249,96,28,68
6849428,23,2,21
6850507,2,0,2
6854241,6,0,6
6855527,28,5,23
6856552,12,9,3
6857143,153,15,138
6857570,30,15,15
6859386,45,9,36
6860603,222,81,141
6860839,37,30,7
6861032,0,0,0
686205,117,20,97
6862170,13,5,8
6862475,16,4,12
6863019,28,3,25
6863766,300,112,188
6864292,8,2,6
6866093,253,122,131
6866261,333,38,295
6867171,46,39,7
6867451,24,0,24
6868537,27,11,16
6870100,9,9,0
6872714,53,39,14
6872716,262,58,204
6872783,290,79,211
6873097,169,38,131
6874072,50,25,25
6874392,84,11,73
6875426,365,66,299
6876336,105,56,49
6877362,19,3,16
6877671,222,58,164
6878641,1,2,-1
6878993,134,56,78
6879175,65,23,42
6879207,102,44,58
687925,152,101,51
6881487,43,16,27
688367,31,23,8
6884941,26,5,21
6884991,45,19,26
6885370,295,61,234
6885658,9,1,8
6886160,32,8,24
688855,238,72,166
6889156,37,4,33
6890952,6,7,-1
6891064,52,12,40
6891143,13,6,7
6891457,5,6,-1
6891479,27,12,15
6891850,84,26,58
6892028,175,58,117
6892133,8,0,8
6892860,19,2,17
6894456,2,0,2
6894866,6,0,6
6894891,116,31,85
6895142,5,4,1
6895232,25,8,17
6895954,110,43,67
6896290,21,2,19
6896481,2,2,0
6896543,8,1,7
6897506,83,28,55
6897690,27,12,15
6899847,6,1,5
6900522,2,0,2
6903318,182,28,154
6903456,107,44,63
6903923,28,5,23
6903963,60,34,26
6904115,21,9,12
6904294,13,6,7
6904940,13,8,5
6906382,2,1,1
6906601,99,19,80
6906875,207,35,172
6907168,209,50,159
6907280,8,1,7
6907297,21,8,13
6907592,13,0,13
6908299,35,9,26
6910574,16,1,15
6910576,14,4,10
691174,12,8,4
6912665,7,2,5
6913007,378,94,284
6913212,4,2,2
6913645,3,1,2
691516,229,37,192
6915730,12,0,12
6917553,6,0,6
6917796,10,1,9
6918710,321,59,262
6919139,7,2,5
69198,22,19,3
6920369,17,1,16
6920573,34,11,23
6920760,1,0,1
6920988,192,39,153
6921242,188,33,155
6922087,92,30,62
6922236,37,13,24
6922708,20,9,11
6922990,97,32,65
6923659,40,8,32
692371,76,22,54
6923731,16,8,8
6924678,6,1,5
6924913,13,2,11
6925008,20,10,10
6927224,66,22,44
6928176,39,12,27
6928899,2,2,0
6929470,97,35,62
6929536,3,3,0
6929699,10,2,8
6929789,62,29,33
6929824,2,0,2
6930796,99,20,79
6930884,245,63,182
6932082,39,7,32
693226,4,2,2
6932765,193,87,106
6932913,9,6,3
693300,93,28,65
6933001,52,11,41
6933805,103,61,42
6934721,17,13,4
6934830,69,31,38
6935007,172,19,153
6935339,6,2,4
6937381,127,33,94
6938056,133,40,93
6938869,0,1,-1
6942466,3,1,2
6942550,6,1,5
6942563,26,4,22
6942748,0,0,0
6942824,3,0,3
6943454,109,21,88
6943939,1,2,-1
6944236,6,1,5
6944342,48,10,38
6944501,3,2,1
6944512,20,6,14
6945312,4,0,4
6945526,137,26,111
6945721,0,1,-1
6946116,25,3,22
6946364,37,18,19
6947277,302,88,214
6948096,12,2,10
6948851,22,14,8
6949544,19,3,16
6949858,51,24,27
6950151,221,67,154
6950763,21,4,17
695120,43,10,33
6951428,15,1,14
6951866,11,6,5
6951881,177,63,114
6952075,31,8,23
6952565,13,8,5
6952804,0,0,0
6953228,65,11,54
6953630,92,45,47
6953975,49,13,36
6954018,9,6,3
6954126,15,4,11
6954605,10,2,8
6955291,57,13,44
6955424,73,23,50
6955622,8,3,5
6955680,12,1,11
6955821,64,10,54
6958674,43,10,33
6960078,163,61,102
6960702,58,9,49
6961058,221,64,157
696247,30,4,26
6962549,117,19,98
6962808,7,1,6
6963458,51,7,44
6963613,324,127,197
6963699,92,52,40
6963836,2,1,1
6963841,2,1,1
6964234,5,3,2
6964631,33,10,23
6964733,2,3,-1
6966615,7,7,0
6968345,449,72,377
6969631,4,0,4
6969632,590,140,450
6969974,637,79,558
6971210,62,18,44
6971334,2,2,0
6971376,16,5,11
6971561,7,8,-1
6971621,19,6,13
6972342,22,10,12
6972368,109,42,67
6972662,0,0,0
6973301,86,35,51
6974335,35,6,29
6978628,2,0,2
6979287,10,5,5
6979478,186,35,151
6980076,7,2,5
6980339,17,4,13
6980646,6,4,2
6980671,10,3,7
6981405,19,9,10
6981788,95,49,46
6981907,53,14,39
6982089,9,1,8
6982222,10,4,6
6982659,154,34,120
6983108,10,0,10
6983251,1,0,1
6984287,75,49,26
6984555,4,1,3
6984793,171,51,120
6987315,65,44,21
6987666,4,0,4
6987818,520,160,360
6990435,6,2,4
6990528,47,9,38
6990916,34,13,21
6990988,226,87,139
6991594,40,23,17
6992411,300,71,229
699256,72,11,61
6992637,63,22,41
6995130,0,0,0
6996158,13,8,5
6996276,46,4,42
6996677,31,14,17
699729,822,234,588
6998170,2,1,1
6999266,6,3,3
7000247,15,5,10
7000364,42,17,25
7001745,4,0,4
700285,33,15,18
7002956,54,14,40
7003835,0,0,0
7005720,46,15,31
7006754,45,32,13
7006879,121,69,52
7007987,13,11,2
7008353,82,49,33
7008408,19,19,0
7008577,32,6,26
701177,88,17,71
7014250,19,4,15
7014296,9,1,8
7015242,2,0,2
7015486,39,9,30
7015495,9,0,9
7016370,30,16,14
7017036,88,23,65
7017773,68,7,61
7019322,30,11,19
7019344,62,14,48
7019406,129,51,78
7020036,1,0,1
7020636,64,64,0
7022045,2,1,1
702221,599,239,360
7022679,7,4,3
7027281,8,3,5
7028058,4,0,4
7028224,9,4,5
7028427,6,0,6
7028582,211,25,186
7028725,3,4,-1
7028739,2,0,2
7029238,13,10,3
7029775,42,9,33
7030372,30,9,21
703064,82,41,41
7031389,101,35,66
7031850,30,13,17
7032480,58,26,32
7034307,29,12,17
7035546,23,6,17
7035654,4,2,2
7036055,240,91,149
7036799,8,3,5
7037076,12,4,8
7040294,270,117,153
704069,431,111,320
7040868,30,7,23
7041265,8,4,4
7042880,2,3,-1
7043066,21,9,12
7043283,54,24,30
7044613,5,0,5
7046429,21,12,9
7047205,243,22,221
7047481,351,83,268
7048016,73,9,64
7048522,260,50,210
7049093,57,29,28
7049268,68,25,43
7049604,497,118,379
7049738,103,22,81
7049889,85,39,46
7050088,32,8,24
7050172,11,1,10
7050841,17,5,12
7050891,38,17,21
7051007,56,13,43
705210,304,75,229
705323,81,28,53
705523,167,20,147
705526,200,36,164
7057206,12,7,5
7057662,0,1,-1
7058473,381,98,283
7058622,6,3,3
7058842,7,1,6
7058988,33,16,17
7059289,40,4,36
705985,8,4,4
705992,59,10,49
7061209,5,0,5
7062018,48,3,45
7063205,250,88,162
7063451,3,1,2
7063911,57,9,48
7064488,8,0,8
7069264,7,0,7
7069755,11,3,8
7069818,7,9,-2
7069984,52,14,38
7070336,168,80,88
7070798,287,110,177
7071051,487,103,384
7071078,27,11,16
7071134,151,44,107
7073226,22,8,14
7073509,113,47,66
7076194,3,0,3
707632,531,128,403
7078106,22,16,6
7078108,289,29,260
7079103,16,7,9
7079705,146,22,124
7080135,197,62,135
7080174,77,15,62
7081504,70,23,47
7081554,16,13,3
7082045,655,119,536
7082092,10,2,8
7083154,148,54,94
7085264,13,7,6
7085928,465,69,396
7086428,74,10,64
7086741,18,17,1
7087470,5,0,5
7087525,59,33,26
7090786,7,2,5
7090919,8,4,4
7090929,163,28,135
7090938,11,1,10
709116,71,12,59
7091305,20,1,19
7092136,22,5,17
7092409,178,46,132
7092828,76,28,48
7092855,30,3,27
7093533,4,0,4
7093954,372,144,228
709418,44,12,32
7097349,11,4,7
7098150,0,0,0
7098712,54,15,39
7098997,0,0,0
709912,120,22,98
7099357,136,62,74
7100279,10,8,2
7100408,0,4,-4
7101270,8,6,2
710203,629,164,465
7102563,6,0,6
7102846,438,130,308
7105719,7,2,5
7107161,2,0,2
7107420,109,17,92
7107798,88,22,66
7108631,40,8,32
7110150,59,14,45
7110304,153,33,120
7112269,5,7,-2
7112350,16,4,12
7112534,95,29,66
7112913,216,68,148
711333,328,85,243
7113679,5,3,2
7114207,24,1,23
711425,291,118,173
711624,23,9,14
7119732,7,1,6
7119825,248,46,202
7119847,149,54,95
7120433,95,38,57
7120651,6,0,6
7120892,293,45,248
7122342,26,9,17
7123642,6,2,4
7124564,1,0,1
7128640,20,13,7
7129323,44,10,34
7130319,1,0,1
7130391,11,3,8
7131287,1,0,1
7131435,304,75,229
7131722,290,63,227
713475,555,216,339
713741,11,0,11
713758,25,3,22
7139454,22,7,15
7140902,46,8,38
7140951,10,2,8
7141356,180,64,116
7142034,119,33,86
7142115,5,7,-2
714240,58,23,35
714364,268,69,199
7144008,56,31,25
7144525,171,29,142
714723,504,194,310
7147289,3,1,2
7147304,6,3,3
7148354,82,33,49
7149455,31,28,3
7152196,28,5,23
7154129,154,50,104
7154471,157,51,106
7154521,29,2,27
7154958,31,7,24
7155132,190,46,144
715564,927,231,696
7156359,12,3,9
7156472,297,61,236
7156558,93,16,77
7157891,46,7,39
715841,70,35,35
715919,130,33,97
7160374,10,4,6
7160733,5,1,4
7160827,0,3,-3
7160998,23,6,17
7161319,48,3,45
7161510,21,6,15
7161745,3,1,2
7161879,169,48,121
7164478,66,15,51
7164812,3,0,3
7165133,53,23,30
7167157,71,27,44
7167987,0,0,0
7169844,9,5,4
7170008,63,19,44
7170422,0,0,0
7170781,83,30,53
7170930,56,39,17
7171027,4,4,0
7171483,2,0,2
717171,667,159,508
7171920,42,8,34
7172051,35,10,25
717220,770,163,607
7172305,638,202,436
7172597,109,28,81
7173002,19,11,8
7173464,36,7,29
7173856,17,13,4
7175951,84,31,53
7177159,21,1,20
7177601,7,3,4
7177617,13,5,8
7178107,35,23,12
7178847,21,5,16
7179275,28,4,24
717964,103,58,45
7180024,64,15,49
7180045,7,1,6
7180155,11,1,10
7180217,39,12,27
7180348,97,19,78
7183149,175,24,151
7183377,77,25,52
7184923,110,19,91
7185466,6,0,6
71875,197,64,133
7188835,504,117,387
7190427,4,0,4
7190679,4,2,2
7190994,0,0,0
7191549,1,1,0
7192421,55,19,36
7193018,8,0,8
7193173,64,15,49
7193878,12,3,9
7194112,53,18,35
719487,259,57,202
7195160,47,8,39
7195879,67,31,36
7196801,232,61,171
7199092,15,2,13
7199174,25,11,14
7199409,0,0,0
7201123,3,5,-2
7201161,617,107,510
7201329,108,32,76
7202618,58,21,37
7202689,4,1,3
7202983,257,29,228
7203121,347,159,188
7203814,4,2,2
7203896,362,66,296
720462,1,0,1
7205051,2,2,0
72059,150,28,122
720633,863,242,621
7208317,47,18,29
7209936,151,60,91
7210843,10,3,7
7211021,454,79,375
721116,463,119,344
721267,24,4,20
7214515,13,6,7
7215975,4,0,4
7216002,9,2,7
7216017,82,10,72
7217349,3,0,3
721759,13,10,3
7218225,45,23,22
7219113,91,21,70
722152,129,68,61
7221651,4,1,3
7221925,4,1,3
7222044,136,43,93
7222064,180,62,118
7222595,55,10,45
7223124,277,43,234
7223620,3,0,3
7223675,19,5,14
7223946,2,0,2
7226181,6,3,3
7230184,99,43,56
7232132,288,81,207
7232603,8,3,5
7233983,275,48,227
7234061,11,4,7
7234065,14,3,11
7234228,63,13,50
7234891,19,7,12
7238001,120,20,100
7240935,200,114,86
7241121,54,1,53
7243059,14,7,7
7243140,0,0,0
7243380,125,57,68
7243554,87,9,78
724357,59,19,40
7244095,13,3,10
7244212,50,10,40
7244789,31,8,23
7245085,89,24,65
7245322,57,20,37
7245955,6,2,4
724627,6,1,5
7248033,9,1,8
7248254,176,88,88
7249420,20,6,14
7250638,31,7,24
7251329,189,57,132
7251352,88,36,52
7251711,50,15,35
7252154,27,6,21
7252344,147,62,85
7252597,416,99,317
725295,1,3,-2
725310,22,14,8
7253403,509,115,394
725370,820,218,602
7253865,69,16,53
7254059,132,30,102
7254098,1,0,1
7254578,0,0,0
7255654,5,1,4
7255694,44,8,36
7257296,443,75,368
7257771,4,5,-1
7258019,38,14,24
7258490,50,12,38
7259061,8,2,6
7259582,222,65,157
7259632,9,0,9
7260095,25,20,5
7260110,78,14,64
7260746,142,71,71
7261330,18,6,12
726135,25,9,16
7263156,52,9,43
7263920,0,0,0
726669,773,214,559
7267615,105,39,66
7268784,0,0,0
726882,476,141,335
7268962,109,57,52
7269496,1,0,1
726950,676,225,451
7269831,3,1,2
7270274,28,12,16
7271172,164,68,96
7271484,3,1,2
7271762,2,0,2
7273505,154,51,103
727394,83,21,62
7274152,264,69,195
7274622,136,69,67
7275367,157,50,107
727626,110,60,50
7276307,387,95,292
7276367,197,92,105
7276549,137,30,107
727655,161,21,140
727680,208,31,177
7276904,406,91,315
7277469,32,10,22
7277587,17,3,14
7277721,109,76,33
7277768,0,0,0
7278104,636,199,437
7278666,72,35,37
7278671,30,24,6
7281936,56,18,38
7283001,4,1,3
7283002,96,26,70
7283114,93,42,51
7283543,7,3,4
7283779,19,15,4
7284086,1,0,1
7284615,3,0,3
7284815,267,39,228
7285003,1,1,0
728581,44,19,25
7286003,351,76,275
7286153,7,2,5
7287040,17,5,12
728752,34,11,23
7287955,0,0,0
7288599,23,10,13
7288771,49,25,24
7289609,21,4,17
7290096,2,0,2
7290384,213,111,102
7290423,6,1,5
7290689,31,6,25
7290745,18,7,11
72913,471,66,405
7291998,36,4,32
7295794,0,0,0
7297520,0,0,0
7297790,71,25,46
7298893,6,0,6
7299554,53,7,46
7299607,154,53,101
7300044,29,15,14
7300854,12,4,8
7302170,92,49,43
7302235,6,0,6
7302579,22,3,19
7303200,18,6,12
7303864,61,7,54
7304030,7,4,3
7304191,1,0,1
7305470,17,3,14
7306095,66,12,54
7307312,45,21,24
7307390,1,1,0
730765,305,63,242
7307904,46,7,39
7308124,237,28,209
730831,377,116,261
731022,386,50,336
7311955,86,27,59
7312161,64,46,18
7312704,49,21,28
7313037,32,6,26
7313206,120,19,101
7313478,252,45,207
7314315,0,0,0
7314934,2,0,2
7315139,0,0,0
7315203,0,0,0
7315585,3,1,2
7315642,14,0,14
7315876,0,0,0
7317867,426,99,327
7318747,30,1,29
731894,18,11,7
7318979,2,0,2
731968,94,32,62
7319719,34,6,28
732003,37,14,23
7320251,2,0,2
7320318,89,25,64
732072,6,2,4
7320770,30,14,16
7320902,127,63,64
7321773,38,9,29
7321854,119,53,66
7322360,0,0,0
7323292,142,44,98
7323396,13,1,12
7324028,0,0,0
7324287,40,14,26
7324508,4,0,4
7324617,10,1,9
7324894,3,0,3
7325054,16,6,10
7325870,347,67,280
7326250,17,1,16
7327440,49,7,42
7327646,283,91,192
7328399,13,2,11
7333961,16,3,13
7333979,14,4,10
7334540,69,40,29
7334895,279,56,223
7335294,36,7,29
7335882,31,8,23
7335958,69,17,52
7336227,9,6,3
7336533,29,13,16
7337893,38,21,17
7337915,292,113,179
7338068,107,25,82
7338306,16,8,8
7338435,69,22,47
7338556,118,32,86
7338661,12,2,10
7338740,11,8,3
7338803,1,1,0
7339011,299,96,203
7340251,172,40,132
7340349,189,47,142
7340654,3,1,2
7340957,5,0,5
7342029,6,3,3
7342172,5,1,4
7342826,6,4,2
7343018,5,0,5
73431,180,63,117
7343175,8,9,-1
7344300,8,2,6
7345247,1,1,0
7346034,12,2,10
734622,69,8,61
7346264,354,109,245
7346822,14,7,7
7347775,52,7,45
7348329,8,2,6
7350275,21,4,17
7353209,24,10,14
7353467,173,39,134
7354215,87,34,53
7355515,6,2,4
7355674,13,4,9
7355703,44,9,35
7356185,107,43,64
7357731,0,0,0
7357858,11,2,9
735990,148,43,105
7361495,18,1,17
7363306,4,0,4
7363403,8,2,6
736378,331,209,122
7365502,4,3,1
7365915,7,3,4
7365952,40,4,36
7366284,65,5,60
7367500,45,23,22
737083,693,182,511
737160,8,1,7
7372469,63,25,38
7373058,10,11,-1
7374080,27,2,25
7375190,58,30,28
7375305,157,58,99
7377191,44,4,40
7377212,320,151,169
7377747,128,47,81
7378630,161,25,136
7378649,32,7,25
7378805,47,6,41
7380225,78,16,62
7380510,2,1,1
7381032,213,27,186
7382060,459,153,306
7382543,2,1,1
7382994,365,72,293
7384208,23,8,15
7385186,153,76,77
7385585,38,7,31
7385879,23,3,20
7386099,32,12,20
7386593,9,5,4
7386781,52,15,37
7386790,97,43,54
7387094,267,58,209
7387830,432,132,300
7390685,399,116,283
7392001,2,2,0
7392335,13,2,11
7392415,21,3,18
7392455,22,0,22
7392501,51,5,46
7392958,5,1,4
7393181,9,2,7
7393211,5,0,5
7393648,4,2,2
7394036,20,5,15
7395404,5,0,5
7395422,6,3,3
7395461,104,35,69
7396148,3,3,0
7396568,105,22,83
739774,725,199,526
7398050,6,1,5
7398147,92,12,80
739825,651,154,497
7399818,6,5,1
7401562,2,5,-3
740520,3,1,2
740600,443,130,313
7408042,239,88,151
7408071,12,3,9
740867,499,161,338
7409044,1,0,1
7409695,0,2,-2
7409745,81,36,45
7410076,3,1,2
741021,695,312,383
74107,299,119,180
7410964,9,4,5
7411023,11,1,10
7411202,45,17,28
7411365,100,28,72
7413487,5,2,3
7414262,199,66,133
7414375,395,315,80
7415056,30,10,20
7415458,17,15,2
7415950,447,164,283
7416507,24,11,13
7416859,19,16,3
7417877,78,40,38
7418670,154,61,93
7419073,3,0,3
742149,457,72,385
7423160,3,2,1
742379,185,41,144
742422,108,61,47
7425433,30,9,21
7426987,118,35,83
7427753,103,34,69
7427786,16,3,13
7428473,12,1,11
7428523,19,4,15
7428524,2,3,-1
7429581,40,15,25
7429690,51,27,24
7431271,0,0,0
7433361,44,20,24
7433843,135,30,105
7434284,118,39,79
7434517,2,0,2
7434790,101,37,64
7434833,7,3,4
7435914,66,16,50
7436164,2,0,2
7436292,2,1,1
7436428,10,1,9
7436492,0,0,0
7436642,36,15,21
743739,12,2,10
7437765,2,3,-1
7437870,4,0,4
7438923,9,2,7
743918,301,89,212
7445190,4,2,2
7446792,173,69,104
7447349,48,25,23
744746,123,18,105
744770,298,125,173
7447724,66,26,40
7447784,60,11,49
7448101,22,4,18
7448237,40,23,17
7448884,9,5,4
7449214,84,36,48
7449471,239,79,160
7449641,137,20,117
7449867,284,77,207
7450142,62,12,50
7450227,3,2,1
7450362,6,0,6
745091,197,51,146
7451787,62,33,29
745213,125,15,110
745538,124,31,93
7455393,12,3,9
7455525,339,36,303
7456690,44,7,37
745724,204,74,130
7458222,3,3,0
7458555,1,0,1
7458828,78,26,52
7458874,116,25,91
7459876,18,7,11
746043,311,104,207
7460625,9,3,6
7463006,232,60,172
7464820,174,84,90
7465047,16,3,13
7466185,79,40,39
7466737,1,0,1
7467837,0,0,0
7468040,6,0,6
7468342,12,0,12
7468643,0,0,0
7469083,9,2,7
7469286,500,196,304
7470569,44,28,16
7470877,22,11,11
7470914,38,4,34
7471148,3,0,3
747155,21,5,16
7473329,69,39,30
7476345,24,4,20
747825,64,25,39
7479207,18,4,14
7480367,239,59,180
7480775,292,65,227
7481459,160,29,131
7481522,93,13,80
7481584,123,55,68
748342,232,46,186
7484967,6,3,3
7485197,41,9,32
7485774,0,0,0
7485787,63,21,42
7485868,0,0,0
7486554,124,44,80
7487147,14,7,7
7488429,2,0,2
7488460,10,7,3
7488558,15,7,8
7488732,5,2,3
7489106,0,1,-1
7489351,107,76,31
7491348,149,29,120
7492810,70,22,48
7493218,10,1,9
7493493,5,4,1
749372,21,0,21
7494202,48,19,29
7494775,166,26,140
7495122,97,24,73
74954,71,45,26
7495796,91,26,65
749639,51,19,32
7496615,40,7,33
7497445,19,6,13
7498666,4,0,4
7498746,465,81,384
7498938,5,4,1
7499653,18,5,13
7499902,13,6,7
7502513,27,13,14
7502797,393,160,233
750364,225,39,186
7503730,27,9,18
7503977,53,13,40
7505243,44,24,20
7505253,129,50,79
7505366,3,0,3
7506211,241,112,129
7506381,5,7,-2
7506390,9,0,9
7506431,14,7,7
750753,193,71,122
7508093,28,26,2
7508292,163,48,115
7508461,0,0,0
7509222,384,88,296
7510016,47,20,27
7510488,91,17,74
7510626,1,0,1
7510807,24,2,22
7511389,8,4,4
7511622,3,5,-2
75120,321,84,237
7512340,19,4,15
7512603,1,0,1
7512837,35,14,21
7512945,24,3,21
7513222,138,15,123
751412,130,40,90
7515146,88,47,41
7515814,290,67,223
7515871,1,0,1
7516075,11,3,8
751961,534,264,270
7520861,49,7,42
7521710,24,6,18
7521744,133,63,70
7522447,45,5,40
7522451,45,30,15
7523339,44,13,31
7523695,21,3,18
7523829,0,0,0
7524578,10,4,6
7524811,9,2,7
7524857,346,87,259
7526231,8,1,7
7526292,140,53,87
7528037,8,4,4
7528151,27,11,16
7528235,7,1,6
7528273,142,26,116
7528865,43,7,36
7529693,31,14,17
7531424,82,13,69
753226,270,82,188
7534287,39,12,27
7537077,11,5,6
7537631,86,8,78
7537897,363,82,281
7537952,140,16,124
7539373,15,10,5
7540343,374,199,175
7540561,0,1,-1
7540712,7,0,7
7541336,4,1,3
7541508,141,27,114
7542221,0,0,0
7542758,513,79,434
7544788,11,7,4
7544851,224,27,197
7544973,99,9,90
754556,86,32,54
754635,104,36,68
754698,67,21,46
7547166,406,61,345
7547180,2,0,2
7547208,32,3,29
7547729,6,1,5
7547993,445,85,360
754867,127,45,82
7549788,11,1,10
7550207,31,1,30
7550548,121,25,96
7550784,4,0,4
7551133,7,1,6
755127,186,114,72
7551317,1,0,1
7551932,0,1,-1
7552189,1,1,0
7552897,5,0,5
7553312,43,13,30
7553565,5,1,4
7553737,523,90,433
7554028,16,9,7
7554215,0,0,0
7554595,73,30,43
7554621,74,30,44
7554836,3,1,2
7555032,41,13,28
7555353,70,9,61
7555687,17,7,10
7556182,10,2,8
755623,199,24,175
7556292,12,4,8
7556466,13,11,2
7556985,40,27,13
7557328,110,32,78
7557414,12,1,11
7557846,80,28,52
7558001,321,41,280
7559413,45,13,32
7559665,3,0,3
7559990,11,1,10
7560171,0,0,0
7560236,190,28,162
7561275,3,0,3
7561435,36,2,34
7561782,28,8,20
7562358,98,68,30
7563317,39,15,24
7563341,4,5,-1
7563600,128,56,72
756481,909,240,669
7566564,12,2,10
7567288,7,1,6
7567546,123,17,106
7568493,27,9,18
7568811,24,2,22
7569817,48,7,41
7569924,126,98,28
7570720,377,150,227
7571410,2,1,1
7571965,35,14,21
7572133,0,0,0
7572172,445,138,307
7572224,112,50,62
7572421,80,23,57
7572649,59,15,44
757277,8,8,0
7573181,29,22,7
7573219,116,41,75
7573526,2,0,2
7573703,2,1,1
7573706,31,5,26
7574106,12,3,9
7574250,91,18,73
7574598,49,33,16
7575056,0,1,-1
7575620,31,9,22
757645,453,97,356
7578921,16,2,14
7579611,96,42,54
7580184,286,52,234
758052,217,27,190
7580588,9,6,3
7580693,6,0,6
758082,86,22,64
7581543,143,85,58
7581646,2,4,-2
758316,31,18,13
7585801,0,0,0
7586796,20,11,9
7586967,4,2,2
7587880,5,3,2
758796,115,42,73
758800,42,16,26
7588340,10,0,10
7588441,50,31,19
7588642,315,120,195
7589091,116,30,86
758924,351,63,288
7589881,24,2,22
7590337,190,63,127
7590992,93,31,62
7592447,26,11,15
759352,232,67,165
7594566,145,70,75
7594598,14,4,10
7594766,24,4,20
7595900,248,55,193
7597800,12,4,8
759790,227,104,123
7598243,179,59,120
7598394,33,9,24
7598933,5,3,2
7599107,7,1,6
7599110,1,0,1
7599143,25,7,18
7599345,56,13,43
7599481,0,0,0
7599792,202,20,182
7600130,58,18,40
7600303,210,23,187
7600307,178,37,141
7600355,177,22,155
7600699,67,12,55
7600939,119,23,96
7601490,4,0,4
7601948,10,3,7
7602232,0,0,0
7603713,117,24,93
760374,0,0,0
760526,138,60,78
7605326,94,23,71
7605327,98,30,68
7605614,3,2,1
7605733,97,38,59
7605914,336,82,254
7606195,1,0,1
7606304,11,9,2
7606723,122,32,90
7607002,122,50,72
7607080,17,14,3
7608706,7,7,0
7608720,4,1,3
7609215,1,1,0
7609385,52,28,24
7609776,127,25,102
7609906,17,6,11
7610067,66,20,46
7610072,10,1,9
7610428,19,5,14
7611593,163,51,112
7611888,408,58,350
7612987,166,25,141
7613234,61,19,42
7613542,102,34,68
7614084,2,0,2
761429,66,31,35
7615084,16,5,11
7615210,8,1,7
7615230,12,7,5
7615561,1,2,-1
7615951,5,1,4
7615988,9,3,6
7616192,55,11,44
7616224,46,10,36
7616228,190,30,160
7616778,238,58,180
7616793,202,28,174
7617352,27,4,23
7617894,0,0,0
7618639,0,0,0
7618834,32,4,28
7619377,6,1,5
7619618,34,32,2
7619780,42,12,30
7620146,12,7,5
7622761,24,10,14
7627724,479,143,336
7628268,118,26,92
7629199,4,1,3
7629202,5,1,4
7629338,266,35,231
7629349,7,5,2
7629686,77,52,25
7629811,1,0,1
7629959,12,3,9
7630252,4,0,4
7630921,13,4,9
7632361,74,17,57
7633036,43,10,33
7634303,108,21,87
7634784,84,19,65
763498,3,1,2
7635534,2,0,2
7635790,34,10,24
763638,422,115,307
7640103,3,0,3
764047,488,104,384
7640684,192,82,110
7642548,3,0,3
7642556,582,81,501
7643029,180,50,130
764330,33,3,30
7643419,9,0,9
7643664,67,17,50
76440,606,111,495
7644442,79,30,49
7644805,46,33,13
7645560,3,1,2
7645562,51,22,29
764669,19,6,13
764692,49,11,38
7647025,3,0,3
7648249,14,12,2
7648670,38,11,27
7649410,16,5,11
7650686,22,6,16
7653606,58,17,41
7653816,11,2,9
7654030,95,36,59
7654405,6,2,4
7655529,125,23,102
7655943,23,5,18
7656594,25,5,20
7658164,9,3,6
765905,143,53,90
765928,488,292,196
7659948,16,7,9
7659972,33,19,14
7661166,1,3,-2
7661661,10,0,10
7662202,285,116,169
7663702,12,0,12
7665701,1,0,1
7667903,35,12,23
7670007,27,4,23
7670328,1,1,0
7670565,5,0,5
7671832,2,1,1
7672293,6,1,5
767270,157,26,131
767290,29,8,21
7673279,11,3,8
7673457,43,12,31
7675172,10,6,4
7675414,8,2,6
7676388,6,2,4
7676396,534,107,427
7676691,151,32,119
7677087,2,0,2
7677125,10,0,10
7677747,119,14,105
7678110,39,10,29
7680054,40,5,35
7685382,23,5,18
7685653,48,6,42
7685937,9,0,9
7686410,6,1,5
7687172,128,37,91
7688297,72,16,56
769053,354,137,217
7690714,2,0,2
769130,44,32,12
7692535,6,3,3
76932,89,30,59
7693334,2,1,1
769402,38,15,23
7695080,22,3,19
7695112,13,0,13
7695414,40,15,25
769560,6,3,3
7695761,2,6,-4
7696015,38,3,35
7696395,36,7,29
7696489,8,2,6
7696779,42,10,32
7697422,74,15,59
7698200,0,1,-1
7698480,70,16,54
7698540,76,46,30
7703936,165,50,115
7704445,8,0,8
7704630,1,0,1
7704899,44,5,39
7704900,47,21,26
7705130,100,19,81
7706621,103,31,72
7707083,45,9,36
770737,316,53,263
7707836,324,146,178
7707975,254,29,225
7708052,124,33,91
7708376,4,1,3
7709159,5,3,2
7709751,347,143,204
7709953,82,32,50
7710049,394,147,247
7710234,81,19,62
7710824,123,61,62
7711215,114,19,95
7711299,67,14,53
7711381,64,24,40
7711876,67,20,47
771277,7,0,7
7712856,14,4,10
7713389,14,6,8
771345,48,14,34
7714328,42,14,28
7718300,32,5,27
771914,47,14,33
7719244,3,1,2
772048,54,20,34
772162,5,3,2
7721823,12,3,9
7721960,1,0,1
7721978,0,0,0
7722553,175,36,139
7723848,1,1,0
7725265,38,19,19
7725299,45,15,30
7727340,9,1,8
7727884,76,28,48
7728324,5,1,4
7728554,17,8,9
7729398,119,62,57
772992,883,214,669
7730230,25,7,18
7731719,34,2,32
7733740,8,1,7
7735986,76,29,47
7738667,126,28,98
7738800,20,11,9
7738985,7,1,6
7740789,35,12,23
7740935,62,14,48
7740944,11,2,9
7741711,137,34,103
7741927,40,16,24
7742143,10,1,9
774216,215,69,146
7742605,23,11,12
7742640,12,7,5
7743025,398,68,330
7746025,0,0,0
7747258,14,0,14
7748734,8,4,4
7748813,106,48,58
7751685,3,1,2
7752198,14,1,13
7752743,205,31,174
7753090,143,48,95
7753097,71,40,31
7753694,56,9,47
7754151,60,8,52
7754458,6,0,6
7754615,1,0,1
7754616,43,33,10
7754866,1,0,1
775489,30,13,17
7755582,70,21,49
7755991,13,5,8
7756140,9,2,7
7756579,25,2,23
7756680,0,0,0
7757140,7,7,0
7757316,12,3,9
7758109,49,20,29
7758650,51,16,35
7759184,155,61,94
7759234,120,53,67
7759306,84,19,65
7759531,204,35,169
7759635,0,0,0
7759695,4,1,3
7760023,68,39,29
7760214,117,17,100
776034,452,235,217
7760442,159,46,113
7761189,3,1,2
776204,10,7,3
7762680,4,0,4
7766134,16,4,12
7766206,29,16,13
7766889,333,56,277
7766906,61,11,50
7767325,13,4,9
7767810,36,12,24
7767841,15,10,5
7768519,0,0,0
7768745,109,21,88
7769244,10,3,7
7769599,24,2,22
7769676,41,5,36
7770035,6,2,4
7770958,4,0,4
7771180,62,8,54
7772082,45,14,31
7772878,483,74,409
7772930,170,87,83
777489,104,43,61
7774911,13,1,12
7775025,3,0,3
7780749,67,13,54
778313,14,3,11
7783328,50,6,44
7785514,30,6,24
7785605,0,0,0
7785620,39,33,6
7786218,2,1,1
7787338,118,25,93
7788196,2,1,1
7788521,2,6,-4
7789344,11,13,-2
7789861,95,29,66
779186,131,23,108
779310,76,57,19
7793445,57,18,39
7794160,10,0,10
7794410,197,30,167
7794448,132,39,93
7794822,131,17,114
7795442,40,13,27
7796409,27,20,7
7796689,5,3,2
7796755,272,90,182
7799465,950,134,816
7800022,223,61,162
7800110,81,30,51
7800193,402,112,290
7800360,3,1,2
7800497,162,34,128
7801114,2,0,2
7803429,5,4,1
7803461,0,0,0
7803482,12,11,1
7803578,49,10,39
7803787,254,137,117
7803919,2,1,1
7803991,5,0,5
7804137,72,25,47
7805143,10,7,3
7806400,40,11,29
7807869,5,1,4
7810973,0,0,0
7811210,6,1,5
7811836,391,156,235
7812039,4,1,3
7812945,0,0,0
7813013,186,49,137
7813124,101,10,91
7813479,67,23,44
7813882,1,1,0
7814037,9,1,8
7814040,414,133,281
781588,39,16,23
7815981,36,13,23
7816217,3,2,1
7816947,19,2,17
7817541,119,68,51
7817584,0,0,0
7817607,6,5,1
7818101,74,9,65
7818368,18,10,8
7819293,137,59,78
7820406,26,8,18
782219,18,2,16
7822236,32,5,27
7822319,76,12,64
7822531,2,1,1
7822889,7,2,5
782322,15,1,14
782346,173,24,149
7823882,3,1,2
782569,250,86,164
7827895,8,0,8
7829165,5,3,2
7829331,1,2,-1
7830076,5,2,3
7830164,0,0,0
7830321,23,24,-1
7830352,40,3,37
783049,33,23,10
7830650,90,17,73
7831696,15,13,2
7831919,14,2,12
7832121,257,120,137
7833085,5,5,0
7833305,0,1,-1
7833588,20,8,12
7834452,35,4,31
7834860,0,0,0
7835716,3,3,0
7836774,154,38,116
7838800,20,2,18
7840572,49,9,40
7843089,19,18,1
7843912,91,40,51
7845606,5,0,5
7845632,0,0,0
7846523,6,2,4
7846619,82,25,57
7846758,8,4,4
7846860,6,1,5
7847003,85,37,48
7847341,167,35,132
7847545,125,45,80
7847939,28,8,20
7848057,8,2,6
7848545,2,2,0
7848822,18,1,17
7848837,0,0,0
7849776,50,14,36
7850735,11,2,9
7852614,13,2,11
7852769,417,60,357
7854157,6,1,5
7854325,8,2,6
7855266,139,48,91
7855313,155,39,116
7855410,16,3,13
7856210,107,20,87
7856829,90,27,63
7857483,53,16,37
7858503,61,22,39
7858514,245,28,217
78606,1,0,1
7860928,314,127,187
7860958,317,127,190
7862283,2,2,0
7862460,36,17,19
7862745,31,6,25
7863435,15,7,8
786450,211,46,165
7864501,18,5,13
7864977,21,14,7
7866444,90,29,61
7867001,15,5,10
7868661,28,13,15
7871542,382,160,222
787209,23,10,13
7876168,2,0,2
7876250,376,89,287
7876351,3,2,1
7876870,89,22,67
7876960,9,0,9
7877306,0,0,0
7877808,14,4,10
7879277,29,21,8
7879701,12,3,9
7879751,49,22,27
7879878,47,6,41
7880049,30,1,29
7880444,11,3,8
7880496,3,0,3
7881621,121,27,94
7882923,83,20,63
7884898,5,2,3
7885229,2,4,-2
7885292,418,74,344
7885540,6,3,3
7885820,176,86,90
7885856,386,107,279
788743,122,23,99
7889105,68,21,47
78892,159,14,145
7891105,2,0,2
7891125,4,0,4
7891457,18,5,13
7891894,28,12,16
7892579,19,4,15
7892825,180,73,107
7894087,6,0,6
7894304,47,12,35
7894736,6,0,6
7895435,6,1,5
7896429,176,64,112
7897281,4,2,2
7897474,35,7,28
7897620,33,13,20
7897897,150,58,92
7898874,3,3,0
7899047,34,10,24
7899073,127,28,99
7899279,5,2,3
7899313,8,2,6
7899333,87,39,48
7900168,8,1,7
7904662,46,9,37
7904856,127,33,94
7905935,67,21,46
790603,14,2,12
7907487,15,2,13
7907663,0,0,0
7907858,97,22,75
7908585,21,5,16
7908754,192,28,164
7911611,11,3,8
79129,417,76,341
7912957,92,19,73
7913399,246,43,203
7913568,70,13,57
7913660,4,1,3
7914433,21,8,13
7915644,4,3,1
7917808,98,45,53
7917989,208,24,184
7918260,34,6,28
7919047,87,26,61
791923,0,0,0
792062,65,16,49
792092,213,46,167
7923340,52,7,45
7925392,2,0,2
792588,1175,310,865
7926525,8,4,4
7926557,132,16,116
7926761,0,0,0
7927298,3,0,3
7927341,87,32,55
7927428,12,4,8
7927453,17,4,13
7927916,46,14,32
7927993,71,20,51
7928024,0,0,0
7928315,10,1,9
7928327,3,3,0
7928538,44,6,38
7928631,3,0,3
7929089,118,53,65
792956,77,24,53
7930056,10,6,4
7930974,40,13,27
7931243,5,3,2
7934551,19,6,13
7934568,139,39,100
7934786,48,5,43
7936274,6,0,6
7936591,17,7,10
7937134,8,1,7
7938395,3,0,3
7940003,127,23,104
7940040,5,0,5
7942009,57,16,41
7942268,44,4,40
7942415,7,0,7
794256,59,27,32
7942752,17,1,16
7943188,132,15,117
7943409,10,2,8
7943504,45,8,37
7943540,5,0,5
7943637,0,0,0
7943868,57,37,20
7944195,79,50,29
7944519,51,21,30
7944641,34,6,28
7945005,70,18,52
7945131,331,167,164
7945368,8,2,6
7945995,7,0,7
7946172,15,2,13
7946278,182,32,150
7946354,52,6,46
7947734,34,9,25
7947826,262,91,171
7948150,187,25,162
7948771,2,0,2
794879,95,29,66
79488,71,31,40
794928,308,48,260
7949730,126,20,106
7949776,64,12,52
7949930,133,21,112
7950003,17,4,13
7950584,12,16,-4
7950618,151,50,101
7951313,234,68,166
7951396,5,0,5
7951962,12,9,3
7952542,684,202,482
7953572,259,81,178
7953779,22,6,16
7954433,2,0,2
7954577,63,21,42
7954643,327,81,246
7956871,13,3,10
79571,39,18,21
7959665,3,2,1
7960921,128,38,90
7961266,17,1,16
7963433,252,46,206
7964149,16,3,13
7965898,11,5,6
7966483,50,33,17
7966763,44,16,28
7968159,0,0,0
7968537,6,5,1
796969,62,9,53
797036,229,85,144
797160,7,2,5
7971638,305,83,222
7974622,53,27,26
7976545,316,141,175
7977002,10,2,8
7977239,21,15,6
7977251,80,29,51
7977745,735,121,614
7978039,16,4,12
797857,71,19,52
7978852,93,11,82
7979287,21,11,10
797991,33,9,24
7980302,103,38,65
7980946,2,1,1
7982335,83,19,64
7985742,574,214,360
7987446,287,86,201
7990181,315,105,210
799122,78,28,50
7992074,0,1,-1
7992269,65,9,56
7993267,17,7,10
7993295,19,0,19
7994549,16,4,12
7996080,13,7,6
7996638,3,0,3
7997199,7,1,6
7997354,52,10,42
799995,10,1,9
8000143,94,17,77
8000600,120,14,106
8000622,44,19,25
800084,137,75,62
800106,244,95,149
800350,839,133,706
8003624,89,14,75
8004718,109,19,90
8006631,28,9,19
800695,60,12,48
8007845,5,0,5
8007962,18,3,15
8010402,8,1,7
8011127,83,29,54
80123,452,95,357
8013069,14,7,7
8013381,9,3,6
801348,395,92,303
8013608,0,0,0
8013872,134,65,69
8015121,32,17,15
8018331,4,4,0
8018895,377,98,279
8018994,58,15,43
8020381,361,129,232
8020586,139,51,88
8022886,8,0,8
8022934,70,18,52
8023266,2,2,0
802401,693,224,469
8025098,518,76,442
8025580,182,55,127
8027165,45,6,39
8028171,27,13,14
8028208,43,10,33
8028507,14,5,9
8030134,16,6,10
8030304,36,8,28
8031184,49,12,37
8032080,4,1,3
8032212,1740,297,1443
8032512,7,1,6
8033446,293,101,192
803515,71,25,46
8039330,216,73,143
804018,1221,296,925
8040728,13,1,12
8041285,73,12,61
8041757,33,8,25
8041949,69,18,51
8042265,181,63,118
8042401,40,12,28
8042865,308,114,194
8043701,0,0,0
80441,243,66,177
8044128,8,8,0
8045238,2,0,2
8045825,0,0,0
8046627,15,2,13
8047114,325,84,241
8048585,223,21,202
805005,134,45,89
8050628,2,0,2
805174,146,44,102
8052665,23,4,19
8059349,26,4,22
8059907,223,30,193
8060057,170,72,98
8060370,227,28,199
8061186,141,95,46
8061405,150,67,83
8062459,36,14,22
8062807,24,5,19
8063538,34,12,22
8063613,6,1,5
8065741,22,11,11
8067234,94,42,52
8067452,22,1,21
8068890,80,23,57
8069013,64,27,37
8069621,2,0,2
8069723,10,5,5
8070303,141,52,89
8074016,7,4,3
8074714,117,42,75
8075443,10,5,5
8076566,1,0,1
8076892,53,12,41
807703,0,0,0
8077663,45,7,38
8077930,6,2,4
8078115,60,9,51
8078980,0,0,0
8080007,13,5,8
8081111,213,40,173
8082026,27,6,21
8082406,23,1,22
8084594,2,0,2
8084824,14,12,2
8085030,14,7,7
8087110,28,4,24
8087824,848,192,656
8088398,23,8,15
8095346,1,0,1
8096699,52,23,29
809752,147,37,110
8097715,19,4,15
8098625,23,4,19
8100065,82,13,69
810126,149,37,112
8102243,0,0,0
8102275,5,1,4
810314,82,24,58
8103571,0,1,-1
8104493,3,1,2
81052,52,16,36
81080,10,6,4
8108826,94,35,59
8109470,18,4,14
8109527,6,2,4
8109849,65,17,48
8110451,246,38,208
8110774,9,1,8
8111003,26,4,22
8111460,6,1,5
8113270,1,2,-1
8113859,7,0,7
8114189,53,5,48
8114948,223,39,184
8115128,48,40,8
8116891,1064,204,860
8117657,122,17,105
8120375,0,0,0
8120383,24,11,13
8120549,18,8,10
81211,33,21,12
8122780,11,2,9
8123481,63,15,48
8123518,19,19,0
8124334,34,2,32
8124944,183,29,154
8125488,55,7,48
8125714,29,9,20
8125919,15,7,8
8125962,65,5,60
8125980,17,3,14
8126712,164,25,139
8127061,14,2,12
8127220,593,98,495
8127311,0,0,0
812909,43,10,33
8130113,164,41,123
8130170,40,19,21
8130687,267,27,240
8134085,505,308,197
8135549,11,0,11
8137515,27,17,10
813782,82,12,70
8137867,159,40,119
8138323,6,3,3
8138348,231,28,203
8138368,16,8,8
8138788,13,4,9
8139700,58,9,49
8140039,37,2,35
814021,42,8,34
8140993,378,75,303
81410,619,162,457
814230,27,1,26
8142689,152,26,126
8142696,9,5,4
8143500,3,2,1
8143510,46,5,41
8143954,573,117,456
8144640,433,53,380
81449,626,316,310
8145494,15,5,10
8146363,0,0,0
814659,66,24,42
8146754,128,70,58
81470,263,109,154
81473,175,21,154
8148284,131,56,75
8150122,72,9,63
8156959,45,25,20
8157485,26,7,19
8158210,178,64,114
8158217,55,15,40
8158924,94,31,63
8159308,28,13,15
8160453,44,19,25
8160796,0,2,-2
816130,154,98,56
81635,201,52,149
8163560,104,34,70
8164389,42,9,33
8164431,87,51,36
8164696,165,74,91
8164908,4,2,2
8166629,0,0,0
8167561,46,12,34
8167587,395,94,301
816763,30,10,20
8168669,17,4,13
8168705,48,6,42
8168806,68,37,31
8168848,41,7,34
8169227,26,3,23
8169293,56,13,43
8169589,3,2,1
8169704,15,3,12
8170190,295,32,263
8170629,39,12,27
8170660,47,10,37
8171302,406,151,255
8171639,4,4,0
817542,655,257,398
8175959,9,0,9
8176112,21,14,7
8177020,15,2,13
8177295,12,3,9
8177328,26,2,24
817963,21,9,12
8179695,152,37,115
8182073,149,34,115
8182284,15,9,6
818309,2,1,1
8183572,9,0,9
8184154,330,68,262
8185411,9,0,9
8185872,38,10,28
8186002,121,14,107
8186974,164,33,131
8187921,77,65,12
8188306,119,26,93
8188748,37,8,29
8189622,5,1,4
8190124,21,1,20
8190616,2,1,1
8190649,134,61,73
8191176,193,92,101
8193432,587,184,403
8196298,0,0,0
819747,508,119,389
8197821,10,9,1
8198686,64,15,49
8199098,56,25,31
819932,29,15,14
819977,377,79,298
820040,7,0,7
8200595,7,1,6
8200904,41,3,38
8203315,478,97,381
8203542,275,87,188
8203589,308,66,242
8203985,188,51,137
8204435,130,60,70
8204750,41,9,32
8206083,173,27,146
8206251,5,0,5
8207512,1,0,1
8207950,7,3,4
8208792,46,15,31
8208964,30,6,24
8209325,274,32,242
8210090,110,29,81
8211273,50,11,39
8211546,260,71,189
821334,267,88,179
8213854,18,9,9
8215658,4,2,2
8215684,475,57,418
8216385,4,1,3
8216797,12,10,2
8217594,178,60,118
8221130,33,8,25
8223390,4,0,4
8224132,6,0,6
8224628,5,4,1
8224893,282,52,230
8225647,65,18,47
8225731,0,0,0
82272,525,135,390
8228778,48,30,18
8229074,71,33,38
8229521,0,0,0
8230581,81,30,51
8230678,4,2,2
8230777,10,4,6
8231230,6,0,6
8233620,6,3,3
8233987,1,2,-1
8234100,30,15,15
8235210,154,26,128
8235421,3,3,0
8236004,3,1,2
8237227,0,0,0
8238642,192,39,153
8238749,0,0,0
823908,62,13,49
8239179,14,5,9
823975,87,20,67
8243292,289,25,264
8243479,133,85,48
8243905,60,7,53
8244499,12,1,11
8247094,5,3,2
8249318,10,3,7
8249869,64,20,44
8250019,2,0,2
8250311,158,68,90
8250779,60,7,53
8251735,1,1,0
8253329,0,0,0
8253590,9,2,7
8253653,158,28,130
8253735,204,66,138
8254385,9,3,6
825821,26,7,19
8259645,4,1,3
8259664,508,133,375
8260284,1,0,1
826138,47,30,17
8261514,4,0,4
8262217,1,0,1
826248,527,138,389
8262630,30,20,10
8263147,25,5,20
8263392,23,7,16
8263633,20,4,16
8266474,6,1,5
8268536,75,12,63
8269182,123,27,96
8269438,185,61,124
8270071,92,53,39
8270933,18,6,12
8273530,1,0,1
827436,82,35,47
827620,39,12,27
827884,1,2,-1
8279188,7,2,5
8279224,148,23,125
8279354,89,15,74
8279902,6,0,6
8280692,38,8,30
8282811,190,62,128
8283114,7,4,3
8283156,87,47,40
8283509,152,78,74
8283770,18,4,14
8284263,84,19,65
8286162,185,28,157
8286394,5,1,4
8288024,32,16,16
8288040,99,23,76
8289132,3,3,0
8289932,20,8,12
8290021,27,15,12
8290470,304,52,252
8290937,98,28,70
8291739,132,17,115
829503,43,15,28
8295957,3,0,3
8296519,355,105,250
829656,108,15,93
829688,212,78,134
8297430,62,20,42
8298123,143,43,100
8298845,10,3,7
830041,17,5,12
8300566,107,14,93
8301164,41,6,35
8301807,63,10,53
83027,5,1,4
8303082,344,114,230
8303869,40,15,25
8304329,12,1,11
8304682,28,5,23
8306637,122,68,54
8307475,92,35,57
8307722,4,1,3
8307970,116,31,85
8309070,102,22,80
8309232,523,155,368
8313049,204,114,90
8313724,8,0,8
8317243,4,4,0
8318697,119,27,92
8319139,35,7,28
8319203,2,0,2
8319680,96,20,76
8319711,76,14,62
8320098,28,5,23
8320246,4,1,3
8320407,410,63,347
8321527,23,4,19
8321770,127,44,83
8322194,29,7,22
8322445,286,74,212
8322683,256,66,190
8323438,65,27,38
8323853,20,1,19
8323934,0,0,0
8325784,40,12,28
8326390,0,0,0
8326597,0,1,-1
83308,107,26,81
8331449,7,0,7
8331505,2,1,1
833193,0,0,0
8332218,666,153,513
8332625,51,21,30
833286,7,2,5
8333186,7,7,0
8334449,7,2,5
8334491,7,0,7
8334614,2,0,2
8334696,55,20,35
8334707,573,81,492
8334827,22,9,13
8335325,28,12,16
8335339,100,40,60
8335468,72,28,44
8336104,19,8,11
8336541,29,6,23
8337869,71,28,43
8338403,2,0,2
8338501,239,96,143
8338921,393,75,318
833896,471,210,261
8339481,5,1,4
8341847,7,4,3
8342107,11,2,9
834586,56,7,49
8346046,195,17,178
834616,483,92,391
8347440,23,11,12
8347867,122,36,86
8349483,8,2,6
8350365,6,0,6
8350442,19,1,18
8350586,42,9,33
8352150,998,93,905
8352541,48,7,41
8353953,0,0,0
8354220,18,1,17
8357460,19,2,17
8358186,99,11,88
8358620,417,113,304
8359093,305,48,257
8359599,22,5,17
8360816,37,18,19
8360907,5,0,5
8361496,353,71,282
8361899,134,44,90
8362733,5,2,3
8362940,4,5,-1
8363329,96,18,78
8363592,77,65,12
8363962,19,6,13
836442,122,49,73
8365465,516,84,432
8366017,4,1,3
8366310,6,2,4
8366457,64,23,41
8367193,12,1,11
8367891,180,60,120
8367952,62,20,42
8367972,12,6,6
8368518,81,26,55
8368727,17,5,12
8368873,65,15,50
8368968,38,9,29
8369188,18,11,7
8369855,63,13,50
8370008,0,0,0
8370038,12,5,7
8370648,91,17,74
8375635,0,0,0
8375862,231,72,159
8376020,509,158,351
8376549,137,48,89
837668,5,1,4
8376798,22,14,8
8377036,130,59,71
8377071,70,32,38
8377365,37,2,35
8377471,8,1,7
8378062,55,39,16
8378327,58,27,31
8379365,52,8,44
8379605,4,4,0
8379639,90,38,52
8379718,0,0,0
8379729,13,6,7
8381485,10,4,6
8381606,18,14,4
8381954,231,67,164
8382009,1,0,1
8382249,16,3,13
8382489,147,46,101
8382852,293,85,208
8383445,323,62,261
8385207,280,36,244
8385375,364,64,300
8386478,53,8,45
8387101,94,28,66
8387137,22,7,15
8387256,87,22,65
8387396,55,9,46
8387570,84,27,57
8387950,71,21,50
8388230,1,1,0
8388254,173,30,143
8388331,21,2,19
8388475,2,0,2
8389258,27,14,13
8390690,62,17,45
8390713,106,35,71
8393124,41,6,35
8394666,260,106,154
8396822,19,4,15
8397116,229,67,162
8398257,335,79,256
8399058,98,37,61
8399510,6,3,3
8400687,139,63,76
840130,12,1,11
8402961,3,4,-1
8403324,0,0,0
8403610,31,9,22
840383,43,21,22
8406264,112,43,69
8407061,48,11,37
8407459,1,2,-1
8407641,41,5,36
8407855,4,1,3
8413490,50,2,48
8413902,95,11,84
8414824,5,1,4
8414833,1,0,1
8415801,4,0,4
8415990,335,80,255
8416795,26,17,9
8416946,99,56,43
841704,61,19,42
8418170,18,5,13
8418188,32,3,29
8419178,1,0,1
8419301,12,3,9
8419388,27,8,19
8420459,42,3,39
8421060,21,13,8
84223,1080,229,851
8422410,266,112,154
8423751,145,32,113
8425243,4,1,3
842962,6,2,4
8433858,62,6,56
8434043,7,2,5
8434529,27,5,22
843488,14,0,14
843498,22,3,19
8435783,2,0,2
8436545,89,28,61
8436687,293,53,240
8436743,208,51,157
8438019,233,66,167
8440206,48,15,33
8441431,359,126,233
8441801,105,24,81
8441858,5,3,2
8442251,36,13,23
8442327,455,104,351
8443106,78,34,44
8443809,54,26,28
8444047,67,15,52
8449051,12,3,9
8449280,2,0,2
8449895,40,32,8
8450829,62,28,34
8451136,60,30,30
8451187,4,0,4
8451374,43,20,23
845167,7,3,4
8452282,1,5,-4
8452672,347,54,293
8452755,201,64,137
8452840,158,88,70
84532,195,39,156
8453710,26,8,18
8454419,420,73,347
8454646,45,6,39
8455480,361,134,227
8455664,44,16,28
8456841,92,34,58
8458277,20,5,15
8458558,77,39,38
8463735,4,0,4
84640,18,6,12
8465344,2,0,2
8466481,60,9,51
8466742,5,3,2
8466983,58,18,40
8467148,54,11,43
8468941,12,7,5
8469358,158,77,81
847464,195,83,112
8476494,22,15,7
8477149,22,15,7
8477795,329,86,243
847798,77,54,23
8480006,101,20,81
8481555,164,50,114
8481604,26,3,23
8482012,16,2,14
8482299,204,78,126
8482321,13,5,8
8482551,6,0,6
8482845,50,31,19
8483407,382,88,294
8483458,26,12,14
8483482,8,12,-4
8483712,7,1,6
8484139,2,1,1
8485274,86,30,56
8486351,168,53,115
8487948,465,141,324
8490721,96,13,83
8493759,2,3,-1
8494414,130,24,106
8494791,123,53,70
8495229,0,0,0
8495545,4,0,4
8496393,49,23,26
8496998,272,138,134
8497087,108,41,67
8499384,19,9,10
849998,55,6,49
8502092,5,7,-2
8502617,3,2,1
8502743,3,0,3
8503245,15,3,12
8503521,4,1,3
8503668,44,15,29
8504284,170,47,123
8504709,4,2,2
8504767,3,0,3
8504909,6,1,5
8504934,82,19,63
850648,25,14,11
8508407,166,42,124
8510157,285,47,238
8510363,77,15,62
8511038,105,29,76
85111,89,12,77
8511428,41,16,25
8511622,142,26,116
8511962,132,34,98
8512513,442,94,348
8512552,18,1,17
8513988,25,5,20
8514672,4,1,3
8514962,16,2,14
8515123,7,4,3
8515970,1,1,0
8516445,10,4,6
8517539,83,22,61
8517612,236,82,154
8518658,307,106,201
85191,1159,210,949
8520345,4,0,4
8521306,2,2,0
8522136,32,5,27
8522451,143,47,96
8522912,27,0,27
852297,370,116,254
8524636,250,82,168
8524839,291,65,226
8526053,54,12,42
8527086,3,0,3
8528101,990,154,836
8528523,0,0,0
8528569,11,3,8
8528599,205,43,162
8528918,18,3,15
8531956,2,0,2
8532422,24,10,14
8532645,149,28,121
8534295,158,24,134
8535813,21,6,15
8536452,2,2,0
8537267,7,3,4
8537359,56,23,33
8538023,77,8,69
8538166,173,30,143
8538663,23,10,13
854047,259,77,182
85406,125,23,102
854200,380,110,270
8543552,41,18,23
8543778,27,13,14
8546405,56,23,33
8547820,111,76,35
8549167,180,35,145
8549298,36,16,20
8549979,94,28,66
8552113,36,15,21
8552483,176,17,159
8553834,45,19,26
8554515,16,10,6
8556733,21,3,18
8560103,44,9,35
8560441,12,2,10
856175,1,1,0
856184,0,0,0
8562745,154,17,137
8562843,12,2,10
8564444,38,13,25
8564586,34,11,23
8564696,50,10,40
8564901,178,29,149
8566809,95,21,74
8567390,137,16,121
8568310,98,24,74
8568642,6,2,4
8568795,19,4,15
8569556,127,31,96
8573317,45,12,33
8573829,194,61,133
8574525,29,10,19
8574938,11,3,8
8575655,103,18,85
8577613,0,0,0
8577876,31,2,29
8577909,119,21,98
8578746,17,9,8
857938,22,4,18
8580622,25,16,9
8581487,3,3,0
8584460,9,0,9
8584960,7,0,7
8585641,4,0,4
8586384,128,31,97
8586508,14,9,5
8586510,204,78,126
8588241,272,65,207
8588319,29,5,24
8588442,36,7,29
8588473,221,43,178
8588597,11,8,3
8589294,99,48,51
8589348,19,4,15
8590633,16,26,-10
8590920,3,1,2
8591053,0,0,0
8591387,238,47,191
8592350,2,0,2
8592960,20,7,13
8593411,43,16,27
8595286,3,1,2
8595302,147,49,98
8596154,124,15,109
8599937,0,0,0
8600656,211,53,158
8600884,72,63,9
8602007,166,72,94
8602130,39,5,34
8602619,73,25,48
8604393,5,2,3
8604612,49,4,45
8606783,36,2,34
8606926,58,22,36
8607198,71,20,51
86084,95,33,62
86092,254,84,170
8609929,22,11,11
8610183,24,3,21
8610434,15,0,15
8611093,135,56,79
8613008,33,13,20
8613383,111,29,82
861462,12,2,10
861779,43,25,18
8618902,3,4,-1
8619030,12,6,6
8619076,42,16,26
8619209,13,3,10
8619605,0,0,0
8619800,3,0,3
8619886,3,1,2
8619991,2,0,2
8621184,10,2,8
8621944,10,4,6
8622409,98,22,76
8625378,883,160,723
8628464,191,68,123
8629818,173,29,144
8630278,5,3,2
8630713,53,6,47
8630729,4,0,4
8632479,3,1,2
8635998,25,8,17
863652,255,85,170
8637968,5,1,4
8639135,469,86,383
8639611,38,11,27
8639916,130,44,86
8639959,16,4,12
8640446,23,7,16
8640496,1,0,1
8641307,7,2,5
8642735,8,13,-5
8643125,9,5,4
8643513,9,6,3
8644332,7,3,4
8644678,10,0,10
8645733,383,86,297
8645851,10,4,6
8646056,41,7,34
8650488,253,64,189
8651444,69,20,49
8651751,82,32,50
8651994,63,19,44
8652523,34,18,16
8655739,58,13,45
8657706,58,5,53
865843,51,7,44
8659069,4,0,4
8660037,2,1,1
8660766,130,38,92
8660911,6,1,5
8661292,9,0,9
8661322,25,11,14
8661636,0,0,0
8662033,6,1,5
8662217,163,65,98
8663363,446,68,378
8663617,3,3,0
8663628,243,59,184
8663788,26,6,20
8666116,12,4,8
8667773,6,0,6
8668760,36,17,19
8668877,1,1,0
8669774,398,78,320
867157,89,17,72
8675111,1,2,-1
8676600,2,0,2
8676923,215,74,141
8677731,52,23,29
8677860,82,17,65
8678247,257,76,181
8678505,1,0,1
8679456,7,1,6
8680421,230,52,178
8680525,2,1,1
8681155,59,21,38
8682158,93,39,54
8682831,212,78,134
868373,64,22,42
8685568,89,28,61
868704,74,33,41
8687600,1,0,1
868862,523,114,409
8688865,102,28,74
8691783,12,3,9
8694259,20,6,14
8694625,274,155,119
8694748,79,27,52
8695733,797,132,665
8696005,24,11,13
8696625,11,0,11
8697034,19,2,17
8697106,43,5,38
8699245,93,16,77
8700156,12,0,12
8702391,41,19,22
870644,590,135,455
8706518,9,4,5
8707067,2,0,2
8707997,0,0,0
8708403,477,137,340
8709002,215,35,180
8710893,178,22,156
8711503,109,22,87
8711801,111,42,69
8712180,271,69,202
8712702,3,2,1
8713029,5,2,3
8713302,148,21,127
8714234,25,12,13
8714633,156,33,123
8715043,65,20,45
8715493,39,15,24
8715958,102,7,95
8716213,7,2,5
8717878,46,1,45
8719364,6,2,4
8719676,12,0,12
8720981,210,31,179
872512,72,12,60
872544,575,163,412
8725906,10,1,9
8726415,30,2,28
872671,319,192,127
8727124,27,9,18
8727660,91,15,76
8727728,86,9,77
8728268,350,95,255
8728421,24,11,13
8728789,284,55,229
8728798,17,6,11
8729234,87,29,58
8729384,56,16,40
8730026,5,2,3
8730865,137,40,97
873154,84,27,57
8731777,69,23,46
873260,34,9,25
8732941,0,0,0
8735178,81,9,72
8736077,3,1,2
8739247,333,44,289
874463,219,46,173
8744878,11,0,11
8745533,6,0,6
8746509,0,0,0
8748917,71,10,61
8750137,15,8,7
8751091,37,14,23
87514,633,283,350
8752294,110,56,54
8752591,7,4,3
8753338,0,1,-1
8754321,5,1,4
8754823,3,0,3
8754988,148,38,110
8757106,91,14,77
8757434,21,2,19
875754,66,25,41
8757838,258,39,219
8758959,317,70,247
8759577,65,6,59
8759596,268,34,234
8760522,14,2,12
8765852,67,11,56
8767364,10,2,8
8767882,7,1,6
8768346,2,6,-4
8768842,43,19,24
8768843,9,10,-1
8769413,183,36,147
8769789,3,1,2
8770135,0,0,0
8771443,0,0,0
8772062,110,46,64
8772832,947,206,741
8773652,21,1,20
8774612,17,4,13
8776941,17,10,7
8777839,259,95,164
877864,1674,311,1363
8779177,224,67,157
877995,26,1,25
8779996,26,7,19
8780142,33,6,27
8780147,405,129,276
8780629,321,137,184
8780848,19,16,3
8781531,317,136,181
878253,193,65,128
878427,605,160,445
8785788,13,2,11
8785850,1,1,0
878596,645,250,395
8786944,3,0,3
878749,142,62,80
8789055,2,2,0
8789500,18,6,12
8790567,174,33,141
8791935,275,195,80
8792267,125,67,58
8792616,86,24,62
8794501,1,0,1
8796376,102,21,81
8798098,5,0,5
8798490,17,10,7
8798907,53,15,38
8798986,85,26,59
880100,177,45,132
8801103,345,139,206
88032,113,18,95
8804884,42,11,31
8805218,59,23,36
8805567,357,66,291
8806061,59,3,56
8808385,80,4,76
8810123,233,76,157
8811471,93,87,6
8811631,9,0,9
8813082,9,0,9
8813364,408,133,275
8814676,15,4,11
8814680,517,190,327
8816234,144,52,92
8819107,4,3,1
8820698,4,1,3
8820799,0,0,0
8821477,86,11,75
8821667,7,3,4
8821731,4,0,4
8821859,95,18,77
8821866,18,3,15
882330,7,1,6
882380,15,1,14
8824955,7,4,3
8825721,96,52,44
8825924,220,62,158
8826396,42,12,30
8826777,66,32,34
8826803,0,0,0
8827603,86,17,69
883027,419,75,344
883368,18,4,14
8834286,80,33,47
8834649,234,45,189
8834770,100,24,76
8835417,8,4,4
8836713,65,15,50
8837636,134,55,79
8838008,24,4,20
8838687,34,9,25
8839444,65,13,52
8839835,264,38,226
8840980,202,54,148
8841177,95,15,80
8841364,42,8,34
8841482,1,4,-3
884208,350,86,264
884209,30,8,22
8842278,0,0,0
8842367,4,1,3
8842880,5,1,4
8843942,160,48,112
884437,160,41,119
8844647,84,20,64
8845149,137,40,97
8845296,38,3,35
8845440,144,71,73
8846113,0,0,0
8846135,344,82,262
8846174,218,42,176
8851423,7,8,-1
8853408,4,0,4
8853486,4,5,-1
8853508,7,0,7
8854428,6,4,2
8854954,215,36,179
8855223,12,4,8
8855853,18,6,12
8856139,50,8,42
8856335,65,18,47
8856894,31,28,3
8857676,71,16,55
8858072,9,3,6
8858339,56,17,39
8858705,59,24,35
8858918,33,8,25
8860114,5,0,5
8860463,0,0,0
8860888,6,3,3
886117,1063,120,943
8861371,99,28,71
886142,106,38,68
8862012,3,5,-2
8862951,5,1,4
8863709,4,0,4
8864927,8,4,4
8865740,184,49,135
8865953,95,23,72
8866424,383,89,294
887283,17,7,10
8874111,92,36,56
8877511,24,13,11
8879231,10,1,9
8879562,58,28,30
8880178,61,10,51
8880490,15,6,9
8880491,212,134,78
8880961,61,26,35
8881167,67,12,55
8881681,27,11,16
8882044,166,50,116
8882223,29,15,14
8883061,31,8,23
8883160,7,2,5
8883225,0,0,0
8884101,24,12,12
8884766,5,0,5
8886505,217,53,164
8886525,34,7,27
8887059,87,31,56
8891554,6,0,6
8893501,55,31,24
8894509,134,34,100
8894551,0,0,0
8894751,0,0,0
8895068,3,1,2
889540,292,250,42
8895875,79,29,50
8896379,606,110,496
8897385,100,30,70
8897896,42,21,21
8898110,18,2,16
8899720,88,23,65
8900019,239,43,196
8902048,8,8,0
8903293,2,5,-3
890398,508,126,382
8904055,93,21,72
8905627,158,24,134
8910378,80,22,58
8910782,268,39,229
8911369,27,9,18
8911594,258,177,81
8912801,0,0,0
8913106,22,7,15
8913603,2,5,-3
8913682,7,5,2
8914264,161,68,93
891451,14,10,4
891493,1,5,-4
8916882,6,5,1
8917728,27,4,23
8918129,5,0,5
891874,417,76,341
8919771,16,5,11
891980,116,20,96
8921310,3,1,2
8921520,0,0,0
8922182,426,83,343
8922252,68,35,33
8922424,28,11,17
8929571,48,7,41
8930456,11,3,8
8930586,185,44,141
8930859,148,53,95
8931066,39,5,34
8931243,32,5,27
8933087,159,30,129
8933238,18,4,14
8934248,21,13,8
8936248,22,6,16
8940973,172,30,142
8941275,118,32,86
8942435,132,57,75
8944855,205,38,167
8946212,146,30,116
8946230,1,1,0
8946668,7,0,7
8946910,6,0,6
8947457,44,4,40
8947583,4,3,1
8948392,3,0,3
8950151,11,4,7
8950831,28,4,24
8951149,24,2,22
8951392,7,1,6
8952557,80,9,71
8954982,2,1,1
895525,8,3,5
895535,0,0,0
895543,23,4,19
8955438,403,95,308
895567,7,2,5
8955682,72,21,51
8958658,43,6,37
8958771,55,5,50
8958912,12,1,11
8959897,48,12,36
8960244,39,9,30
8961676,21,5,16
8961872,6,2,4
8966546,78,8,70
8966650,95,19,76
8967624,197,70,127
8968131,4,0,4
8969246,6,1,5
8969382,9,5,4
8969798,2,0,2
8969881,265,36,229
8970383,64,13,51
8970797,26,2,24
8970929,467,99,368
8971531,146,39,107
8971542,8,1,7
8971557,30,9,21
8971725,244,42,202
897581,388,102,286
8976173,4,0,4
8977182,9,3,6
8977965,16,6,10
8978281,97,24,73
8978406,31,15,16
89787,2,0,2
8978873,0,0,0
8979235,21,3,18
8980378,26,16,10
8980461,28,2,26
8980686,57,20,37
8981035,18,10,8
8981484,44,17,27
8981498,4,2,2
89816,114,42,72
8982581,27,25,2
8982810,36,4,32
8983222,10,3,7
8983403,9,6,3
8983525,34,7,27
8983679,20,5,15
8984237,10,1,9
8984274,59,24,35
8984617,23,5,18
8984935,128,36,92
8985477,362,104,258
8985838,29,12,17
89870,270,103,167
8988427,38,12,26
8988809,536,150,386
8989885,152,48,104
8990662,23,4,19
8991709,32,12,20
8991892,29,9,20
8991901,6,0,6
8992126,4,0,4
8992295,26,26,0
8992745,2,1,1
8992819,5,0,5
899399,87,12,75
899445,463,161,302
899636,264,92,172
8996903,230,67,163
8997122,41,10,31
899747,160,20,140
8997902,3,1,2
8998204,2,0,2
8999659,5,3,2
9000465,1,0,1
900063,101,20,81
9000700,13,3,10
9001449,4,1,3
9001627,10,2,8
9002199,75,17,58
9002435,7,0,7
9003353,10,7,3
9003432,272,101,171
9004493,28,10,18
9005149,247,109,138
9005180,37,10,27
9005597,0,0,0
9005829,9,0,9
9008129,296,139,157
9009746,69,27,42
9010144,19,17,2
9010170,13,4,9
9011055,66,33,33
9011095,215,149,66
9011300,3,1,2
9011312,11,1,10
901300,152,17,135
9017730,149,61,88
9018097,40,10,30
9018789,4,3,1
9020245,7,3,4
9020257,116,26,90
9020269,3,0,3
9020680,47,10,37
9020973,288,112,176
9021363,215,53,162
9021459,38,15,23
9023313,44,19,25
9023676,8,3,5
9023679,229,87,142
9030118,20,14,6
9033618,0,0,0
903390,115,22,93
9036081,5,1,4
9036469,2,0,2
9037999,53,17,36
9038381,36,16,20
9038671,99,23,76
9039069,39,20,19
9039127,42,14,28
9041006,9,4,5
9041816,38,10,28
9041832,233,52,181
9042088,7,1,6
9042240,131,32,99
9043648,0,1,-1
9043733,118,57,61
9044693,8,2,6
9046849,1834,191,1643
904703,280,50,230
9049147,154,37,117
90522,64,13,51
9053842,28,2,26
9053979,129,27,102
90549,267,53,214
9055344,83,25,58
905687,311,81,230
9058943,3,0,3
9059004,65,28,37
9059217,14,7,7
9059720,486,117,369
9060339,190,42,148
9063777,346,60,286
906474,8,0,8
9064907,90,22,68
906512,355,75,280
90663,41,23,18
90681,212,126,86
9069110,9,5,4
9069665,113,30,83
90700,868,506,362
9070440,99,21,78
9070625,9,5,4
9070843,10,3,7
9070954,42,18,24
9071321,24,8,16
9071573,43,5,38
9071702,273,44,229
9073534,54,14,40
9073681,31,4,27
9075379,83,34,49
9075881,46,10,36
9076376,5,5,0
9076889,0,0,0
9077041,49,12,37
9077263,2,1,1
907964,164,43,121
9080867,1,0,1
9083780,0,0,0
9085336,117,41,76
9085339,43,20,23
9085678,97,16,81
9086101,11,4,7
9086488,8,5,3
9086894,11,2,9
9087540,100,45,55
9087606,42,7,35
9087731,4,3,1
9088123,4,2,2
9089009,198,74,124
9089518,8,3,5
9091197,143,48,95
9091612,29,20,9
9092502,5,1,4
9092859,419,106,313
9093050,83,22,61
909348,440,104,336
9094254,69,23,46
9094386,5,0,5
9094594,6,3,3
9094917,6,0,6
9098731,14,1,13
9098969,5,2,3
9099411,4,2,2
9099968,53,25,28
9100990,2,1,1
9101009,78,17,61
9101592,21,11,10
9102317,4,2,2
9102374,4,3,1
910252,344,89,255
9102818,0,0,0
9103246,90,27,63
9103401,30,5,25
9103658,82,42,40
9104440,49,22,27
9104819,52,20,32
910484,43,27,16
910501,203,62,141
9105224,211,78,133
9105463,46,4,42
910607,19,7,12
910626,6,3,3
910648,44,8,36
9107225,180,86,94
9107265,210,63,147
910783,11,3,8
9108655,31,4,27
9108814,163,54,109
9108973,14,2,12
9109476,276,66,210
9109983,259,46,213
9110565,261,70,191
9111194,122,34,88
9111812,52,13,39
9114518,9,5,4
9114540,2,5,-3
9114732,6,2,4
9115869,18,2,16
9116140,235,84,151
9121307,98,15,83
9121383,1,2,-1
9121835,10,1,9
9122049,1,0,1
9122804,5,0,5
9122882,27,7,20
9124638,39,17,22
9125083,4,4,0
9125205,0,0,0
9125624,12,1,11
9125800,41,9,32
9126003,88,43,45
9127324,53,18,35
9127647,6,6,0
9127704,42,8,34
9128259,3,2,1
9128318,12,6,6
9128604,116,23,93
9130035,23,3,20
9130404,21,4,17
9130452,81,34,47
9131457,177,70,107
9131965,13,4,9
9132018,143,28,115
9132431,30,3,27
9133028,201,84,117
9133338,0,0,0
9133894,4,2,2
9134203,0,0,0
9134750,8,6,2
9135195,33,9,24
9136177,151,71,80
9136760,53,7,46
9136780,17,7,10
9141957,1,1,0
914211,405,71,334
9142124,122,47,75
9142266,0,0,0
9143095,18,5,13
9143710,153,19,134
9144413,42,16,26
9144423,15,3,12
9144477,22,8,14
9145797,4,0,4
9146471,2,0,2
9149087,0,0,0
9149371,193,32,161
9149472,39,6,33
9149528,12,2,10
9149553,0,0,0
9149768,23,8,15
9151004,473,109,364
9152364,222,32,190
9152682,53,4,49
9153694,215,74,141
9154512,83,19,64
9154797,20,3,17
9155099,313,46,267
9155346,5,1,4
915878,44,1,43
9160837,46,11,35
9161068,4,1,3
9161127,661,123,538
9162128,0,0,0
9164800,160,45,115
9165540,72,18,54
9166328,10,2,8
9166810,496,170,326
9168093,5,4,1
916905,159,64,95
9169738,51,15,36
9169745,22,15,7
9171130,0,0,0
9171295,37,7,30
9172016,9,4,5
9172547,195,74,121
917570,114,47,67
9176745,106,27,79
9177303,34,12,22
9177425,23,8,15
917793,13,5,8
9178278,106,10,96
9178603,61,21,40
9178635,24,7,17
9179314,35,18,17
9180335,277,114,163
9181205,15,4,11
9181657,287,75,212
9181701,18,6,12
9183006,3,3,0
9183594,1,0,1
9183696,15,6,9
9186212,4,1,3
9188277,13,4,9
9190534,174,83,91
9190964,59,11,48
9191313,70,16,54
9191887,6,0,6
919227,19,16,3
9192486,63,14,49
919261,336,82,254
9193827,137,26,111
919506,96,60,36
9196444,2,0,2
9196630,25,4,21
919702,26,4,22
9198395,91,30,61
919953,42,20,22
9199660,12,0,12
9199800,16,3,13
9201286,129,56,73
9203635,106,36,70
9204561,0,0,0
9207744,47,23,24
9208383,51,7,44
9208728,112,24,88
9208941,3,1,2
920932,88,38,50
9211765,620,322,298
9212276,2,1,1
9214081,4,2,2
9214115,53,8,45
9214702,3,1,2
9215044,54,17,37
9215379,6,3,3
9215567,52,15,37
9216407,8,2,6
9222038,139,27,112
9223283,39,12,27
9225209,3,2,1
9225229,88,9,79
9225662,49,4,45
9227659,154,64,90
9228235,116,32,84
9228625,162,49,113
9229632,249,46,203
9230205,8,3,5
9230466,12,4,8
9231352,112,14,98
923166,32,18,14
9231777,128,27,101
9234523,62,18,44
9234682,42,13,29
9235940,25,5,20
9236221,218,60,158
9236964,28,21,7
9237676,130,44,86
92399,788,312,476
9240412,0,0,0
9241903,30,16,14
9243708,0,0,0
9243873,39,6,33
9244012,516,182,334
924437,239,62,177
9244494,384,50,334
9245265,0,0,0
9245271,0,0,0
9245876,5,5,0
9246146,0,0,0
9246937,5,3,2
9248875,42,9,33
9248923,231,79,152
9248952,80,23,57
9249756,222,50,172
9249979,444,266,178
9250073,7,2,5
9250522,62,14,48
9250740,35,6,29
9250866,91,28,63
9251365,204,58,146
9251532,13,0,13
9252153,44,3,41
9252230,331,116,215
9252952,207,24,183
925390,391,92,299
9254799,0,0,0
925550,23,2,21
9255579,6,3,3
9255737,109,24,85
9257162,139,24,115
9257848,62,19,43
9258481,59,16,43
9258791,170,60,110
9259367,5,0,5
9259970,56,32,24
9263656,6,2,4
9263921,7,4,3
92644,456,67,389
9264938,6,0,6
9265497,142,41,101
9266007,33,4,29
926634,424,104,320
9266357,15,9,6
9266450,13,1,12
926695,601,172,429
926708,369,81,288
9267697,2,0,2
9267847,421,59,362
9269264,17,7,10
9269515,69,12,57
9270731,30,4,26
9271196,24,8,16
927136,48,40,8
9271445,40,23,17
9273720,0,0,0
927413,489,204,285
9274263,60,15,45
9276225,43,13,30
9276456,0,0,0
9277098,3,1,2
9277626,5,0,5
9277942,63,15,48
9280636,37,8,29
9285397,12,5,7
928588,62,15,47
9286479,90,10,80
9286629,42,9,33
928721,344,65,279
9287515,42,32,10
9288451,7,2,5
9288608,144,49,95
9288984,21,6,15
9289593,347,48,299
9290511,17,4,13
929106,161,68,93
9291219,254,46,208
9292532,1,0,1
9293523,55,17,38
9294401,220,55,165
9298145,6,5,1
9299494,33,6,27
9300045,0,0,0
9300438,987,243,744
9300511,5,4,1
93015,44,20,24
9303277,15,3,12
9304210,3,1,2
9305262,51,7,44
9305550,161,71,90
9305850,3,2,1
9306445,2,0,2
930652,90,29,61
9306694,36,10,26
9307180,17,3,14
9307481,107,42,65
9308992,2,0,2
9310841,45,13,32
9312907,82,15,67
9313066,0,0,0
9315607,74,12,62
9317068,16,7,9
9317481,172,49,123
9317694,26,20,6
9320543,19,6,13
9321324,80,37,43
9321823,1,1,0
9322216,10,5,5
9322664,20,2,18
9323507,88,33,55
9323880,45,28,17
9324464,66,13,53
9324720,2,0,2
9324763,147,40,107
9325846,86,25,61
9326177,44,12,32
9326222,161,44,117
93263,40,18,22
9330042,2,0,2
9331191,177,69,108
9332579,33,15,18
9333548,37,12,25
9336518,11,7,4
933668,480,74,406
9337900,12,0,12
9338816,37,7,30
9339071,73,32,41
933911,46,20,26
9339878,1,2,-1
934148,89,50,39
9342065,51,15,36
9342200,94,26,68
9343097,140,24,116
9343167,21,11,10
9343200,3,3,0
934366,440,91,349
9346273,5,0,5
9346403,15,6,9
9347503,152,52,100
9347518,161,58,103
9348000,8,0,8
9348204,60,15,45
9348255,38,9,29
9349568,60,14,46
93500,141,32,109
935303,65,19,46
9354106,3,0,3
9354241,11,5,6
9354599,0,0,0
9355511,6,4,2
9355547,3,1,2
9355827,207,24,183
9355901,15,4,11
9355955,6,3,3
9356748,62,27,35
9357021,103,30,73
9358044,78,19,59
9358518,142,32,110
9358669,56,22,34
9358812,49,7,42
9361322,172,50,122
9362169,14,4,10
9362604,8,0,8
9362920,7,9,-2
9362993,0,0,0
9363701,56,14,42
9363888,18,8,10
9363993,4,1,3
9364501,3,1,2
9367015,6,0,6
9367051,73,23,50
9367201,0,1,-1
9367438,5,5,0
9368082,65,12,53
9368314,72,34,38
9368668,117,13,104
9368919,0,0,0
9371462,14,5,9
9376251,203,47,156
9376593,131,46,85
9376679,13,3,10
9377429,44,7,37
93779,43,22,21
93783,58,17,41
9378356,21,5,16
9379004,180,74,106
9379373,3,0,3
9379633,12,3,9
9380725,11,3,8
9381988,1,2,-1
9383590,29,10,19
9383911,289,37,252
9384204,13,1,12
9384616,6,0,6
9385813,8,6,2
9386478,3,1,2
9387240,3,1,2
9388737,21,17,4
938905,492,226,266
9390499,45,9,36
9391266,90,10,80
9391400,13,0,13
939244,80,11,69
939566,22,8,14
9396624,128,36,92
9396769,209,68,141
9396995,3,1,2
9397153,4,2,2
9397545,125,26,99
9399009,14,1,13
9399061,44,18,26
9399796,5,1,4
9401080,266,80,186
9401106,38,14,24
9401856,22,6,16
9401857,8,2,6
9403089,18,5,13
9403141,3,2,1
940344,67,26,41
9403689,16,4,12
9404215,11,5,6
9404957,345,118,227
9405706,0,0,0
9405884,3,0,3
9407498,3,1,2
940945,221,64,157
9409799,260,67,193
9409927,11,3,8
9410119,16,2,14
9410201,300,46,254
941306,101,36,65
94138,94,29,65
941492,108,38,70
9417632,13,3,10
9419033,46,12,34
9419288,40,10,30
9420390,59,16,43
9421869,0,1,-1
9423226,4,3,1
9423291,93,41,52
9424373,10,2,8
9425188,73,13,60
9425208,436,77,359
942705,431,184,247
942747,48,6,42
9427547,0,0,0
9427561,32,6,26
9429804,65,12,53
9431238,15,5,10
9431346,9,1,8
9432483,128,38,90
943363,148,20,128
9438816,181,28,153
9439634,8,0,8
9440753,112,34,78
9441136,28,15,13
9441461,0,0,0
9441984,3,0,3
9442067,1,1,0
9442641,36,7,29
9442875,89,25,64
944289,116,63,53
9444330,45,21,24
9444825,0,0,0
9445879,88,33,55
9446097,49,19,30
9446757,29,15,14
9447772,112,30,82
9449264,18,6,12
9451312,65,22,43
945424,386,137,249
9454659,143,32,111
945484,14,4,10
9455879,13,12,1
9456214,6,6,0
945717,705,79,626
9457444,160,31,129
9459226,0,0,0
9459279,13,1,12
9459373,27,7,20
9460205,72,11,61
9460295,97,27,70
9461266,57,7,50
9461833,114,20,94
9462090,2,0,2
9462629,36,7,29
9463331,115,20,95
9463530,25,5,20
946546,151,31,120
946606,82,24,58
9466199,0,0,0
9467373,2,2,0
9467699,16,3,13
9467979,4,0,4
9468657,5,1,4
946888,299,66,233
9469132,1,2,-1
9469841,9,5,4
9470175,35,10,25
9470820,5,5,0
9471194,54,9,45
947195,36,2,34
947200,7,5,2
9472199,0,0,0
9472380,5,0,5
9472481,35,10,25
9472507,314,70,244
9472739,105,31,74
9473541,0,0,0
9473868,4,2,2
9474977,141,12,129
9475348,56,17,39
9475698,254,45,209
9476054,7,1,6
9476163,0,1,-1
947676,15,2,13
9481581,119,22,97
9482461,100,40,60
9482718,1,0,1
9483065,10,4,6
9483671,59,12,47
9483774,34,2,32
9483813,114,30,84
9483917,55,25,30
948461,165,27,138
9485037,3,0,3
9485316,0,0,0
9486515,0,0,0
9486975,19,2,17
9487062,26,14,12
9488431,17,9,8
9488528,83,9,74
9488560,1,0,1
9488991,17,9,8
9489252,59,17,42
9489788,0,0,0
9490826,43,11,32
9491347,138,24,114
9491943,24,6,18
9493240,2,1,1
9493277,8,0,8
9497764,3,2,1
949787,536,93,443
9499223,9,0,9
9499283,2,0,2
9499966,188,73,115
9500158,15,2,13
9500294,0,0,0
9500712,0,0,0
9500966,403,161,242
9500998,14,0,14
9501035,12,2,10
9501965,7,1,6
9502793,51,11,40
9503055,32,3,29
9503440,2,1,1
9503955,25,8,17
9504778,170,33,137
9505611,4,0,4
9505778,56,21,35
9506551,234,104,130
9506821,51,25,26
9507080,159,35,124
9507938,2,2,0
9508129,2,0,2
9508199,165,27,138
950838,129,26,103
9510263,10,3,7
9511304,140,38,102
9511306,25,4,21
9511642,263,63,200
9511714,0,0,0
9512335,3,5,-2
9517151,56,15,41
9518030,0,1,-1
9518304,194,50,144
9518359,70,29,41
9518788,8,5,3
9519190,2,0,2
9520659,69,9,60
9521552,65,27,38
9522180,213,18,195
9522246,2,1,1
9522632,9,5,4
9524533,50,15,35
9524760,17,3,14
952529,226,66,160
9527125,431,167,264
9528437,31,14,17
9531630,3,3,0
9531664,4,1,3
953350,75,12,63
9536388,20,1,19
9536442,4,0,4
9537177,595,108,487
9537720,29,12,17
9538044,2,3,-1
9538841,0,0,0
9539233,77,26,51
9539477,9,3,6
9539685,183,52,131
9540461,11,4,7
9540652,12,1,11
9541144,96,12,84
9541314,101,20,81
9541642,54,11,43
954168,70,19,51
9542109,36,15,21
9542471,85,14,71
9542660,4,0,4
9542748,5,2,3
9542845,14,7,7
954662,79,30,49
9546687,76,32,44
9546960,12,9,3
9547010,55,14,41
9547211,22,7,15
9547347,0,0,0
9552307,72,11,61
9553899,23,5,18
9553912,1,1,0
9554056,22,13,9
9555397,7,0,7
9557242,1,1,0
9557662,3,0,3
9559550,23,4,19
9560826,37,18,19
9561775,108,48,60
9562111,9,0,9
9562253,7,2,5
9563030,40,4,36
956310,168,60,108
956415,41,16,25
9567079,112,18,94
9568054,87,32,55
9568316,12,7,5
9568415,30,26,4
9568440,317,50,267
9568511,7,4,3
9568906,25,18,7
9569373,6,0,6
9569720,3,0,3
9570432,13,1,12
9570490,57,24,33
9570739,5,1,4
9570975,1,0,1
9571165,0,0,0
9572033,62,5,57
9572167,18,5,13
9573493,7,1,6
9574954,14,5,9
9575793,12,4,8
9575939,7,1,6
9575980,3,1,2
9576334,5,4,1
957726,267,44,223
957861,742,127,615
9581398,5,2,3
9582162,6,1,5
9582306,3,0,3
9582353,46,20,26
9582415,108,21,87
958304,21,9,12
958329,62,19,43
9583437,12,4,8
958383,839,158,681
9584077,40,4,36
9585374,2,1,1
9585951,217,41,176
9586627,58,26,32
9586969,10,4,6
9588748,5,0,5
9588943,535,104,431
9589595,182,33,149
959041,966,375,591
959050,50,13,37
9590502,123,74,49
9590517,81,8,73
9591290,1,0,1
9591335,187,20,167
9591691,7,0,7
9592188,22,10,12
9593383,40,20,20
9593832,71,53,18
9599740,3,4,-1
9599752,293,47,246
9600772,20,11,9
9600864,248,54,194
9601201,0,0,0
9601349,0,0,0
9601549,24,8,16
9601632,18,2,16
9601641,19,4,15
9601890,345,111,234
9601987,212,45,167
960199,0,1,-1
9602246,19,4,15
9602749,182,53,129
960280,150,30,120
9603684,0,0,0
9604117,11,1,10
9604497,73,34,39
9604549,4,2,2
9604777,202,57,145
9604984,3,0,3
96052,206,83,123
9605864,37,24,13
9605883,40,5,35
9606394,119,32,87
9606685,52,17,35
9607753,59,5,54
9608806,15,2,13
9610094,89,14,75
9610131,6,3,3
9610357,64,31,33
9610745,25,10,15
9611600,70,19,51
9612576,7,0,7
961358,23,11,12
9614152,63,15,48
9614392,7,0,7
9614407,29,7,22
9619479,74,28,46
9619492,55,10,45
9620293,2,0,2
9620339,115,15,100
9620395,10,4,6
9620675,7,2,5
9620797,12,7,5
9622441,6,3,3
9622866,158,107,51
9623063,7,4,3
9625082,0,0,0
9625591,35,13,22
9628864,38,14,24
962977,11,6,5
9632212,0,0,0
9632691,1,0,1
9633205,29,11,18
9633236,20,3,17
9633882,20,11,9
9634529,0,0,0
9637665,64,20,44
9639191,0,0,0
9639628,111,35,76
9639711,0,3,-3
9640579,77,25,52
9641409,6,5,1
9641594,42,7,35
9641609,40,11,29
9641642,54,23,31
9641744,0,0,0
964194,645,144,501
9642037,122,84,38
9642052,108,25,83
9642594,39,36,3
9642962,45,14,31
9643201,277,115,162
9644066,3,0,3
9644401,70,23,47
9644846,13,4,9
9645069,2,2,0
964547,91,13,78
964560,106,13,93
9647515,84,18,66
9647907,9,2,7
9649866,92,15,77
9650451,1,2,-1
9650919,4,1,3
9651210,9,4,5
9651999,32,19,13
9655562,11,6,5
9656138,32,7,25
9656384,13,3,10
965692,34,10,24
9657200,9,3,6
9658767,3,1,2
9658999,3,1,2
9659220,89,38,51
9659691,52,14,38
9660423,1,1,0
9662314,47,24,23
9665017,110,41,69
9665686,286,81,205
9665772,44,7,37
9666056,3,0,3
9666382,4,1,3
9666936,0,0,0
9667721,10,3,7
9671724,145,57,88
9672294,14,2,12
9672684,1,0,1
9672832,129,29,100
9673008,152,59,93
9673010,225,40,185
9673174,1077,170,907
9674577,68,14,54
9675134,16,1,15
9678017,22,5,17
9678181,17,11,6
9678644,4,0,4
967889,28,11,17
9681384,22,3,19
9682319,27,10,17
9682346,77,15,62
9683069,7,4,3
9686034,3,0,3
9686990,0,0,0
9687839,26,13,13
9688600,44,8,36
9689249,3,1,2
9690576,2,1,1
9690785,6,3,3
9691113,232,46,186
9692038,12,6,6
9692105,1,1,0
969272,197,56,141
969284,43,15,28
9693045,26,10,16
9693910,16,0,16
9693931,123,21,102
9694408,90,69,21
9694644,6,4,2
9695816,56,22,34
9695830,3,0,3
9696223,0,0,0
9696398,46,6,40
969805,218,96,122
9701274,1,3,-2
9701569,49,24,25
9701633,5,2,3
9701814,164,40,124
9702113,3,1,2
9702142,76,29,47
9702769,3,3,0
9703020,17,1,16
9703053,89,14,75
9703429,168,21,147
9703470,13,3,10
9703520,6,1,5
9703699,25,5,20
9704041,100,26,74
9704284,9,0,9
970465,96,12,84
9704801,78,23,55
9704848,128,24,104
9705312,4,0,4
9705518,17,6,11
9705744,74,33,41
9706020,118,30,88
9706415,111,36,75
970650,206,40,166
970701,718,194,524
9707335,9,3,6
9708312,0,0,0
970927,571,120,451
9709741,143,27,116
9709813,5,1,4
9710076,91,30,61
9711813,36,10,26
9712219,176,20,156
9712289,6,5,1
9712512,0,0,0
9712956,32,15,17
9712983,65,24,41
9713050,16,12,4
9713852,10,1,9
9713994,144,71,73
97178,891,163,728
971844,8,3,5
9719608,6,1,5
972147,12,9,3
9721734,33,4,29
9721781,20,8,12
9721825,42,16,26
9721936,2,1,1
9722298,10,2,8
9723161,56,6,50
9723173,163,16,147
9724004,115,38,77
9724006,58,21,37
9724365,96,9,87
9724887,6,3,3
9725262,20,12,8
9725574,52,16,36
972574,172,44,128
972636,243,49,194
9726704,17,8,9
972717,529,190,339
9727655,5,0,5
9727836,195,64,131
972824,838,155,683
9728409,197,60,137
9728744,9,9,0
9729045,34,19,15
9729173,0,1,-1
9729219,151,94,57
9729434,32,11,21
9729637,40,14,26
9729697,39,9,30
9730549,26,3,23
9731112,10,1,9
9731220,0,0,0
9732158,20,3,17
9732190,0,0,0
9732483,1,0,1
9732907,4,0,4
973332,238,55,183
9733856,17,12,5
9733986,5,3,2
9734446,24,6,18
9734911,155,65,90
9735849,150,31,119
9735991,48,15,33
974127,138,59,79
9741511,40,10,30
9741900,140,39,101
9742789,148,27,121
9743406,171,38,133
9743681,145,67,78
9743723,202,79,123
9744537,0,0,0
9744765,9,0,9
9745160,72,14,58
9745250,0,0,0
9745514,160,71,89
974736,39,6,33
9747435,0,1,-1
9747976,3,2,1
9749005,417,115,302
9749755,6,0,6
9750293,291,85,206
97506,91,27,64
9750994,37,13,24
9751604,26,4,22
9751730,562,150,412
9753161,69,8,61
975497,31,9,22
9755055,6,2,4
9755116,4,1,3
9755194,4,0,4
9755706,23,2,21
97583,244,39,205
9760037,8,2,6
9763259,1,0,1
9763439,4,0,4
9763516,66,7,59
9764102,2,2,0
976422,178,59,119
9765046,34,7,27
9765146,25,3,22
9765691,112,10,102
9766168,7,3,4
9766266,155,15,140
9767505,0,0,0
9768586,20,7,13
9768672,27,4,23
9769063,46,22,24
976932,142,17,125
9769683,48,14,34
9769911,73,15,58
9769923,179,73,106
9770212,2,1,1
9771189,3,3,0
9771473,2,0,2
9771545,17,10,7
9772026,2,0,2
9772630,6,0,6
9773320,2,1,1
9773500,41,9,32
9773546,1,0,1
9774641,437,123,314
9776194,2,10,-8
9776556,0,0,0
9782159,66,39,27
9782192,222,96,126
9783516,0,0,0
9783652,5,3,2
9785247,0,0,0
9785410,149,63,86
9785523,40,18,22
9785954,208,42,166
9786658,1,1,0
9787602,107,39,68
9787719,150,50,100
9787800,149,37,112
9787951,91,25,66
9788233,1,0,1
9789217,12,0,12
978971,50,5,45
9790132,205,48,157
9790193,21,8,13
9791113,5,3,2
9792246,397,85,312
9792374,50,11,39
9792614,143,23,120
9793487,1,0,1
9793726,17,4,13
979404,62,28,34
9794272,43,7,36
9794594,401,96,305
97974,199,67,132
979753,80,33,47
9799219,7,0,7
9800132,10,4,6
9800352,29,11,18
9800588,262,31,231
9800874,22,8,14
9801527,2,1,1
9802386,3,0,3
9802762,578,174,404
9802781,2,0,2
980289,210,89,121
9802979,22,9,13
980387,56,16,40
9803960,40,14,26
9804811,9,6,3
9805112,5,0,5
9806211,0,0,0
9806300,7,0,7
9806891,84,27,57
9807146,168,59,109
9807562,6,2,4
9808330,14,7,7
9808937,0,0,0
9811622,0,0,0
981168,4,0,4
981192,326,28,298
981335,213,88,125
981443,82,20,62
9815898,15,1,14
981654,82,22,60
9816560,75,11,64
9816629,10,1,9
9816962,30,10,20
981710,223,34,189
9817327,308,116,192
9817837,5,7,-2
9818077,128,45,83
9818103,24,8,16
9819339,1,0,1
982003,166,74,92
9820596,13,3,10
9821548,214,83,131
9822179,88,10,78
9822904,43,16,27
9823009,264,93,171
9823522,3,0,3
9824566,337,127,210
9825060,269,108,161
98271,13,7,6
9830821,10,2,8
9831098,54,18,36
9832129,3,0,3
9832548,25,10,15
9832743,49,19,30
9832755,146,53,93
9832855,34,6,28
9833162,38,14,24
9835030,24,5,19
983555,34,6,28
983697,298,114,184
9838273,23,8,15
9838451,26,12,14
9839182,31,7,24
9839899,1,2,-1
9840894,3,0,3
9840981,54,8,46
9841309,33,7,26
9841576,19,10,9
9841989,22,5,17
9842439,37,12,25
9842950,2,1,1
9848279,107,51,56
9850112,39,8,31
9850165,59,31,28
9850812,2,2,0
9851304,7,2,5
985137,155,30,125
9851525,10,4,6
9851854,195,87,108
9853025,0,0,0
985343,37,10,27
98541,76,28,48
985438,4,0,4
9855007,62,18,44
9855310,41,9,32
9856231,66,22,44
9856496,283,30,253
9857235,130,64,66
9858208,178,95,83
9858591,158,32,126
9858598,7,1,6
9859016,138,70,68
9859401,254,83,171
9859756,80,28,52
9859808,24,2,22
9860778,38,21,17
9860808,103,18,85
9860911,0,0,0
9861055,326,104,222
9861113,0,0,0
9862034,220,124,96
9862040,42,18,24
9862094,40,16,24
9862115,40,18,22
9862119,262,41,221
9862446,13,3,10
9863289,5,0,5
9863600,47,7,40
9864040,1,0,1
9869181,8,0,8
9869497,49,12,37
9870055,6,1,5
9870512,2,0,2
9872015,16,9,7
9872597,67,23,44
9872606,16,8,8
9872996,4,1,3
9873226,2,1,1
9873546,6,1,5
9873879,5,2,3
9874687,0,1,-1
98750,200,95,105
9875088,0,0,0
9875680,115,20,95
9876209,6,1,5
9877137,2,2,0
9877291,0,0,0
98776,339,48,291
9877617,0,1,-1
9877915,109,32,77
987944,15,1,14
9880916,42,16,26
9882345,105,50,55
9882394,253,76,177
9882570,6,5,1
9882834,9,5,4
9883778,3,1,2
9884291,16,2,14
9884712,7,4,3
9885757,29,6,23
9890269,586,134,452
9890514,46,10,36
9890737,46,12,34
9891924,3,0,3
9892307,2,0,2
9892619,56,26,30
9893145,36,9,27
9893425,60,13,47
9894483,0,1,-1
9896226,43,26,17
9897815,0,1,-1
9899180,3,0,3
9900426,0,0,0
9901189,15,6,9
9901236,162,41,121
9901687,2,1,1
9902663,16,1,15
9905039,24,9,15
990911,0,1,-1
991064,154,46,108
991093,33,15,18
991117,131,49,82
9912180,8,4,4
9912347,252,86,166
9912472,3,1,2
9912478,11,3,8
9912803,35,8,27
9913641,204,50,154
9914615,189,60,129
9916228,3,1,2
9917464,170,58,112
9918957,173,55,118
9919500,0,0,0
9920739,31,9,22
9921608,8,1,7
9921839,52,18,34
9922000,0,0,0
9922423,154,30,124
9923518,145,47,98
9924085,100,24,76
99241,675,156,519
9924574,3,3,0
9924795,40,8,32
9927747,65,10,55
992826,758,117,641
9929559,1,1,0
9932601,1,1,0
9932721,9,1,8
99333,169,70,99
9933872,381,82,299
993428,290,32,258
9934579,42,10,32
9935201,16,5,11
9935842,67,32,35
9935994,26,7,19
9936694,2,0,2
9936709,50,15,35
9937125,6,1,5
9938396,38,21,17
9938849,330,90,240
9940498,306,161,145
9943542,169,98,71
9944412,83,15,68
9947402,277,35,242
9947481,7,3,4
9947552,140,24,116
9947646,34,23,11
9947731,6,1,5
9947750,48,15,33
9947973,32,5,27
9948115,11,5,6
9948310,33,2,31
9948739,15,2,13
9949078,88,17,71
9949529,1,0,1
9949914,3,2,1
9950854,18,6,12
9951025,106,29,77
9951654,7,6,1
9951982,61,29,32
9952015,0,1,-1
9952209,72,13,59
9954753,85,22,63
9954890,33,14,19
9956263,0,2,-2
9956703,12,2,10
9957224,5,1,4
9957622,64,12,52
995832,656,362,294
9959192,112,36,76
996069,0,0,0
9964329,36,5,31
9964865,20,2,18
9964877,71,17,54
996490,6,3,3
9964915,171,21,150
9965953,0,0,0
9966226,12,4,8
9967072,5,3,2
9967184,22,7,15
9967230,6,3,3
9967303,19,6,13
9967708,77,14,63
9969291,3,1,2
9970323,184,44,140
9970327,0,0,0
9970787,93,33,60
9971348,1,0,1
9971617,5,2,3
9972180,0,0,0
9972438,101,31,70
9972783,12,6,6
9972804,161,54,107
9973188,101,26,75
9973401,202,85,117
9973586,7,0,7
9975003,4,1,3
9976337,40,17,23
997976,114,40,74
9980132,53,15,38
9980623,19,11,8
9981573,1,0,1
9981898,189,59,130
9982506,28,10,18
9982681,1,0,1
9983251,2,1,1
9983357,50,28,22
9983824,117,31,86
9983846,191,57,134
998578,650,140,510
9986734,89,22,67
9987092,47,13,34
9987530,8,6,2
9987581,8,1,7
9987721,9,4,5
9988403,8,2,6
9988634,107,27,80
9989091,13,8,5
9989187,0,1,-1
9989249,36,7,29
9989461,19,9,10
999147,69,10,59
9991498,20,7,13
9992437,20,2,18
9992517,2,0,2
9992644,7,7,0
9992799,48,24,24
9993644,11,2,9
9994229,225,35,190
9994471,7,0,7
9995377,2,0,2
999548,5,3,2
9996526,23,10,13
999691,235,50,185
9997517,40,15,25
999835,270,60,210
